Source,Target,Prediction,Confidence
http://human.owl#NCI_C33075,http://mouse.owl#MA_0001249,False,1.0
http://human.owl#NCI_C33743,http://mouse.owl#MA_0002390,True,1.0
http://human.owl#NCI_C12909,http://mouse.owl#MA_0002434,True,1.0
http://human.owl#NCI_C12758,http://mouse.owl#MA_0001095,True,1.0
http://human.owl#NCI_C33748,http://mouse.owl#MA_0001221,True,1.0
http://human.owl#NCI_C12262,http://mouse.owl#MA_0001615,True,1.0
http://human.owl#NCI_C49191,http://mouse.owl#MA_0000702,True,1.0
http://human.owl#NCI_C49212,http://mouse.owl#MA_0001836,True,1.0
http://human.owl#NCI_C53050,http://mouse.owl#MA_0002234,True,1.0
http://human.owl#NCI_C33178,http://mouse.owl#MA_0001320,True,1.0
http://human.owl#NCI_C12867,http://mouse.owl#MA_0001771,True,1.0
http://human.owl#NCI_C32497,http://mouse.owl#MA_0000451,True,1.0
http://human.owl#NCI_C12907,http://mouse.owl#MA_0000014,True,1.0
http://human.owl#NCI_C32296,http://mouse.owl#MA_0000789,False,1.0
http://human.owl#NCI_C33139,http://mouse.owl#MA_0001338,False,1.0
http://human.owl#NCI_C12261,http://mouse.owl#MA_0001616,True,1.0
http://human.owl#NCI_C12806,http://mouse.owl#MA_0001100,True,1.0
http://human.owl#NCI_C32742,http://mouse.owl#MA_0000470,True,1.0
http://human.owl#NCI_C12349,http://mouse.owl#MA_0000813,True,1.0
http://human.owl#NCI_C32414,http://mouse.owl#MA_0001355,True,1.0
http://human.owl#NCI_C33565,http://mouse.owl#MA_0001552,True,1.0
http://human.owl#NCI_C12437,http://mouse.owl#MA_0000166,True,1.0
http://human.owl#NCI_C13082,http://mouse.owl#MA_0002748,False,1.0
http://human.owl#NCI_C53172,http://mouse.owl#MA_0002302,True,1.0
http://human.owl#NCI_C33340,http://mouse.owl#MA_0002554,True,1.0
http://human.owl#NCI_C13041,http://mouse.owl#MA_0000004,False,1.0
http://human.owl#NCI_C12725,http://mouse.owl#MA_0002420,True,1.0
http://human.owl#NCI_C32658,http://mouse.owl#MA_0002684,True,1.0
http://human.owl#NCI_C33791,http://mouse.owl#MA_0000777,True,1.0
http://human.owl#NCI_C33627,http://mouse.owl#MA_0001460,False,1.0
http://human.owl#NCI_C12598,http://mouse.owl#MA_0000388,False,1.0
http://human.owl#NCI_C12299,http://mouse.owl#MA_0000796,True,1.0
http://human.owl#NCI_C12457,http://mouse.owl#MA_0000172,True,1.0
http://human.owl#NCI_C32656,http://mouse.owl#MA_0002683,True,1.0
http://human.owl#NCI_C49210,http://mouse.owl#MA_0001841,True,1.0
http://human.owl#NCI_C12421,http://mouse.owl#MA_0000341,True,1.0
http://human.owl#NCI_C32743,http://mouse.owl#MA_0002723,False,1.0
http://human.owl#NCI_C12992,http://mouse.owl#MA_0000756,True,1.0
http://human.owl#NCI_C49312,http://mouse.owl#MA_0001729,False,1.0
http://human.owl#NCI_C33603,http://mouse.owl#MA_0002487,True,1.0
http://human.owl#NCI_C32492,http://mouse.owl#MA_0000398,True,1.0
http://human.owl#NCI_C12499,http://mouse.owl#MA_0000237,True,1.0
http://human.owl#NCI_C12927,http://mouse.owl#MA_0000369,True,1.0
http://human.owl#NCI_C49228,http://mouse.owl#MA_0001633,True,1.0
http://human.owl#NCI_C33869,http://mouse.owl#MA_0001454,True,1.0
http://human.owl#NCI_C49313,http://mouse.owl#MA_0001730,True,1.0
http://human.owl#NCI_C33771,http://mouse.owl#MA_0000768,True,1.0
http://human.owl#NCI_C12442,http://mouse.owl#MA_0000205,True,1.0
http://human.owl#NCI_C12442,http://mouse.owl#MA_0000206,True,1.0
http://human.owl#NCI_C12679,http://mouse.owl#MA_0000060,True,1.0
http://human.owl#NCI_C52844,http://mouse.owl#MA_0001914,True,1.0
http://human.owl#NCI_C33665,http://mouse.owl#MA_0002127,True,1.0
http://human.owl#NCI_C12897,http://mouse.owl#MA_0001073,True,1.0
http://human.owl#NCI_C33205,http://mouse.owl#MA_0001326,False,1.0
http://human.owl#NCI_C32315,http://mouse.owl#MA_0001269,True,1.0
http://human.owl#NCI_C32653,http://mouse.owl#MA_0000901,False,1.0
http://human.owl#NCI_C49482,http://mouse.owl#MA_0001253,True,1.0
http://human.owl#NCI_C33121,http://mouse.owl#MA_0001347,False,1.0
http://human.owl#NCI_C33661,http://mouse.owl#MA_0002062,False,1.0
http://human.owl#NCI_C12742,http://mouse.owl#MA_0000026,True,1.0
http://human.owl#NCI_C12378,http://mouse.owl#MA_0000323,True,1.0
http://human.owl#NCI_C12899,http://mouse.owl#MA_0001039,True,1.0
http://human.owl#NCI_C33666,http://mouse.owl#MA_0002225,False,1.0
http://human.owl#NCI_C12259,http://mouse.owl#MA_0001624,True,1.0
http://human.owl#NCI_C12879,http://mouse.owl#MA_0002131,True,1.0
http://human.owl#NCI_C12683,http://mouse.owl#MA_0000436,True,1.0
http://human.owl#NCI_C12821,http://mouse.owl#MA_0001032,True,1.0
http://human.owl#NCI_C48257,http://mouse.owl#MA_0002677,False,1.0
http://human.owl#NCI_C12379,http://mouse.owl#MA_0000333,True,1.0
http://human.owl#NCI_C33661,http://mouse.owl#MA_0002053,False,1.0
http://human.owl#NCI_C32824,http://mouse.owl#MA_0002324,True,1.0
http://human.owl#NCI_C28381,http://mouse.owl#MA_0001289,True,1.0
http://human.owl#NCI_C49222,http://mouse.owl#MA_0001567,True,1.0
http://human.owl#NCI_C32683,http://mouse.owl#MA_0001659,True,1.0
http://human.owl#NCI_C12884,http://mouse.owl#MA_0002655,False,1.0
http://human.owl#NCI_C12455,http://mouse.owl#MA_0000170,True,1.0
http://human.owl#NCI_C32929,http://mouse.owl#MA_0001546,True,1.0
http://human.owl#NCI_C32661,http://mouse.owl#MA_0002519,True,1.0
http://human.owl#NCI_C49209,http://mouse.owl#MA_0001835,True,1.0
http://human.owl#NCI_C52941,http://mouse.owl#MA_0001982,True,1.0
http://human.owl#NCI_C33548,http://mouse.owl#MA_0000459,True,1.0
http://human.owl#NCI_C49482,http://mouse.owl#MA_0001251,True,1.0
http://human.owl#NCI_C33528,http://mouse.owl#MA_0000251,True,1.0
http://human.owl#NCI_C32926,http://mouse.owl#MA_0002688,True,1.0
http://human.owl#NCI_C32053,http://mouse.owl#MA_0001771,True,1.0
http://human.owl#NCI_C32056,http://mouse.owl#MA_0000417,True,1.0
http://human.owl#NCI_C12848,http://mouse.owl#MA_0001611,False,1.0
http://human.owl#NCI_C49333,http://mouse.owl#MA_0000810,True,1.0
http://human.owl#NCI_C49210,http://mouse.owl#MA_0001831,True,1.0
http://human.owl#NCI_C12500,http://mouse.owl#MA_0000255,True,1.0
http://human.owl#NCI_C32154,http://mouse.owl#MA_0001679,False,1.0
http://human.owl#NCI_C13004,http://mouse.owl#MA_0000077,True,1.0
http://human.owl#NCI_C32154,http://mouse.owl#MA_0001676,True,1.0
http://human.owl#NCI_C12292,http://mouse.owl#MA_0000259,False,1.0
http://human.owl#NCI_C49136,http://mouse.owl#MA_0000186,False,1.0
http://human.owl#NCI_C12759,http://mouse.owl#MA_0000288,True,1.0
http://human.owl#NCI_C13177,http://mouse.owl#MA_0000279,True,1.0
http://human.owl#NCI_C13004,http://mouse.owl#MA_0000076,True,1.0
http://human.owl#NCI_C12701,http://mouse.owl#MA_0000152,True,1.0
http://human.owl#NCI_C49330,http://mouse.owl#MA_0000704,True,1.0
http://human.owl#NCI_C12351,http://mouse.owl#MA_0000183,True,1.0
http://human.owl#NCI_C32933,http://mouse.owl#MA_0001756,False,1.0
http://human.owl#NCI_C32933,http://mouse.owl#MA_0001757,False,1.0
http://human.owl#NCI_C49307,http://mouse.owl#MA_0001860,True,1.0
http://human.owl#NCI_C12385,http://mouse.owl#MA_0001543,True,1.0
http://human.owl#NCI_C32561,http://mouse.owl#MA_0002325,True,1.0
http://human.owl#NCI_C32538,http://mouse.owl#MA_0002680,True,1.0
http://human.owl#NCI_C12812,http://mouse.owl#MA_0001106,True,1.0
http://human.owl#NCI_C32945,http://mouse.owl#MA_0001280,True,1.0
http://human.owl#NCI_C12353,http://mouse.owl#MA_0000941,True,1.0
http://human.owl#NCI_C49301,http://mouse.owl#MA_0001596,True,1.0
http://human.owl#NCI_C52786,http://mouse.owl#MA_0001395,True,1.0
http://human.owl#NCI_C49208,http://mouse.owl#MA_0001832,True,1.0
http://human.owl#NCI_C33162,http://mouse.owl#MA_0001349,True,1.0
http://human.owl#NCI_C32436,http://mouse.owl#MA_0002027,True,1.0
http://human.owl#NCI_C12723,http://mouse.owl#MA_0001093,True,1.0
http://human.owl#NCI_C32890,http://mouse.owl#MA_0001505,True,1.0
http://human.owl#NCI_C49243,http://mouse.owl#MA_0001539,True,1.0
http://human.owl#NCI_C32337,http://mouse.owl#MA_0001012,True,1.0
http://human.owl#NCI_C32622,http://mouse.owl#MA_0000044,True,1.0
http://human.owl#NCI_C33894,http://mouse.owl#MA_0000461,True,1.0
http://human.owl#NCI_C33581,http://mouse.owl#MA_0002063,False,1.0
http://human.owl#NCI_C33894,http://mouse.owl#MA_0000460,True,1.0
http://human.owl#NCI_C32884,http://mouse.owl#MA_0000045,False,1.0
http://human.owl#NCI_C33106,http://mouse.owl#MA_0000453,True,1.0
http://human.owl#NCI_C33611,http://mouse.owl#MA_0001220,True,1.0
http://human.owl#NCI_C52828,http://mouse.owl#MA_0001163,True,1.0
http://human.owl#NCI_C12937,http://mouse.owl#MA_0000792,True,1.0
http://human.owl#NCI_C12761,http://mouse.owl#MA_0001097,True,1.0
http://human.owl#NCI_C32764,http://mouse.owl#MA_0002321,True,1.0
http://human.owl#NCI_C32931,http://mouse.owl#MA_0001547,False,1.0
http://human.owl#NCI_C32663,http://mouse.owl#MA_0002685,True,1.0
http://human.owl#NCI_C13270,http://mouse.owl#MA_0002516,True,1.0
http://human.owl#NCI_C13147,http://mouse.owl#MA_0001591,False,1.0
http://human.owl#NCI_C33568,http://mouse.owl#MA_0002686,True,1.0
http://human.owl#NCI_C12263,http://mouse.owl#MA_0000338,True,1.0
http://human.owl#NCI_C49241,http://mouse.owl#MA_0001537,True,1.0
http://human.owl#NCI_C12260,http://mouse.owl#MA_0002560,True,1.0
http://human.owl#NCI_C32809,http://mouse.owl#MA_0001312,True,1.0
http://human.owl#NCI_C49306,http://mouse.owl#MA_0001863,True,1.0
http://human.owl#NCI_C33809,http://mouse.owl#MA_0002398,True,1.0
http://human.owl#NCI_C32808,http://mouse.owl#MA_0001311,True,1.0
http://human.owl#NCI_C12398,http://mouse.owl#MA_0000175,True,1.0
http://human.owl#NCI_C33140,http://mouse.owl#MA_0001029,True,1.0
http://human.owl#NCI_C33923,http://mouse.owl#MA_0000854,False,1.0
http://human.owl#NCI_C33826,http://mouse.owl#MA_0002070,False,1.0
http://human.owl#NCI_C32475,http://mouse.owl#MA_0001036,True,1.0
http://human.owl#NCI_C32928,http://mouse.owl#MA_0002689,True,1.0
http://human.owl#NCI_C33287,http://mouse.owl#MA_0000532,True,1.0
http://human.owl#NCI_C32692,http://mouse.owl#MA_0001709,True,1.0
http://human.owl#NCI_C25763,http://mouse.owl#MA_0001522,False,1.0
http://human.owl#NCI_C13046,http://mouse.owl#MA_0000113,True,1.0
http://human.owl#NCI_C25763,http://mouse.owl#MA_0001521,True,1.0
http://human.owl#NCI_C49240,http://mouse.owl#MA_0001536,True,1.0
http://human.owl#NCI_C33750,http://mouse.owl#MA_0002392,True,1.0
http://human.owl#NCI_C49305,http://mouse.owl#MA_0001858,True,1.0
http://human.owl#NCI_C32685,http://mouse.owl#MA_0002606,False,1.0
http://human.owl#NCI_C38669,http://mouse.owl#MA_0002664,True,1.0
http://human.owl#NCI_C52827,http://mouse.owl#MA_0001165,True,1.0
http://human.owl#NCI_C32934,http://mouse.owl#MA_0001769,False,1.0
http://human.owl#NCI_C13045,http://mouse.owl#MA_0000115,False,1.0
http://human.owl#NCI_C32833,http://mouse.owl#MA_0001534,True,1.0
http://human.owl#NCI_C53079,http://mouse.owl#MA_0002395,True,1.0
http://human.owl#NCI_C38668,http://mouse.owl#MA_0002663,True,1.0
http://human.owl#NCI_C33040,http://mouse.owl#MA_0002672,False,1.0
http://human.owl#NCI_C12608,http://mouse.owl#MA_0000127,True,1.0
http://human.owl#NCI_C32825,http://mouse.owl#MA_0001176,True,1.0
http://human.owl#NCI_C32783,http://mouse.owl#MA_0001276,True,1.0
http://human.owl#NCI_C32228,http://mouse.owl#MA_0000858,False,1.0
http://human.owl#NCI_C12809,http://mouse.owl#MA_0001358,True,1.0
http://human.owl#NCI_C48940,http://mouse.owl#MA_0001695,True,1.0
http://human.owl#NCI_C12352,http://mouse.owl#MA_0000905,True,1.0
http://human.owl#NCI_C32078,http://mouse.owl#MA_0000463,True,1.0
http://human.owl#NCI_C32666,http://mouse.owl#MA_0002306,True,1.0
http://human.owl#NCI_C12807,http://mouse.owl#MA_0001028,True,1.0
http://human.owl#NCI_C32930,http://mouse.owl#MA_0002690,True,1.0
http://human.owl#NCI_C12746,http://mouse.owl#MA_0002435,True,1.0
http://human.owl#NCI_C12759,http://mouse.owl#MA_0001096,True,1.0
http://human.owl#NCI_C12403,http://mouse.owl#MA_0000385,True,1.0
http://human.owl#NCI_C32934,http://mouse.owl#MA_0001770,True,1.0
http://human.owl#NCI_C33652,http://mouse.owl#MA_0001245,True,1.0
http://human.owl#NCI_C12421,http://mouse.owl#MA_0002474,True,1.0
http://human.owl#NCI_C12258,http://mouse.owl#MA_0002559,True,1.0
http://human.owl#NCI_C33586,http://mouse.owl#MA_0001289,True,1.0
http://human.owl#NCI_C53057,http://mouse.owl#MA_0002185,False,1.0
http://human.owl#NCI_C12808,http://mouse.owl#MA_0001105,True,1.0
http://human.owl#NCI_C33688,http://mouse.owl#MA_0001277,True,1.0
http://human.owl#NCI_C49279,http://mouse.owl#MA_0001787,True,1.0
http://human.owl#NCI_C33570,http://mouse.owl#MA_0002687,True,1.0
http://human.owl#NCI_C33572,http://mouse.owl#MA_0001562,True,1.0
http://human.owl#NCI_C12425,http://mouse.owl#MA_0000432,True,1.0
http://human.owl#NCI_C12864,http://mouse.owl#MA_0001388,True,1.0
http://human.owl#NCI_C12807,http://mouse.owl#MA_0001029,True,1.0
http://human.owl#NCI_C49141,http://mouse.owl#MA_0000995,True,1.0
http://human.owl#NCI_C49297,http://mouse.owl#MA_0001554,True,1.0
http://human.owl#NCI_C33204,http://mouse.owl#MA_0000193,True,1.0
http://human.owl#NCI_C12870,http://mouse.owl#MA_0000093,True,1.0
http://human.owl#NCI_C12996,http://mouse.owl#MA_0001109,True,1.0
http://human.owl#NCI_C12506,http://mouse.owl#MA_0000348,True,1.0
http://human.owl#NCI_C53039,http://mouse.owl#MA_0002267,True,1.0
http://human.owl#NCI_C49479,http://mouse.owl#MA_0001665,True,1.0
http://human.owl#NCI_C52707,http://mouse.owl#MA_0001596,True,1.0
http://human.owl#NCI_C12856,http://mouse.owl#MA_0001342,True,1.0
http://human.owl#NCI_C33773,http://mouse.owl#MA_0002674,True,1.0
http://human.owl#NCI_C49586,http://mouse.owl#MA_0000742,True,1.0
http://human.owl#NCI_C49479,http://mouse.owl#MA_0001669,True,1.0
http://human.owl#NCI_C52769,http://mouse.owl#MA_0000315,False,1.0
http://human.owl#NCI_C12871,http://mouse.owl#MA_0000092,True,1.0
http://human.owl#NCI_C12789,http://mouse.owl#MA_0000316,True,1.0
http://human.owl#NCI_C12671,http://mouse.owl#MA_0000025,True,1.0
http://human.owl#NCI_C12220,http://mouse.owl#MA_0000343,True,1.0
http://human.owl#NCI_C33571,http://mouse.owl#MA_0001558,True,1.0
http://human.owl#NCI_C12998,http://mouse.owl#MA_0002416,True,1.0
http://human.owl#NCI_C32397,http://mouse.owl#MA_0002283,False,1.0
http://human.owl#NCI_C32804,http://mouse.owl#MA_0001189,False,1.0
http://human.owl#NCI_C49788,http://mouse.owl#MA_0000776,True,1.0
http://human.owl#NCI_C49138,http://mouse.owl#MA_0000993,True,1.0
http://human.owl#NCI_C33400,http://mouse.owl#MA_0001710,True,1.0
http://human.owl#NCI_C12993,http://mouse.owl#MA_0000762,True,1.0
http://human.owl#NCI_C48257,http://mouse.owl#MA_0000730,False,1.0
http://human.owl#NCI_C49220,http://mouse.owl#MA_0001734,True,1.0
http://human.owl#NCI_C52697,http://mouse.owl#MA_0002151,True,1.0
http://human.owl#NCI_C33249,http://mouse.owl#MA_0001584,True,1.0
http://human.owl#NCI_C33309,http://mouse.owl#MA_0002497,False,1.0
http://human.owl#NCI_C33695,http://mouse.owl#MA_0001207,True,1.0
http://human.owl#NCI_C12268,http://mouse.owl#MA_0001542,True,1.0
http://human.owl#NCI_C12446,http://mouse.owl#MA_0000188,True,1.0
http://human.owl#NCI_C33343,http://mouse.owl#MA_0002198,True,1.0
http://human.owl#NCI_C12934,http://mouse.owl#MA_0001036,True,1.0
http://human.owl#NCI_C49260,http://mouse.owl#MA_0000751,False,1.0
http://human.owl#NCI_C12677,http://mouse.owl#MA_0001630,True,1.0
http://human.owl#NCI_C32847,http://mouse.owl#MA_0002139,False,1.0
http://human.owl#NCI_C33166,http://mouse.owl#MA_0000277,True,1.0
http://human.owl#NCI_C12386,http://mouse.owl#MA_0002693,False,1.0
http://human.owl#NCI_C12945,http://mouse.owl#MA_0000720,False,1.0
http://human.owl#NCI_C12413,http://mouse.owl#MA_0002636,False,1.0
http://human.owl#NCI_C33107,http://mouse.owl#MA_0000049,False,1.0
http://human.owl#NCI_C32931,http://mouse.owl#MA_0002695,True,1.0
http://human.owl#NCI_C12388,http://mouse.owl#MA_0000340,True,1.0
http://human.owl#NCI_C49798,http://mouse.owl#MA_0001131,True,1.0
http://human.owl#NCI_C49139,http://mouse.owl#MA_0000996,True,1.0
http://human.owl#NCI_C32344,http://mouse.owl#MA_0000371,False,1.0
http://human.owl#NCI_C33470,http://mouse.owl#MA_0000279,True,1.0
http://human.owl#NCI_C12665,http://mouse.owl#MA_0001087,True,1.0
http://human.owl#NCI_C49302,http://mouse.owl#MA_0001854,True,1.0
http://human.owl#NCI_C33581,http://mouse.owl#MA_0001983,True,1.0
http://human.owl#NCI_C32462,http://mouse.owl#MA_0002288,True,1.0
http://human.owl#NCI_C33672,http://mouse.owl#MA_0002280,True,1.0
http://human.owl#NCI_C52696,http://mouse.owl#MA_0002150,True,1.0
http://human.owl#NCI_C33693,http://mouse.owl#MA_0002026,True,1.0
http://human.owl#NCI_C13005,http://mouse.owl#MA_0000099,True,1.0
http://human.owl#NCI_C12307,http://mouse.owl#MA_0002464,False,1.0
http://human.owl#NCI_C32404,http://mouse.owl#MA_0002284,True,1.0
http://human.owl#NCI_C12429,http://mouse.owl#MA_0000007,True,1.0
http://human.owl#NCI_C12387,http://mouse.owl#MA_0000339,True,1.0
http://human.owl#NCI_C32415,http://mouse.owl#MA_0001720,False,1.0
http://human.owl#NCI_C33598,http://mouse.owl#MA_0000753,True,1.0
http://human.owl#NCI_C33142,http://mouse.owl#MA_0000902,True,1.0
http://human.owl#NCI_C32712,http://mouse.owl#MA_0000037,True,1.0
http://human.owl#NCI_C38516,http://mouse.owl#MA_0000773,True,1.0
http://human.owl#NCI_C33734,http://mouse.owl#MA_0000050,False,1.0
http://human.owl#NCI_C12854,http://mouse.owl#MA_0002555,True,1.0
http://human.owl#NCI_C52703,http://mouse.owl#MA_0002314,True,1.0
http://human.owl#NCI_C13234,http://mouse.owl#MA_0002509,True,1.0
http://human.owl#NCI_C32652,http://mouse.owl#MA_0001310,True,1.0
http://human.owl#NCI_C33356,http://mouse.owl#MA_0002743,True,1.0
http://human.owl#NCI_C32875,http://mouse.owl#MA_0002515,True,1.0
http://human.owl#NCI_C32711,http://mouse.owl#MA_0000162,False,1.0
http://human.owl#NCI_C32463,http://mouse.owl#MA_0001288,True,1.0
http://human.owl#NCI_C12469,http://mouse.owl#MA_0000433,True,1.0
http://human.owl#NCI_C49296,http://mouse.owl#MA_0001748,False,1.0
http://human.owl#NCI_C12370,http://mouse.owl#MA_0000795,False,1.0
http://human.owl#NCI_C12355,http://mouse.owl#MA_0000913,True,1.0
http://human.owl#NCI_C32573,http://mouse.owl#MA_0001630,False,1.0
http://human.owl#NCI_C33417,http://mouse.owl#MA_0001669,True,1.0
http://human.owl#NCI_C32398,http://mouse.owl#MA_0002283,True,1.0
http://human.owl#NCI_C33318,http://mouse.owl#MA_0000774,True,1.0
http://human.owl#NCI_C32402,http://mouse.owl#MA_0002284,False,1.0
http://human.owl#NCI_C12265,http://mouse.owl#MA_0001541,True,1.0
http://human.owl#NCI_C32200,http://mouse.owl#MA_0002269,True,1.0
http://human.owl#NCI_C32676,http://mouse.owl#MA_0001711,False,1.0
http://human.owl#NCI_C49321,http://mouse.owl#MA_0000715,False,1.0
http://human.owl#NCI_C48940,http://mouse.owl#MA_0001633,False,1.0
http://human.owl#NCI_C12868,http://mouse.owl#MA_0000075,True,1.0
http://human.owl#NCI_C12736,http://mouse.owl#MA_0001524,False,1.0
http://human.owl#NCI_C32572,http://mouse.owl#MA_0002602,True,1.0
http://human.owl#NCI_C12898,http://mouse.owl#MA_0001014,True,1.0
http://human.owl#NCI_C52799,http://mouse.owl#MA_0001351,True,1.0
http://human.owl#NCI_C38671,http://mouse.owl#MA_0002667,True,1.0
http://human.owl#NCI_C25774,http://mouse.owl#MA_0000305,True,1.0
http://human.owl#NCI_C12366,http://mouse.owl#MA_0001459,True,1.0
http://human.owl#NCI_C33737,http://mouse.owl#MA_0000050,False,1.0
http://human.owl#NCI_C33417,http://mouse.owl#MA_0001670,False,1.0
http://human.owl#NCI_C33068,http://mouse.owl#MA_0001281,True,1.0
http://human.owl#NCI_C12714,http://mouse.owl#MA_0001091,True,1.0
http://human.owl#NCI_C12774,http://mouse.owl#MA_0002033,True,1.0
http://human.owl#NCI_C12685,http://mouse.owl#MA_0000065,True,1.0
http://human.owl#NCI_C32557,http://mouse.owl#MA_0000898,True,1.0
http://human.owl#NCI_C38670,http://mouse.owl#MA_0002666,True,1.0
http://human.owl#NCI_C13074,http://mouse.owl#MA_0002343,True,1.0
http://human.owl#NCI_C33149,http://mouse.owl#MA_0002684,False,1.0
http://human.owl#NCI_C32213,http://mouse.owl#MA_0000710,False,1.0
http://human.owl#NCI_C32387,http://mouse.owl#MA_0001651,False,1.0
http://human.owl#NCI_C12782,http://mouse.owl#MA_0001410,True,1.0
http://human.owl#NCI_C48821,http://mouse.owl#MA_0001905,True,1.0
http://human.owl#NCI_C12443,http://mouse.owl#MA_0000185,True,1.0
http://human.owl#NCI_C12386,http://mouse.owl#MA_0000337,True,1.0
http://human.owl#NCI_C43630,http://mouse.owl#MA_0002665,True,1.0
http://human.owl#NCI_C32124,http://mouse.owl#MA_0000475,False,1.0
http://human.owl#NCI_C33291,http://mouse.owl#MA_0000293,True,1.0
http://human.owl#NCI_C33402,http://mouse.owl#MA_0002740,True,1.0
http://human.owl#NCI_C32790,http://mouse.owl#MA_0001279,True,1.0
http://human.owl#NCI_C12860,http://mouse.owl#MA_0001343,True,1.0
http://human.owl#NCI_C33573,http://mouse.owl#MA_0002696,True,1.0
http://human.owl#NCI_C12272,http://mouse.owl#MA_0000124,True,1.0
http://human.owl#NCI_C49595,http://mouse.owl#MA_0000344,False,1.0
http://human.owl#NCI_C12420,http://mouse.owl#MA_0000414,True,1.0
http://human.owl#NCI_C49252,http://mouse.owl#MA_0001778,True,1.0
http://human.owl#NCI_C32760,http://mouse.owl#MA_0001970,True,1.0
http://human.owl#NCI_C12257,http://mouse.owl#MA_0001612,True,1.0
http://human.owl#NCI_C43612,http://mouse.owl#MA_0000324,True,1.0
http://human.owl#NCI_C33281,http://mouse.owl#MA_0000855,False,1.0
http://human.owl#NCI_C12732,http://mouse.owl#MA_0001094,True,1.0
http://human.owl#NCI_C33602,http://mouse.owl#MA_0002672,True,1.0
http://human.owl#NCI_C32573,http://mouse.owl#MA_0002659,True,1.0
http://human.owl#NCI_C32702,http://mouse.owl#MA_0001708,True,1.0
http://human.owl#NCI_C49195,http://mouse.owl#MA_0000708,True,1.0
http://human.owl#NCI_C32856,http://mouse.owl#MA_0001323,True,1.0
http://human.owl#NCI_C52734,http://mouse.owl#MA_0002058,True,1.0
http://human.owl#NCI_C32086,http://mouse.owl#MA_0002722,True,1.0
http://human.owl#NCI_C32824,http://mouse.owl#MA_0001828,False,1.0
http://human.owl#NCI_C33260,http://mouse.owl#MA_0000874,True,1.0
http://human.owl#NCI_C12415,http://mouse.owl#MA_0000368,True,1.0
http://human.owl#NCI_C32090,http://mouse.owl#MA_0000854,False,1.0
http://human.owl#NCI_C49577,http://mouse.owl#MA_0001514,True,1.0
http://human.owl#NCI_C45804,http://mouse.owl#MA_0000097,False,1.0
http://human.owl#NCI_C32067,http://mouse.owl#MA_0001651,False,1.0
http://human.owl#NCI_C49577,http://mouse.owl#MA_0001513,True,1.0
http://human.owl#NCI_C33866,http://mouse.owl#MA_0000202,True,1.0
http://human.owl#NCI_C33694,http://mouse.owl#MA_0001282,True,1.0
http://human.owl#NCI_C12350,http://mouse.owl#MA_0001130,True,1.0
http://human.owl#NCI_C49767,http://mouse.owl#MA_0000812,False,1.0
http://human.owl#NCI_C32311,http://mouse.owl#MA_0001305,True,1.0
http://human.owl#NCI_C13278,http://mouse.owl#MA_0002536,True,1.0
http://human.owl#NCI_C13257,http://mouse.owl#MA_0002552,True,1.0
http://human.owl#NCI_C12392,http://mouse.owl#MA_0000358,True,1.0
http://human.owl#NCI_C33601,http://mouse.owl#MA_0002670,True,1.0
http://human.owl#NCI_C12435,http://mouse.owl#MA_0000015,True,1.0
http://human.owl#NCI_C12739,http://mouse.owl#MA_0000372,True,1.0
http://human.owl#NCI_C32924,http://mouse.owl#MA_0001544,True,1.0
http://human.owl#NCI_C32041,http://mouse.owl#MA_0001088,True,1.0
http://human.owl#NCI_C49193,http://mouse.owl#MA_0000706,True,1.0
http://human.owl#NCI_C49599,http://mouse.owl#MA_0000732,True,1.0
http://human.owl#NCI_C33607,http://mouse.owl#MA_0000758,True,1.0
http://human.owl#NCI_C32516,http://mouse.owl#MA_0002734,True,1.0
http://human.owl#NCI_C13103,http://mouse.owl#MA_0001737,True,1.0
http://human.owl#NCI_C12859,http://mouse.owl#MA_0001341,True,1.0
http://human.owl#NCI_C32164,http://mouse.owl#MA_0000254,True,1.0
http://human.owl#NCI_C53050,http://mouse.owl#MA_0002149,True,1.0
http://human.owl#NCI_C33456,http://mouse.owl#MA_0000376,True,1.0
http://human.owl#NCI_C33521,http://mouse.owl#MA_0002452,True,1.0
http://human.owl#NCI_C12700,http://mouse.owl#MA_0000215,True,1.0
http://human.owl#NCI_C33823,http://mouse.owl#MA_0001284,False,1.0
http://human.owl#NCI_C12432,http://mouse.owl#MA_0000141,True,1.0
http://human.owl#NCI_C13277,http://mouse.owl#MA_0002522,True,1.0
http://human.owl#NCI_C12836,http://mouse.owl#MA_0001010,True,1.0
http://human.owl#NCI_C32456,http://mouse.owl#MA_0002625,True,1.0
http://human.owl#NCI_C32898,http://mouse.owl#MA_0000471,True,1.0
http://human.owl#NCI_C12861,http://mouse.owl#MA_0000306,True,1.0
http://human.owl#NCI_C40411,http://mouse.owl#MA_0001587,False,1.0
http://human.owl#NCI_C32409,http://mouse.owl#MA_0001056,True,1.0
http://human.owl#NCI_C32395,http://mouse.owl#MA_0000401,True,1.0
http://human.owl#NCI_C33273,http://mouse.owl#MA_0002488,True,1.0
http://human.owl#NCI_C12837,http://mouse.owl#MA_0001012,True,1.0
http://human.owl#NCI_C32207,http://mouse.owl#MA_0002490,False,1.0
http://human.owl#NCI_C52556,http://mouse.owl#MA_0002511,True,1.0
http://human.owl#NCI_C49213,http://mouse.owl#MA_0001840,True,1.0
http://human.owl#NCI_C49314,http://mouse.owl#MA_0001731,True,1.0
http://human.owl#NCI_C33191,http://mouse.owl#MA_0002347,True,1.0
http://human.owl#NCI_C13050,http://mouse.owl#MA_0000165,True,1.0
http://human.owl#NCI_C12755,http://mouse.owl#MA_0000016,True,1.0
http://human.owl#NCI_C12470,http://mouse.owl#MA_0000151,False,1.0
http://human.owl#NCI_C49571,http://mouse.owl#MA_0000110,True,1.0
http://human.owl#NCI_C32480,http://mouse.owl#MA_0000838,False,1.0
http://human.owl#NCI_C12470,http://mouse.owl#MA_0000014,True,1.0
http://human.owl#NCI_C49214,http://mouse.owl#MA_0001837,True,1.0
http://human.owl#NCI_C12798,http://mouse.owl#MA_0000314,True,1.0
http://human.owl#NCI_C33136,http://mouse.owl#MA_0000350,True,1.0
http://human.owl#NCI_C12857,http://mouse.owl#MA_0001340,True,1.0
http://human.owl#NCI_C12772,http://mouse.owl#MA_0000177,True,1.0
http://human.owl#NCI_C33558,http://mouse.owl#MA_0000165,False,1.0
http://human.owl#NCI_C32266,http://mouse.owl#MA_0000040,True,1.0
http://human.owl#NCI_C12633,http://mouse.owl#MA_0000288,True,1.0
http://human.owl#NCI_C12773,http://mouse.owl#MA_0000178,True,1.0
http://human.owl#NCI_C38515,http://mouse.owl#MA_0002673,True,1.0
http://human.owl#NCI_C33244,http://mouse.owl#MA_0001707,True,1.0
http://human.owl#NCI_C13317,http://mouse.owl#MA_0000154,True,1.0
http://human.owl#NCI_C12698,http://mouse.owl#MA_0001631,True,1.0
