Source,Target,Prediction,Confidence
http://bioontology.org/projects/ontologies/fma/fmaOwlDlComponent_2_0#Cardiac_chamber,http://www.ihtsdo.org/snomed#Cardiac_chamber_structure,True,1.0
http://bioontology.org/projects/ontologies/fma/fmaOwlDlComponent_2_0#Deep_branch_of_lateral_plantar_nerve,http://www.ihtsdo.org/snomed#Structure_of_lateral_plantar_nerve_deep_branch,True,1.0
http://bioontology.org/projects/ontologies/fma/fmaOwlDlComponent_2_0#Intervertebral_foramen,http://www.ihtsdo.org/snomed#Structure_of_intervertebral_foramen,True,1.0
http://bioontology.org/projects/ontologies/fma/fmaOwlDlComponent_2_0#Anterior_auricular_vein,http://www.ihtsdo.org/snomed#Structure_of_anterior_auricular_vein,False,1.0
http://bioontology.org/projects/ontologies/fma/fmaOwlDlComponent_2_0#Exocrine_pancreas,http://www.ihtsdo.org/snomed#Structure_of_exocrine_pancreas,True,1.0
http://bioontology.org/projects/ontologies/fma/fmaOwlDlComponent_2_0#Right_inferior_parathyroid_gland,http://www.ihtsdo.org/snomed#Structure_of_right_inferior_parathyroid_gland,True,1.0
http://bioontology.org/projects/ontologies/fma/fmaOwlDlComponent_2_0#Transitional_epithelial_cell,http://www.ihtsdo.org/snomed#Transitional_epithelial_cell,True,1.0
http://bioontology.org/projects/ontologies/fma/fmaOwlDlComponent_2_0#Terminal_hair,http://www.ihtsdo.org/snomed#Structure_of_terminal_hair,False,1.0
http://bioontology.org/projects/ontologies/fma/fmaOwlDlComponent_2_0#Hyponychium,http://www.ihtsdo.org/snomed#Structure_of_hyponychium,False,1.0
http://bioontology.org/projects/ontologies/fma/fmaOwlDlComponent_2_0#Subcutaneous_calcaneal_bursa,http://www.ihtsdo.org/snomed#Structure_of_subcutaneous_calcaneal_bursa,True,1.0
http://bioontology.org/projects/ontologies/fma/fmaOwlDlComponent_2_0#Mandibular_nerve,http://www.ihtsdo.org/snomed#Structure_of_mandibular_nerve,True,1.0
http://bioontology.org/projects/ontologies/fma/fmaOwlDlComponent_2_0#Proximal_epiphysis_of_phalanx_of_little_toe,http://www.ihtsdo.org/snomed#Structure_of_base_of_phalanx_of_little_toe,True,1.0
http://bioontology.org/projects/ontologies/fma/fmaOwlDlComponent_2_0#Set_of_caroticotympanic_arteries,http://www.ihtsdo.org/snomed#Structure_of_caroticotympanic_artery,False,1.0
http://bioontology.org/projects/ontologies/fma/fmaOwlDlComponent_2_0#Tributary_of_angular_vein,http://www.ihtsdo.org/snomed#Structure_of_tributary_of_angular_vein,True,1.0
http://bioontology.org/projects/ontologies/fma/fmaOwlDlComponent_2_0#Sternal_articular_facet_of_clavicle,http://www.ihtsdo.org/snomed#Structure_of_sternal_facet_of_clavicle,True,1.0
http://bioontology.org/projects/ontologies/fma/fmaOwlDlComponent_2_0#Right_auricle,http://www.ihtsdo.org/snomed#Structure_of_right_auricular_appendage,True,1.0
http://bioontology.org/projects/ontologies/fma/fmaOwlDlComponent_2_0#Right_frontal_sinus,http://www.ihtsdo.org/snomed#Right_frontal_sinus_structure,True,1.0
http://bioontology.org/projects/ontologies/fma/fmaOwlDlComponent_2_0#Respiratory_bronchiole,http://www.ihtsdo.org/snomed#Structure_of_respiratory_bronchiole,False,1.0
http://bioontology.org/projects/ontologies/fma/fmaOwlDlComponent_2_0#Medial_surface_of_finger,http://www.ihtsdo.org/snomed#Structure_of_medial_surface_of_finger,True,1.0
http://bioontology.org/projects/ontologies/fma/fmaOwlDlComponent_2_0#Set_of_appendicular_lymph_nodes,http://www.ihtsdo.org/snomed#Structure_of_appendicular_lymph_node,False,1.0
http://bioontology.org/projects/ontologies/fma/fmaOwlDlComponent_2_0#Lamina_of_first_thoracic_vertebra,http://www.ihtsdo.org/snomed#Structure_of_lamina_of_first_thoracic_vertebra,True,1.0
http://bioontology.org/projects/ontologies/fma/fmaOwlDlComponent_2_0#Tendon_of_lumbrical_of_hand,http://www.ihtsdo.org/snomed#Tendon_of_lumbrical_muscle_of_hand,True,1.0
http://bioontology.org/projects/ontologies/fma/fmaOwlDlComponent_2_0#Left_side_of_heart,http://www.ihtsdo.org/snomed#Structure_of_left_side_of_heart,True,1.0
http://bioontology.org/projects/ontologies/fma/fmaOwlDlComponent_2_0#Set_of_palmar_ligaments_of_interphalangeal_joints_of_hand,http://www.ihtsdo.org/snomed#Structure_of_palmar_ligaments_of_interphalangeal_joints_of_hand,True,1.0
http://bioontology.org/projects/ontologies/fma/fmaOwlDlComponent_2_0#Caudal_central_oculomotor_nucleus,http://www.ihtsdo.org/snomed#Structure_of_oculomotor_nerve_central_caudal_nucleus,True,1.0
http://bioontology.org/projects/ontologies/fma/fmaOwlDlComponent_2_0#Subcutaneous_bursa,http://www.ihtsdo.org/snomed#Structure_of_subcutaneous_bursa,True,1.0
http://bioontology.org/projects/ontologies/fma/fmaOwlDlComponent_2_0#Right_ovarian_vein,http://www.ihtsdo.org/snomed#Structure_of_right_ovary,False,1.0
http://bioontology.org/projects/ontologies/fma/fmaOwlDlComponent_2_0#Minor_calyx,http://www.ihtsdo.org/snomed#Structure_of_minor_calyx,True,1.0
http://bioontology.org/projects/ontologies/fma/fmaOwlDlComponent_2_0#Vaginal_artery,http://www.ihtsdo.org/snomed#Structure_of_vaginal_artery,True,1.0
http://bioontology.org/projects/ontologies/fma/fmaOwlDlComponent_2_0#Anterior_branch_of_obturator_nerve,http://www.ihtsdo.org/snomed#Structure_of_obturator_nerve_anterior_branch,True,1.0
http://bioontology.org/projects/ontologies/fma/fmaOwlDlComponent_2_0#Surgical_neck_of_humerus,http://www.ihtsdo.org/snomed#Structure_of_surgical_neck_of_humerus,True,1.0
http://bioontology.org/projects/ontologies/fma/fmaOwlDlComponent_2_0#Anterior_tibial_vein,http://www.ihtsdo.org/snomed#Structure_of_anterior_tibial_vein,False,1.0
http://bioontology.org/projects/ontologies/fma/fmaOwlDlComponent_2_0#Zonular_space,http://www.ihtsdo.org/snomed#Structure_of_zonular_spaces,False,1.0
http://bioontology.org/projects/ontologies/fma/fmaOwlDlComponent_2_0#Posterior_atlanto_occipital_membrane,http://www.ihtsdo.org/snomed#Structure_of_posterior_atlantooccipital_membrane,True,1.0
http://bioontology.org/projects/ontologies/fma/fmaOwlDlComponent_2_0#Pterygopalatine_fossa,http://www.ihtsdo.org/snomed#Structure_of_pterygopalatine_fossa,False,1.0
http://bioontology.org/projects/ontologies/fma/fmaOwlDlComponent_2_0#Pericardial_artery,http://www.ihtsdo.org/snomed#Structure_of_pericardial_artery,True,1.0
http://bioontology.org/projects/ontologies/fma/fmaOwlDlComponent_2_0#Anulus_fibrosus_of_intervertebral_disk_of_sixth_thoracic_vertebra,http://www.ihtsdo.org/snomed#Structure_of_anulus_fibrosus_of_intervertebral_disc_of_sixth_thoracic_vertebra,True,1.0
http://bioontology.org/projects/ontologies/fma/fmaOwlDlComponent_2_0#Anulus_fibrosus_of_intervertebral_disk_of_third_lumbar_vertebra,http://www.ihtsdo.org/snomed#Structure_of_anulus_fibrosus_of_intervertebral_disc_of_third_lumbar_vertebra,True,1.0
http://bioontology.org/projects/ontologies/fma/fmaOwlDlComponent_2_0#Major_duodenal_papilla,http://www.ihtsdo.org/snomed#Greater_duodenal_papilla_structure,True,1.0
http://bioontology.org/projects/ontologies/fma/fmaOwlDlComponent_2_0#Inferior_epigastric_vein,http://www.ihtsdo.org/snomed#Structure_of_inferior_epigastric_vein,True,1.0
http://bioontology.org/projects/ontologies/fma/fmaOwlDlComponent_2_0#Inferior_temporal_retinal_vein,http://www.ihtsdo.org/snomed#Structure_of_inferior_retinal_temporal_vein,True,1.0
http://bioontology.org/projects/ontologies/fma/fmaOwlDlComponent_2_0#Terminal_bronchiole,http://www.ihtsdo.org/snomed#Structure_of_terminal_bronchiole,True,1.0
http://bioontology.org/projects/ontologies/fma/fmaOwlDlComponent_2_0#Superficial_lymphatic_vessel_of_thorax,http://www.ihtsdo.org/snomed#Structure_of_superficial_lymphatic_vessel_of_thorax,True,1.0
http://bioontology.org/projects/ontologies/fma/fmaOwlDlComponent_2_0#Spinous_process_of_thoracic_vertebra,http://www.ihtsdo.org/snomed#Structure_of_spinous_process_of_vertebra,True,1.0
http://bioontology.org/projects/ontologies/fma/fmaOwlDlComponent_2_0#Ventral_corticospinal_tract,http://www.ihtsdo.org/snomed#Structure_of_ventral_corticospinal_tract,True,1.0
http://bioontology.org/projects/ontologies/fma/fmaOwlDlComponent_2_0#Skin_of_upper_trunk,http://www.ihtsdo.org/snomed#Skin_structure_of_upper_trunk,True,1.0
http://bioontology.org/projects/ontologies/fma/fmaOwlDlComponent_2_0#Hyaloid_fossa,http://www.ihtsdo.org/snomed#Structure_of_hyaloid_fossa,True,1.0
http://bioontology.org/projects/ontologies/fma/fmaOwlDlComponent_2_0#Interosseous_nerve_of_leg,http://www.ihtsdo.org/snomed#Structure_of_interosseous_crural_nerve,False,1.0
http://bioontology.org/projects/ontologies/fma/fmaOwlDlComponent_2_0#Patellofemoral_joint,http://www.ihtsdo.org/snomed#Structure_of_patellofemoral_joint,False,1.0
http://bioontology.org/projects/ontologies/fma/fmaOwlDlComponent_2_0#Orbital_margin,http://www.ihtsdo.org/snomed#Orbital_margin_structure,True,1.0
http://bioontology.org/projects/ontologies/fma/fmaOwlDlComponent_2_0#Sustentaculum_tali,http://www.ihtsdo.org/snomed#Structure_of_sustentaculum_tali,True,1.0
http://bioontology.org/projects/ontologies/fma/fmaOwlDlComponent_2_0#Optic_recess_of_third_ventricle,http://www.ihtsdo.org/snomed#Structure_of_optic_recess_of_third_ventricle,True,1.0
http://bioontology.org/projects/ontologies/fma/fmaOwlDlComponent_2_0#Accessory_cuneate_nucleus,http://www.ihtsdo.org/snomed#Structure_of_accessory_cuneate_nucleus,False,1.0
http://bioontology.org/projects/ontologies/fma/fmaOwlDlComponent_2_0#Body_of_fourth_rib,http://www.ihtsdo.org/snomed#Structure_of_shaft_of_fourth_rib,True,1.0
http://bioontology.org/projects/ontologies/fma/fmaOwlDlComponent_2_0#Set_of_lobules_of_thymus,http://www.ihtsdo.org/snomed#Structure_of_thymic_lobule,True,1.0
http://bioontology.org/projects/ontologies/fma/fmaOwlDlComponent_2_0#Lacrimal_caruncle,http://www.ihtsdo.org/snomed#Lacrimal_caruncle_structure,True,1.0
http://bioontology.org/projects/ontologies/fma/fmaOwlDlComponent_2_0#Tubercle_of_seventh_rib,http://www.ihtsdo.org/snomed#Tubercle_of_seventh_rib_structure,True,1.0
http://bioontology.org/projects/ontologies/fma/fmaOwlDlComponent_2_0#Olfactory_bulb,http://www.ihtsdo.org/snomed#Structure_of_olfactory_bulb,True,1.0
http://bioontology.org/projects/ontologies/fma/fmaOwlDlComponent_2_0#Body_of_first_rib,http://www.ihtsdo.org/snomed#Structure_of_shaft_of_first_rib,True,1.0
http://bioontology.org/projects/ontologies/fma/fmaOwlDlComponent_2_0#Posterior_wall_of_nasopharynx,http://www.ihtsdo.org/snomed#Structure_of_posterior_wall_of_nasopharynx,True,1.0
http://bioontology.org/projects/ontologies/fma/fmaOwlDlComponent_2_0#Sphenoid_bone,http://www.ihtsdo.org/snomed#Sphenoid_bone_structure,True,1.0
http://bioontology.org/projects/ontologies/fma/fmaOwlDlComponent_2_0#Frontal_nerve,http://www.ihtsdo.org/snomed#Structure_of_frontal_nerve,False,1.0
http://bioontology.org/projects/ontologies/fma/fmaOwlDlComponent_2_0#Psoas_major,http://www.ihtsdo.org/snomed#Structure_of_psoas_major_muscle,False,1.0
http://bioontology.org/projects/ontologies/fma/fmaOwlDlComponent_2_0#Red_blood_cell_precursor,http://www.ihtsdo.org/snomed#Red_blood_cell_precursor,True,1.0
http://bioontology.org/projects/ontologies/fma/fmaOwlDlComponent_2_0#Fifth_costal_cartilage,http://www.ihtsdo.org/snomed#Structure_of_fifth_costal_cartilage,True,1.0
http://bioontology.org/projects/ontologies/fma/fmaOwlDlComponent_2_0#Supramarginal_gyrus,http://www.ihtsdo.org/snomed#Structure_of_supramarginal_gyrus,True,1.0
http://bioontology.org/projects/ontologies/fma/fmaOwlDlComponent_2_0#Ala_of_sacrum,http://www.ihtsdo.org/snomed#Structure_of_ala_of_sacrum,True,1.0
http://bioontology.org/projects/ontologies/fma/fmaOwlDlComponent_2_0#Hepatic_lymph_node,http://www.ihtsdo.org/snomed#Structure_of_hepatic_lymph_node,True,1.0
http://bioontology.org/projects/ontologies/fma/fmaOwlDlComponent_2_0#Anulus_fibrosus_of_intervertebral_disk_of_third_thoracic_vertebra,http://www.ihtsdo.org/snomed#Structure_of_anulus_fibrosus_of_intervertebral_disc_of_third_thoracic_vertebra,True,1.0
http://bioontology.org/projects/ontologies/fma/fmaOwlDlComponent_2_0#Right_kidney,http://www.ihtsdo.org/snomed#Vein_of_kidney,False,1.0
http://bioontology.org/projects/ontologies/fma/fmaOwlDlComponent_2_0#Splenic_vein,http://www.ihtsdo.org/snomed#Structure_of_splenic_vein,True,1.0
http://bioontology.org/projects/ontologies/fma/fmaOwlDlComponent_2_0#Putamen,http://www.ihtsdo.org/snomed#Structure_of_putamen,True,1.0
http://bioontology.org/projects/ontologies/fma/fmaOwlDlComponent_2_0#Spinous_process_of_second_thoracic_vertebra,http://www.ihtsdo.org/snomed#Structure_of_spinous_process_of_second_thoracic_vertebra,True,1.0
http://bioontology.org/projects/ontologies/fma/fmaOwlDlComponent_2_0#Superior_epigastric_vein,http://www.ihtsdo.org/snomed#Structure_of_superior_epigastric_vein,True,1.0
http://bioontology.org/projects/ontologies/fma/fmaOwlDlComponent_2_0#Superior_lumbar_triangle,http://www.ihtsdo.org/snomed#Superior_lumbar_triangle,True,1.0
http://bioontology.org/projects/ontologies/fma/fmaOwlDlComponent_2_0#Left_coronary_sulcus,http://www.ihtsdo.org/snomed#Structure_of_left_coronary_sulcus,True,1.0
http://bioontology.org/projects/ontologies/fma/fmaOwlDlComponent_2_0#Tertiary_follicle_of_ovary,http://www.ihtsdo.org/snomed#Vesicular_ovarian_follicle_structure,True,1.0
http://bioontology.org/projects/ontologies/fma/fmaOwlDlComponent_2_0#Metatarsophalangeal_joint_of_second_toe,http://www.ihtsdo.org/snomed#Metatarsophalangeal_joint_structure_of_second_toe,True,1.0
http://bioontology.org/projects/ontologies/fma/fmaOwlDlComponent_2_0#Common_iliac_artery,http://www.ihtsdo.org/snomed#Common_iliac_artery_structure,True,1.0
http://bioontology.org/projects/ontologies/fma/fmaOwlDlComponent_2_0#Set_of_thymic_veins,http://www.ihtsdo.org/snomed#Structure_of_thymic_vein,True,1.0
http://bioontology.org/projects/ontologies/fma/fmaOwlDlComponent_2_0#Set_of_brachial_veins,http://www.ihtsdo.org/snomed#Structure_of_brachial_vein,True,1.0
http://bioontology.org/projects/ontologies/fma/fmaOwlDlComponent_2_0#Mesovarian_margin_of_ovary,http://www.ihtsdo.org/snomed#Structure_of_mesovarian_margin_of_ovary,True,1.0
http://bioontology.org/projects/ontologies/fma/fmaOwlDlComponent_2_0#Fundus_of_uterus,http://www.ihtsdo.org/snomed#Structure_of_fundus_uteri,True,1.0
http://bioontology.org/projects/ontologies/fma/fmaOwlDlComponent_2_0#Tubercle_of_sixth_rib,http://www.ihtsdo.org/snomed#Tubercle_of_sixth_rib_structure,True,1.0
http://bioontology.org/projects/ontologies/fma/fmaOwlDlComponent_2_0#Posterior_chamber_of_eyeball,http://www.ihtsdo.org/snomed#Structure_of_posterior_chamber_of_eye,True,1.0
http://bioontology.org/projects/ontologies/fma/fmaOwlDlComponent_2_0#Perineal_branch_of_posterior_femoral_cutaneous_nerve,http://www.ihtsdo.org/snomed#Structure_of_perineal_branches_of_posterior_femoral_cutaneous_nerve,True,1.0
http://bioontology.org/projects/ontologies/fma/fmaOwlDlComponent_2_0#Corpus_luteum,http://www.ihtsdo.org/snomed#Structure_of_corpus_luteum_of_ovary,True,1.0
http://bioontology.org/projects/ontologies/fma/fmaOwlDlComponent_2_0#Proximal_epiphysis_of_phalanx_of_second_toe,http://www.ihtsdo.org/snomed#Structure_of_base_of_phalanx_of_second_toe,True,1.0
http://bioontology.org/projects/ontologies/fma/fmaOwlDlComponent_2_0#Transverse_cervical_artery,http://www.ihtsdo.org/snomed#Structure_of_transverse_cervical_artery,True,1.0
http://bioontology.org/projects/ontologies/fma/fmaOwlDlComponent_2_0#Infrahyoid_muscle,http://www.ihtsdo.org/snomed#Structure_of_infrahyoid_muscle,False,1.0
http://bioontology.org/projects/ontologies/fma/fmaOwlDlComponent_2_0#Hepatorenal_ligament,http://www.ihtsdo.org/snomed#Structure_of_hepatorenal_ligament,True,1.0
http://bioontology.org/projects/ontologies/fma/fmaOwlDlComponent_2_0#Angle_of_mandible,http://www.ihtsdo.org/snomed#Structure_of_angle_of_mandible,False,1.0
http://bioontology.org/projects/ontologies/fma/fmaOwlDlComponent_2_0#Cavity_of_pharynx,http://www.ihtsdo.org/snomed#Structure_of_pharyngeal_cavity,True,1.0
http://bioontology.org/projects/ontologies/fma/fmaOwlDlComponent_2_0#Distal_epiphysis_of_phalanx_of_fourth_toe,http://www.ihtsdo.org/snomed#Structure_of_distal_phalanx_of_fourth_toe,True,1.0
http://bioontology.org/projects/ontologies/fma/fmaOwlDlComponent_2_0#Right_lateral_basal_segmental_bronchus,http://www.ihtsdo.org/snomed#Structure_of_right_lower_lobe_lateral_segmental_bronchus,True,1.0
http://bioontology.org/projects/ontologies/fma/fmaOwlDlComponent_2_0#Set_of_anal_valves,http://www.ihtsdo.org/snomed#Structure_of_anal_valves,True,1.0
http://bioontology.org/projects/ontologies/fma/fmaOwlDlComponent_2_0#Pancreatic_acinus,http://www.ihtsdo.org/snomed#Structure_of_pancreatic_acinus,True,1.0
http://bioontology.org/projects/ontologies/fma/fmaOwlDlComponent_2_0#Sixth_thoracic_vertebral_arch,http://www.ihtsdo.org/snomed#Structure_of_arch_of_sixth_thoracic_vertebra,True,1.0
http://bioontology.org/projects/ontologies/fma/fmaOwlDlComponent_2_0#Posterior_intermuscular_septum_of_leg,http://www.ihtsdo.org/snomed#Posterior_intermuscular_crural_septum,True,1.0
http://bioontology.org/projects/ontologies/fma/fmaOwlDlComponent_2_0#Anterior_surface_of_body_of_sternum,http://www.ihtsdo.org/snomed#Structure_of_anterior_surface_of_body_of_sternum,True,1.0
http://bioontology.org/projects/ontologies/fma/fmaOwlDlComponent_2_0#Neck_of_ninth_rib,http://www.ihtsdo.org/snomed#Structure_of_neck_of_ninth_rib,True,1.0
http://bioontology.org/projects/ontologies/fma/fmaOwlDlComponent_2_0#Ectoderm,http://www.ihtsdo.org/snomed#Ectoderm_structure,True,1.0
http://bioontology.org/projects/ontologies/fma/fmaOwlDlComponent_2_0#Tendon_of_infundibulum,http://www.ihtsdo.org/snomed#Structure_of_tendon_of_conus_arteriosus,False,1.0
http://bioontology.org/projects/ontologies/fma/fmaOwlDlComponent_2_0#Interventricular_foramen,http://www.ihtsdo.org/snomed#Structure_of_interventricular_foramen,True,1.0
http://bioontology.org/projects/ontologies/fma/fmaOwlDlComponent_2_0#Intervertebral_disk_of_third_lumbar_vertebra,http://www.ihtsdo.org/snomed#Intervertebral_disc_structure_of_third_lumbar_vertebra,True,1.0
http://bioontology.org/projects/ontologies/fma/fmaOwlDlComponent_2_0#Lamina_of_first_lumbar_vertebra,http://www.ihtsdo.org/snomed#Structure_of_lamina_of_first_lumbar_vertebra,True,1.0
http://bioontology.org/projects/ontologies/fma/fmaOwlDlComponent_2_0#Right_coronary_sulcus,http://www.ihtsdo.org/snomed#Structure_of_right_coronary_sulcus,True,1.0
http://bioontology.org/projects/ontologies/fma/fmaOwlDlComponent_2_0#Genu_of_internal_capsule,http://www.ihtsdo.org/snomed#Structure_of_genu_of_internal_capsule,True,1.0
http://bioontology.org/projects/ontologies/fma/fmaOwlDlComponent_2_0#Spinal_branch,http://www.ihtsdo.org/snomed#Spinal_veins,True,1.0
http://bioontology.org/projects/ontologies/fma/fmaOwlDlComponent_2_0#Medium_sized_neuron,http://www.ihtsdo.org/snomed#Medium_sized_neuron,True,1.0
http://bioontology.org/projects/ontologies/fma/fmaOwlDlComponent_2_0#Infra_orbital_part_of_cheek,http://www.ihtsdo.org/snomed#Structure_of_infraorbital_region_of_face,True,1.0
http://bioontology.org/projects/ontologies/fma/fmaOwlDlComponent_2_0#Bronchial_branch_of_brachiocephalic_artery,http://www.ihtsdo.org/snomed#Structure_of_bronchial_branch_of_brachiocephalic_artery,True,1.0
http://bioontology.org/projects/ontologies/fma/fmaOwlDlComponent_2_0#Set_of_medial_external_iliac_lymph_nodes,http://www.ihtsdo.org/snomed#Medial_external_iliac_lymph_node_group,True,1.0
http://bioontology.org/projects/ontologies/fma/fmaOwlDlComponent_2_0#Sternocostal_surface_of_heart,http://www.ihtsdo.org/snomed#Structure_of_sternocostal_surface_of_heart,True,1.0
http://bioontology.org/projects/ontologies/fma/fmaOwlDlComponent_2_0#Deep_lymphatic_vessel,http://www.ihtsdo.org/snomed#Structure_of_deep_lymphatic_vessel,True,1.0
http://bioontology.org/projects/ontologies/fma/fmaOwlDlComponent_2_0#Thoracic_vertebral_canal,http://www.ihtsdo.org/snomed#Structure_of_thoracic_spinal_canal,True,1.0
http://bioontology.org/projects/ontologies/fma/fmaOwlDlComponent_2_0#Left_subclavian_artery,http://www.ihtsdo.org/snomed#Branch_of_subclavian_artery,True,1.0
http://bioontology.org/projects/ontologies/fma/fmaOwlDlComponent_2_0#Superior_part_of_duodenum,http://www.ihtsdo.org/snomed#Part_of_duodenum,True,1.0
http://bioontology.org/projects/ontologies/fma/fmaOwlDlComponent_2_0#Superficial_dorsal_vein_of_penis,http://www.ihtsdo.org/snomed#Structure_of_superficial_dorsal_vein_of_penis,True,1.0
http://bioontology.org/projects/ontologies/fma/fmaOwlDlComponent_2_0#Paratenial_nucleus,http://www.ihtsdo.org/snomed#Structure_of_paratenial_nucleus_of_thalamus,True,1.0
http://bioontology.org/projects/ontologies/fma/fmaOwlDlComponent_2_0#Base_of_arytenoid_cartilage,http://www.ihtsdo.org/snomed#Structure_of_base_of_arytenoid_cartilage,True,1.0
http://bioontology.org/projects/ontologies/fma/fmaOwlDlComponent_2_0#Border_of_thyroid_gland,http://www.ihtsdo.org/snomed#Border_of_thyroid_lobe,False,1.0
http://bioontology.org/projects/ontologies/fma/fmaOwlDlComponent_2_0#Coronal_plane,http://www.ihtsdo.org/snomed#Coronal_plane,True,1.0
http://bioontology.org/projects/ontologies/fma/fmaOwlDlComponent_2_0#Left_kidney,http://www.ihtsdo.org/snomed#Vein_of_kidney,False,1.0
http://bioontology.org/projects/ontologies/fma/fmaOwlDlComponent_2_0#Skin_of_prepuce_of_clitoris,http://www.ihtsdo.org/snomed#Skin_structure_of_prepuce_of_clitoris,True,1.0
http://bioontology.org/projects/ontologies/fma/fmaOwlDlComponent_2_0#Right_visceral_pleura,http://www.ihtsdo.org/snomed#Structure_of_right_visceral_pleura,True,1.0
http://bioontology.org/projects/ontologies/fma/fmaOwlDlComponent_2_0#Cuneiform_bone,http://www.ihtsdo.org/snomed#Bone_structure_of_cuneiform,True,1.0
http://bioontology.org/projects/ontologies/fma/fmaOwlDlComponent_2_0#Serosa_of_liver,http://www.ihtsdo.org/snomed#Structure_of_serous_capsule_of_liver,True,1.0
http://bioontology.org/projects/ontologies/fma/fmaOwlDlComponent_2_0#Sinus_confluence,http://www.ihtsdo.org/snomed#Structure_of_confluence_of_sinuses,True,1.0
http://bioontology.org/projects/ontologies/fma/fmaOwlDlComponent_2_0#Fornix_of_lacrimal_sac,http://www.ihtsdo.org/snomed#Structure_of_fornix_of_lacrimal_sac,True,1.0
http://bioontology.org/projects/ontologies/fma/fmaOwlDlComponent_2_0#Superficial_middle_cerebral_vein,http://www.ihtsdo.org/snomed#Structure_of_superficial_middle_cerebral_vein,True,1.0
http://bioontology.org/projects/ontologies/fma/fmaOwlDlComponent_2_0#Hypoglossal_canal,http://www.ihtsdo.org/snomed#Structure_of_hypoglossal_canal,True,1.0
http://bioontology.org/projects/ontologies/fma/fmaOwlDlComponent_2_0#Left_arm,http://www.ihtsdo.org/snomed#Both_upper_arms,False,1.0
http://bioontology.org/projects/ontologies/fma/fmaOwlDlComponent_2_0#Set_of_anterior_conjunctival_arteries,http://www.ihtsdo.org/snomed#Structure_of_anterior_conjunctival_artery,True,1.0
http://bioontology.org/projects/ontologies/fma/fmaOwlDlComponent_2_0#Set_of_inferior_pancreaticoduodenal_lymph_nodes,http://www.ihtsdo.org/snomed#Structure_of_inferior_pancreaticoduodenal_lymph_node,False,1.0
http://bioontology.org/projects/ontologies/fma/fmaOwlDlComponent_2_0#Dorsal_metatarsal_artery,http://www.ihtsdo.org/snomed#Structure_of_dorsal_metatarsal_artery,False,1.0
http://bioontology.org/projects/ontologies/fma/fmaOwlDlComponent_2_0#Left_frontal_lobe,http://www.ihtsdo.org/snomed#Left_frontal_lobe_structure,True,1.0
http://bioontology.org/projects/ontologies/fma/fmaOwlDlComponent_2_0#Posterior_interventricular_branch_of_right_coronary_artery,http://www.ihtsdo.org/snomed#Structure_of_posterior_descending_branch_of_right_coronary_artery,True,1.0
http://bioontology.org/projects/ontologies/fma/fmaOwlDlComponent_2_0#Vertebral_plexus,http://www.ihtsdo.org/snomed#Thoracic_plexus,False,1.0
http://bioontology.org/projects/ontologies/fma/fmaOwlDlComponent_2_0#Set_of_plantar_ligaments_of_metatarsophalangeal_joints,http://www.ihtsdo.org/snomed#Structure_of_plantar_ligaments_of_metatarsophalangeal_joints,True,1.0
http://bioontology.org/projects/ontologies/fma/fmaOwlDlComponent_2_0#Frontal_vein,http://www.ihtsdo.org/snomed#Frontal_vein,True,1.0
http://bioontology.org/projects/ontologies/fma/fmaOwlDlComponent_2_0#Gastrocolic_ligament,http://www.ihtsdo.org/snomed#Structure_of_gastrocolic_ligament,True,1.0
http://bioontology.org/projects/ontologies/fma/fmaOwlDlComponent_2_0#Right_cerebral_hemisphere,http://www.ihtsdo.org/snomed#Right_cerebral_hemisphere_structure,True,1.0
http://bioontology.org/projects/ontologies/fma/fmaOwlDlComponent_2_0#Body_of_third_rib,http://www.ihtsdo.org/snomed#Structure_of_shaft_of_third_rib,True,1.0
http://bioontology.org/projects/ontologies/fma/fmaOwlDlComponent_2_0#Cricothyroid_joint,http://www.ihtsdo.org/snomed#Cricothyroid_articulation_structure,True,1.0
http://bioontology.org/projects/ontologies/fma/fmaOwlDlComponent_2_0#Vellus_hair,http://www.ihtsdo.org/snomed#Structure_of_vellus_hair,False,1.0
http://bioontology.org/projects/ontologies/fma/fmaOwlDlComponent_2_0#Short_limb_of_incus,http://www.ihtsdo.org/snomed#Structure_of_short_process_of_incus,True,1.0
http://bioontology.org/projects/ontologies/fma/fmaOwlDlComponent_2_0#Inferior_vena_cava,http://www.ihtsdo.org/snomed#Inferior_vena_cava_structure,True,1.0
http://bioontology.org/projects/ontologies/fma/fmaOwlDlComponent_2_0#Spine_of_helical_part_of_auricular_cartilage,http://www.ihtsdo.org/snomed#Structure_of_spine_of_helix,True,1.0
http://bioontology.org/projects/ontologies/fma/fmaOwlDlComponent_2_0#Set_of_middle_thyroid_veins,http://www.ihtsdo.org/snomed#Structure_of_middle_thyroid_vein,True,1.0
http://bioontology.org/projects/ontologies/fma/fmaOwlDlComponent_2_0#Long_posterior_ciliary_artery,http://www.ihtsdo.org/snomed#Structure_of_long_posterior_ciliary_artery,True,1.0
http://bioontology.org/projects/ontologies/fma/fmaOwlDlComponent_2_0#Superior_tarsal_muscle,http://www.ihtsdo.org/snomed#Structure_of_superior_tarsal_muscle,True,1.0
http://bioontology.org/projects/ontologies/fma/fmaOwlDlComponent_2_0#Inferior_lobar_bronchus,http://www.ihtsdo.org/snomed#Lower_lobe_bronchus_structure,True,1.0
http://bioontology.org/projects/ontologies/fma/fmaOwlDlComponent_2_0#Angle_of_fourth_rib,http://www.ihtsdo.org/snomed#Structure_of_angle_of_fourth_rib,False,1.0
http://bioontology.org/projects/ontologies/fma/fmaOwlDlComponent_2_0#Medial_external_iliac_lymph_node,http://www.ihtsdo.org/snomed#Medial_external_iliac_lymph_node_group,True,1.0
http://bioontology.org/projects/ontologies/fma/fmaOwlDlComponent_2_0#Distal_epiphysis_of_metacarpal_bone,http://www.ihtsdo.org/snomed#Structure_of_head_of_metacarpal_bone,True,1.0
http://bioontology.org/projects/ontologies/fma/fmaOwlDlComponent_2_0#Set_of_palmar_carpometacarpal_ligaments,http://www.ihtsdo.org/snomed#Structure_of_palmar_carpometacarpal_ligaments,True,1.0
http://bioontology.org/projects/ontologies/fma/fmaOwlDlComponent_2_0#Preaortic_nerve_plexus,http://www.ihtsdo.org/snomed#Abdominal_aortic_plexus_structure,True,1.0
http://bioontology.org/projects/ontologies/fma/fmaOwlDlComponent_2_0#Right_posterior_segmental_bronchus,http://www.ihtsdo.org/snomed#Structure_of_right_upper_lobe_posterior_segmental_bronchus,True,1.0
http://bioontology.org/projects/ontologies/fma/fmaOwlDlComponent_2_0#Medial_ligament_of_ankle_joint,http://www.ihtsdo.org/snomed#Medial_ligament_of_ankle_joint_structure,True,1.0
http://bioontology.org/projects/ontologies/fma/fmaOwlDlComponent_2_0#Set_of_dorsal_metatarsal_arteries,http://www.ihtsdo.org/snomed#Structure_of_dorsal_metatarsal_artery,False,1.0
http://bioontology.org/projects/ontologies/fma/fmaOwlDlComponent_2_0#Lateral_segmental_bronchus,http://www.ihtsdo.org/snomed#Structure_of_right_middle_lobe_lateral_segmental_bronchus,True,1.0
http://bioontology.org/projects/ontologies/fma/fmaOwlDlComponent_2_0#Communicating_branch_of_spinal_nerve,http://www.ihtsdo.org/snomed#Structure_of_spinal_nerve_communicating_branch,True,1.0
http://bioontology.org/projects/ontologies/fma/fmaOwlDlComponent_2_0#Cheek,http://www.ihtsdo.org/snomed#Cheek_structure,True,1.0
http://bioontology.org/projects/ontologies/fma/fmaOwlDlComponent_2_0#Set_of_glandular_branches_of_inferior_thyroid_artery,http://www.ihtsdo.org/snomed#Structure_of_glandular_branch_of_inferior_thyroid_artery,False,1.0
http://bioontology.org/projects/ontologies/fma/fmaOwlDlComponent_2_0#Set_of_posterior_tibial_veins,http://www.ihtsdo.org/snomed#Structure_of_posterior_tibial_vein,True,1.0
http://bioontology.org/projects/ontologies/fma/fmaOwlDlComponent_2_0#Anterior_abdominal_wall,http://www.ihtsdo.org/snomed#Anterior_abdominal_wall_artery,False,1.0
http://bioontology.org/projects/ontologies/fma/fmaOwlDlComponent_2_0#Set_of_posterior_scrotal_veins,http://www.ihtsdo.org/snomed#Structure_of_posterior_scrotal_vein,True,1.0
http://bioontology.org/projects/ontologies/fma/fmaOwlDlComponent_2_0#Distal_phalanx_of_third_toe,http://www.ihtsdo.org/snomed#Structure_of_distal_phalanx_of_third_toe,True,1.0
http://bioontology.org/projects/ontologies/fma/fmaOwlDlComponent_2_0#Set_of_superficial_inguinal_lymph_nodes,http://www.ihtsdo.org/snomed#Superficial_inguinal_lymph_node_group,True,1.0
http://bioontology.org/projects/ontologies/fma/fmaOwlDlComponent_2_0#Dentition,http://www.ihtsdo.org/snomed#Dentition,True,1.0
http://bioontology.org/projects/ontologies/fma/fmaOwlDlComponent_2_0#Triangular,http://www.ihtsdo.org/snomed#Triangular,False,1.0
http://bioontology.org/projects/ontologies/fma/fmaOwlDlComponent_2_0#Parotid_branch_of_superficial_temporal_artery,http://www.ihtsdo.org/snomed#Structure_of_parotid_branch_of_superficial_temporal_artery,True,1.0
http://bioontology.org/projects/ontologies/fma/fmaOwlDlComponent_2_0#Peritoneal_fold,http://www.ihtsdo.org/snomed#Structure_of_peritoneal_fold,True,1.0
http://bioontology.org/projects/ontologies/fma/fmaOwlDlComponent_2_0#Prostatic_venous_plexus,http://www.ihtsdo.org/snomed#Structure_of_pudendal_venous_plexus,True,1.0
http://bioontology.org/projects/ontologies/fma/fmaOwlDlComponent_2_0#First_costal_cartilage,http://www.ihtsdo.org/snomed#Structure_of_first_costal_cartilage,False,1.0
http://bioontology.org/projects/ontologies/fma/fmaOwlDlComponent_2_0#Suprahyoid_artery,http://www.ihtsdo.org/snomed#Structure_of_suprahyoid_artery,False,1.0
http://bioontology.org/projects/ontologies/fma/fmaOwlDlComponent_2_0#Anterior_mediastinal_lymph_node,http://www.ihtsdo.org/snomed#Structure_of_anterior_mediastinal_lymph_node,False,1.0
http://bioontology.org/projects/ontologies/fma/fmaOwlDlComponent_2_0#Cerebral_association_fiber,http://www.ihtsdo.org/snomed#Cerebral_association_fibers,True,1.0
http://bioontology.org/projects/ontologies/fma/fmaOwlDlComponent_2_0#Set_of_sesamoid_bones,http://www.ihtsdo.org/snomed#Structure_of_sesamoid_bone_of_foot,False,1.0
http://bioontology.org/projects/ontologies/fma/fmaOwlDlComponent_2_0#Dorsal_fascia_of_hand,http://www.ihtsdo.org/snomed#Structure_of_dorsal_fascia_of_hand,True,1.0
http://bioontology.org/projects/ontologies/fma/fmaOwlDlComponent_2_0#Superior_recess_of_lesser_sac,http://www.ihtsdo.org/snomed#Structure_of_superior_omental_bursa,True,1.0
http://bioontology.org/projects/ontologies/fma/fmaOwlDlComponent_2_0#Coccygeal_segment_of_spinal_cord,http://www.ihtsdo.org/snomed#Segment_of_coccygeal_spinal_cord,True,1.0
http://bioontology.org/projects/ontologies/fma/fmaOwlDlComponent_2_0#Superior_gluteal_vein,http://www.ihtsdo.org/snomed#Structure_of_superior_gluteal_vein,False,1.0
http://bioontology.org/projects/ontologies/fma/fmaOwlDlComponent_2_0#Anterior_commissure_of_mitral_valve,http://www.ihtsdo.org/snomed#Structure_of_anterior_commissure_of_mitral_valve,True,1.0
http://bioontology.org/projects/ontologies/fma/fmaOwlDlComponent_2_0#Right_lateral_border_of_body_of_sternum,http://www.ihtsdo.org/snomed#Structure_of_right_lateral_border_of_body_of_sternum,True,1.0
http://bioontology.org/projects/ontologies/fma/fmaOwlDlComponent_2_0#Inferior_suprarenal_artery,http://www.ihtsdo.org/snomed#Structure_of_inferior_suprarenal_artery,True,1.0
http://bioontology.org/projects/ontologies/fma/fmaOwlDlComponent_2_0#Muscle_of_foot,http://www.ihtsdo.org/snomed#Muscle_structure_of_foot,True,1.0
http://bioontology.org/projects/ontologies/fma/fmaOwlDlComponent_2_0#Set_of_lymph_nodes_of_lower_limb,http://www.ihtsdo.org/snomed#Lower_limb_lymph_node_structure,True,1.0
http://bioontology.org/projects/ontologies/fma/fmaOwlDlComponent_2_0#Non_articular_part_of_tubercle_of_fourth_rib,http://www.ihtsdo.org/snomed#Structure_of_articular_part_of_tubercle_of_fourth_rib,False,1.0
http://bioontology.org/projects/ontologies/fma/fmaOwlDlComponent_2_0#Left_subsuperior_segmental_artery,http://www.ihtsdo.org/snomed#Structure_of_subapical_branch_of_left_pulmonary_artery,True,1.0
http://bioontology.org/projects/ontologies/fma/fmaOwlDlComponent_2_0#Head_of_eleventh_rib,http://www.ihtsdo.org/snomed#Head_of_eleventh_rib_structure,True,1.0
http://bioontology.org/projects/ontologies/fma/fmaOwlDlComponent_2_0#Brachial_artery,http://www.ihtsdo.org/snomed#Structure_of_brachial_artery,False,1.0
http://bioontology.org/projects/ontologies/fma/fmaOwlDlComponent_2_0#Myocardium,http://www.ihtsdo.org/snomed#Myocardium_structure,True,1.0
http://bioontology.org/projects/ontologies/fma/fmaOwlDlComponent_2_0#Common_iliac_vein,http://www.ihtsdo.org/snomed#Structure_of_common_iliac_vein,True,1.0
http://bioontology.org/projects/ontologies/fma/fmaOwlDlComponent_2_0#Set_of_vaginal_rugae,http://www.ihtsdo.org/snomed#Structure_of_vaginal_rugae,False,1.0
http://bioontology.org/projects/ontologies/fma/fmaOwlDlComponent_2_0#Skin_of_lower_trunk,http://www.ihtsdo.org/snomed#Skin_structure_of_lower_trunk,True,1.0
http://bioontology.org/projects/ontologies/fma/fmaOwlDlComponent_2_0#Vein_of_caudate_nucleus,http://www.ihtsdo.org/snomed#Structure_of_vein_of_the_caudate_nucleus,True,1.0
http://bioontology.org/projects/ontologies/fma/fmaOwlDlComponent_2_0#Left_visceral_pleura,http://www.ihtsdo.org/snomed#Structure_of_left_visceral_pleura,True,1.0
http://bioontology.org/projects/ontologies/fma/fmaOwlDlComponent_2_0#Set_of_anterior_labial_veins,http://www.ihtsdo.org/snomed#Structure_of_anterior_labial_vein,False,1.0
http://bioontology.org/projects/ontologies/fma/fmaOwlDlComponent_2_0#Posterior_cusp_of_pulmonary_valve,http://www.ihtsdo.org/snomed#Structure_of_left_cusp_of_pulmonic_valve,True,1.0
http://bioontology.org/projects/ontologies/fma/fmaOwlDlComponent_2_0#Angular_gyrus,http://www.ihtsdo.org/snomed#Structure_of_angular_gyrus,False,1.0
http://bioontology.org/projects/ontologies/fma/fmaOwlDlComponent_2_0#Musculature_of_anterior_abdominal_wall,http://www.ihtsdo.org/snomed#Anterior_abdominal_wall_structure,True,1.0
http://bioontology.org/projects/ontologies/fma/fmaOwlDlComponent_2_0#Ependyma_of_third_ventricle,http://www.ihtsdo.org/snomed#Structure_of_ependyma_of_third_ventricle,True,1.0
http://bioontology.org/projects/ontologies/fma/fmaOwlDlComponent_2_0#Set_of_lateral_circumflex_femoral_veins,http://www.ihtsdo.org/snomed#Structure_of_lateral_circumflex_femoral_vein,True,1.0
http://bioontology.org/projects/ontologies/fma/fmaOwlDlComponent_2_0#Abductor_pollicis_longus,http://www.ihtsdo.org/snomed#Structure_of_abductor_pollicis_muscle,False,1.0
http://bioontology.org/projects/ontologies/fma/fmaOwlDlComponent_2_0#Intercalated_duct_of_pancreas,http://www.ihtsdo.org/snomed#Pancreatic_duct_structure,True,1.0
http://bioontology.org/projects/ontologies/fma/fmaOwlDlComponent_2_0#Spinous_process_of_ninth_thoracic_vertebra,http://www.ihtsdo.org/snomed#Structure_of_spinous_process_of_ninth_thoracic_vertebra,True,1.0
http://bioontology.org/projects/ontologies/fma/fmaOwlDlComponent_2_0#Left_lower_eyelid,http://www.ihtsdo.org/snomed#Structure_of_left_lower_eyelid,True,1.0
http://bioontology.org/projects/ontologies/fma/fmaOwlDlComponent_2_0#Set_of_medial_calcaneal_branches_of_tibial_nerve,http://www.ihtsdo.org/snomed#Structure_of_tibial_nerve_medial_calcaneal_branches,True,1.0
http://bioontology.org/projects/ontologies/fma/fmaOwlDlComponent_2_0#Set_of_common_iliac_lymph_nodes,http://www.ihtsdo.org/snomed#Common_iliac_node,True,1.0
http://bioontology.org/projects/ontologies/fma/fmaOwlDlComponent_2_0#Tenth_posterior_intercostal_artery,http://www.ihtsdo.org/snomed#Tenth_posterior_intercostal_artery,True,1.0
http://bioontology.org/projects/ontologies/fma/fmaOwlDlComponent_2_0#Phalanx_of_third_toe,http://www.ihtsdo.org/snomed#Structure_of_phalanx_of_third_toe,True,1.0
http://bioontology.org/projects/ontologies/fma/fmaOwlDlComponent_2_0#Palpebral_conjunctiva,http://www.ihtsdo.org/snomed#Structure_of_palpebral_conjunctiva,True,1.0
http://bioontology.org/projects/ontologies/fma/fmaOwlDlComponent_2_0#Intervertebral_foramen_of_second_lumbar_vertebra,http://www.ihtsdo.org/snomed#Structure_of_intervertebral_foramen_of_second_lumbar_vertebra,True,1.0
http://bioontology.org/projects/ontologies/fma/fmaOwlDlComponent_2_0#Internal_medullary_lamina,http://www.ihtsdo.org/snomed#Structure_of_internal_medullary_lamina_of_thalamus,True,1.0
http://bioontology.org/projects/ontologies/fma/fmaOwlDlComponent_2_0#Set_of_carunculae_hymenales,http://www.ihtsdo.org/snomed#Structure_of_carunculae_hymenales,True,1.0
http://bioontology.org/projects/ontologies/fma/fmaOwlDlComponent_2_0#Tendon_of_first_lumbrical_of_foot,http://www.ihtsdo.org/snomed#First_lumbrical_muscle_of_foot,False,1.0
http://bioontology.org/projects/ontologies/fma/fmaOwlDlComponent_2_0#Isthmus_of_thyroid_gland,http://www.ihtsdo.org/snomed#Structure_of_isthmus_of_thyroid_gland,True,1.0
http://bioontology.org/projects/ontologies/fma/fmaOwlDlComponent_2_0#Intercostal_space,http://www.ihtsdo.org/snomed#Structure_of_intercostal_space,False,1.0
http://bioontology.org/projects/ontologies/fma/fmaOwlDlComponent_2_0#Sigmoid_sinus,http://www.ihtsdo.org/snomed#Structure_of_sigmoid_sinus,True,1.0
http://bioontology.org/projects/ontologies/fma/fmaOwlDlComponent_2_0#Nucleus_prepositus,http://www.ihtsdo.org/snomed#Structure_of_nucleus_prepositus,True,1.0
http://bioontology.org/projects/ontologies/fma/fmaOwlDlComponent_2_0#Median_lobe_of_prostate,http://www.ihtsdo.org/snomed#Structure_of_median_lobe_of_prostate,True,1.0
http://bioontology.org/projects/ontologies/fma/fmaOwlDlComponent_2_0#Nucleus_pulposus_of_intervertebral_disk_of_second_thoracic_vertebra,http://www.ihtsdo.org/snomed#Structure_of_nucleus_pulposus_of_intervertebral_disc_of_second_thoracic_vertebra,True,1.0
http://bioontology.org/projects/ontologies/fma/fmaOwlDlComponent_2_0#Body_of_fornix_of_forebrain,http://www.ihtsdo.org/snomed#Structure_of_columns_of_fornix,True,1.0
http://bioontology.org/projects/ontologies/fma/fmaOwlDlComponent_2_0#Spinothalamic_tract_of_midbrain,http://www.ihtsdo.org/snomed#Structure_of_spinothalamic_tract_of_midbrain,True,1.0
http://bioontology.org/projects/ontologies/fma/fmaOwlDlComponent_2_0#Tributary_of_basilic_vein,http://www.ihtsdo.org/snomed#Structure_of_tributary_of_basilic_vein,True,1.0
http://bioontology.org/projects/ontologies/fma/fmaOwlDlComponent_2_0#Brachial_nerve_plexus,http://www.ihtsdo.org/snomed#Brachial_plexus_structure,True,1.0
http://bioontology.org/projects/ontologies/fma/fmaOwlDlComponent_2_0#Alveolar_part_of_mandible,http://www.ihtsdo.org/snomed#Mandibular_alveolus_structure,True,1.0
http://bioontology.org/projects/ontologies/fma/fmaOwlDlComponent_2_0#Inferior_nasal_meatus,http://www.ihtsdo.org/snomed#Structure_of_inferior_nasal_meatus,False,1.0
http://bioontology.org/projects/ontologies/fma/fmaOwlDlComponent_2_0#Iliolumbar_vein,http://www.ihtsdo.org/snomed#Structure_of_iliolumbar_vein,True,1.0
http://bioontology.org/projects/ontologies/fma/fmaOwlDlComponent_2_0#Neck_of_second_rib,http://www.ihtsdo.org/snomed#Structure_of_neck_of_second_rib,True,1.0
http://bioontology.org/projects/ontologies/fma/fmaOwlDlComponent_2_0#Skin_of_shoulder,http://www.ihtsdo.org/snomed#Skin_structure_of_shoulder,True,1.0
http://bioontology.org/projects/ontologies/fma/fmaOwlDlComponent_2_0#Right_posterior_cusp_of_aortic_valve,http://www.ihtsdo.org/snomed#Structure_of_posterior_cusp_of_aortic_valve,True,1.0
http://bioontology.org/projects/ontologies/fma/fmaOwlDlComponent_2_0#Dorsal_metacarpal_vein,http://www.ihtsdo.org/snomed#Structure_of_dorsal_metacarpal_vein,False,1.0
http://bioontology.org/projects/ontologies/fma/fmaOwlDlComponent_2_0#Median_sacral_artery,http://www.ihtsdo.org/snomed#Structure_of_median_sacral_artery,True,1.0
http://bioontology.org/projects/ontologies/fma/fmaOwlDlComponent_2_0#Skin_of_neck,http://www.ihtsdo.org/snomed#Skin_structure_of_neck,True,1.0
http://bioontology.org/projects/ontologies/fma/fmaOwlDlComponent_2_0#Lumbosacral_trunk,http://www.ihtsdo.org/snomed#Structure_of_lumbosacral_trunk,True,1.0
http://bioontology.org/projects/ontologies/fma/fmaOwlDlComponent_2_0#Left_parietal_lobe,http://www.ihtsdo.org/snomed#Left_parietal_lobe_structure,True,1.0
http://bioontology.org/projects/ontologies/fma/fmaOwlDlComponent_2_0#Sacrotuberous_ligament,http://www.ihtsdo.org/snomed#Sacrotuberal_ligament_structure,True,1.0
http://bioontology.org/projects/ontologies/fma/fmaOwlDlComponent_2_0#Fibrocartilaginous_ring_of_tympanic_membrane,http://www.ihtsdo.org/snomed#Structure_of_fibrocartilaginous_anulus_of_tympanic_membrane,True,1.0
http://bioontology.org/projects/ontologies/fma/fmaOwlDlComponent_2_0#Descending_mesocolon,http://www.ihtsdo.org/snomed#Structure_of_mesentery_of_descending_colon,True,1.0
http://bioontology.org/projects/ontologies/fma/fmaOwlDlComponent_2_0#Basal_lamina_of_ciliary_body,http://www.ihtsdo.org/snomed#Structure_of_lamina_basalis_of_ciliary_body,True,1.0
http://bioontology.org/projects/ontologies/fma/fmaOwlDlComponent_2_0#Anterior_margin_of_lung,http://www.ihtsdo.org/snomed#Structure_of_anterior_margin_of_lung,True,1.0
http://bioontology.org/projects/ontologies/fma/fmaOwlDlComponent_2_0#Petrous_part_of_internal_carotid_artery,http://www.ihtsdo.org/snomed#Structure_of_petrous_portion_of_internal_carotid_artery,True,1.0
http://bioontology.org/projects/ontologies/fma/fmaOwlDlComponent_2_0#Hepatovenous_segment_VIII,http://www.ihtsdo.org/snomed#Couinaud_hepatic_segment_VIII,True,1.0
http://bioontology.org/projects/ontologies/fma/fmaOwlDlComponent_2_0#Synovial_tendon_sheath_of_extensor_carpi_ulnaris,http://www.ihtsdo.org/snomed#Structure_of_extensor_carpi_ulnaris_muscle_tendon_sheath,True,1.0
http://bioontology.org/projects/ontologies/fma/fmaOwlDlComponent_2_0#Macrophage_chemotactic_factor,http://www.ihtsdo.org/snomed#Macrophage_chemotactic_factor,True,1.0
http://bioontology.org/projects/ontologies/fma/fmaOwlDlComponent_2_0#Posterior_vein_of_left_ventricle,http://www.ihtsdo.org/snomed#Structure_of_posterior_vein_of_left_ventricle,True,1.0
http://bioontology.org/projects/ontologies/fma/fmaOwlDlComponent_2_0#Inferior_ganglion_of_vagus_nerve,http://www.ihtsdo.org/snomed#Inferior_vagus_ganglion,True,1.0
http://bioontology.org/projects/ontologies/fma/fmaOwlDlComponent_2_0#Set_of_anterior_scrotal_veins,http://www.ihtsdo.org/snomed#Structure_of_anterior_scrotal_vein,True,1.0
http://bioontology.org/projects/ontologies/fma/fmaOwlDlComponent_2_0#Equator_of_lens,http://www.ihtsdo.org/snomed#Structure_of_equator_of_lens,True,1.0
http://bioontology.org/projects/ontologies/fma/fmaOwlDlComponent_2_0#Intrinsic_muscle_of_hand,http://www.ihtsdo.org/snomed#Intrinsic_muscle_of_hand_structure,True,1.0
http://bioontology.org/projects/ontologies/fma/fmaOwlDlComponent_2_0#Lateral_palpebral_artery,http://www.ihtsdo.org/snomed#Structure_of_lateral_palpebral_artery,True,1.0
http://bioontology.org/projects/ontologies/fma/fmaOwlDlComponent_2_0#Tendon_of_dorsal_interosseous_of_foot,http://www.ihtsdo.org/snomed#Tendon_of_dorsal_interosseus_of_foot,True,1.0
http://bioontology.org/projects/ontologies/fma/fmaOwlDlComponent_2_0#Lipoblast,http://www.ihtsdo.org/snomed#Lipoblast,True,1.0
http://bioontology.org/projects/ontologies/fma/fmaOwlDlComponent_2_0#Vein_of_scala_tympani,http://www.ihtsdo.org/snomed#Structure_of_vein_of_the_scala_tympani,True,1.0
http://bioontology.org/projects/ontologies/fma/fmaOwlDlComponent_2_0#Tricuspid_valve,http://www.ihtsdo.org/snomed#Tricuspid_valve_structure,True,1.0
http://bioontology.org/projects/ontologies/fma/fmaOwlDlComponent_2_0#Duct_of_bulbourethral_gland,http://www.ihtsdo.org/snomed#Structure_of_duct_of_bulbourethral_gland,True,1.0
http://bioontology.org/projects/ontologies/fma/fmaOwlDlComponent_2_0#Pectoral_part_of_chest,http://www.ihtsdo.org/snomed#Pectoral_region_structure,True,1.0
http://bioontology.org/projects/ontologies/fma/fmaOwlDlComponent_2_0#Middle_talar_articular_surface,http://www.ihtsdo.org/snomed#Structure_of_middle_articular_surface_for_talus,True,1.0
http://bioontology.org/projects/ontologies/fma/fmaOwlDlComponent_2_0#Forebrain,http://www.ihtsdo.org/snomed#Prosencephalon_structure,True,1.0
http://bioontology.org/projects/ontologies/fma/fmaOwlDlComponent_2_0#Glans_penis,http://www.ihtsdo.org/snomed#Glans_penis_structure,True,1.0
http://bioontology.org/projects/ontologies/fma/fmaOwlDlComponent_2_0#Lateral_circumflex_femoral_artery,http://www.ihtsdo.org/snomed#Structure_of_lateral_circumflex_femoral_artery,True,1.0
http://bioontology.org/projects/ontologies/fma/fmaOwlDlComponent_2_0#Vaginal_venous_plexus,http://www.ihtsdo.org/snomed#Structure_of_vaginal_venous_plexus,True,1.0
http://bioontology.org/projects/ontologies/fma/fmaOwlDlComponent_2_0#Lymphokine,http://www.ihtsdo.org/snomed#Lymphokine,True,1.0
http://bioontology.org/projects/ontologies/fma/fmaOwlDlComponent_2_0#Ascending_aorta,http://www.ihtsdo.org/snomed#Ascending_aorta_structure,True,1.0
http://bioontology.org/projects/ontologies/fma/fmaOwlDlComponent_2_0#Macula_of_saccule_of_membranous_labyrinth,http://www.ihtsdo.org/snomed#Structure_of_macula_of_saccule,True,1.0
http://bioontology.org/projects/ontologies/fma/fmaOwlDlComponent_2_0#Tubal_extremity_of_ovary,http://www.ihtsdo.org/snomed#Structure_of_tubal_end_of_ovary,True,1.0
http://bioontology.org/projects/ontologies/fma/fmaOwlDlComponent_2_0#Apex_of_prostate,http://www.ihtsdo.org/snomed#Structure_of_apex_of_prostate,True,1.0
http://bioontology.org/projects/ontologies/fma/fmaOwlDlComponent_2_0#Lateral_costotransverse_ligament,http://www.ihtsdo.org/snomed#Structure_of_lateral_costotransverse_ligament,True,1.0
http://bioontology.org/projects/ontologies/fma/fmaOwlDlComponent_2_0#Infra_orbital_margin,http://www.ihtsdo.org/snomed#Infraorbital_margin_structure,True,1.0
http://bioontology.org/projects/ontologies/fma/fmaOwlDlComponent_2_0#Inferior_thyroid_vein,http://www.ihtsdo.org/snomed#Structure_of_inferior_thyroid_vein,True,1.0
http://bioontology.org/projects/ontologies/fma/fmaOwlDlComponent_2_0#Bone_of_tarsal_bone,http://www.ihtsdo.org/snomed#Bone_structure_of_tarsus,True,1.0
http://bioontology.org/projects/ontologies/fma/fmaOwlDlComponent_2_0#Inferior_anastomotic_vein,http://www.ihtsdo.org/snomed#Structure_of_inferior_anastomotic_vein,True,1.0
http://bioontology.org/projects/ontologies/fma/fmaOwlDlComponent_2_0#Superior_hypophysial_artery,http://www.ihtsdo.org/snomed#Structure_of_superior_hypophyseal_artery,True,1.0
http://bioontology.org/projects/ontologies/fma/fmaOwlDlComponent_2_0#Set_of_hepatic_veins,http://www.ihtsdo.org/snomed#Structure_of_hepatic_vein,True,1.0
http://bioontology.org/projects/ontologies/fma/fmaOwlDlComponent_2_0#Distal_carpal_bone,http://www.ihtsdo.org/snomed#Bone_structure_of_distal_ulna,False,1.0
http://bioontology.org/projects/ontologies/fma/fmaOwlDlComponent_2_0#Inferior_sagittal_sinus,http://www.ihtsdo.org/snomed#Structure_of_inferior_sagittal_sinus,False,1.0
http://bioontology.org/projects/ontologies/fma/fmaOwlDlComponent_2_0#Left_anterior_basal_segmental_bronchus,http://www.ihtsdo.org/snomed#Structure_of_left_lower_lobe_anterior_segmental_bronchus,True,1.0
http://bioontology.org/projects/ontologies/fma/fmaOwlDlComponent_2_0#Nucleus_pulposus_of_intervertebral_disk_of_ninth_thoracic_vertebra,http://www.ihtsdo.org/snomed#Structure_of_nucleus_pulposus_of_intervertebral_disc_of_ninth_thoracic_vertebra,True,1.0
http://bioontology.org/projects/ontologies/fma/fmaOwlDlComponent_2_0#Dorsal_surface_of_scapula,http://www.ihtsdo.org/snomed#Structure_of_dorsal_aspect_of_scapula,True,1.0
http://bioontology.org/projects/ontologies/fma/fmaOwlDlComponent_2_0#Central_dorsal_nucleus,http://www.ihtsdo.org/snomed#Structure_of_central_dorsal_nucleus_of_thalamus,False,1.0
http://bioontology.org/projects/ontologies/fma/fmaOwlDlComponent_2_0#Set_of_dorsal_lingual_veins,http://www.ihtsdo.org/snomed#Structure_of_dorsal_lingual_vein,True,1.0
http://bioontology.org/projects/ontologies/fma/fmaOwlDlComponent_2_0#Supreme_intercostal_artery,http://www.ihtsdo.org/snomed#Structure_of_superior_intercostal_artery,True,1.0
http://bioontology.org/projects/ontologies/fma/fmaOwlDlComponent_2_0#Set_of_meninges,http://www.ihtsdo.org/snomed#Meninges_structure,True,1.0
http://bioontology.org/projects/ontologies/fma/fmaOwlDlComponent_2_0#Myocardium_of_ventricle,http://www.ihtsdo.org/snomed#Structure_of_myocardium_of_ventricle,True,1.0
http://bioontology.org/projects/ontologies/fma/fmaOwlDlComponent_2_0#Muscular_branch_of_ophthalmic_artery,http://www.ihtsdo.org/snomed#Structure_of_muscular_branch_of_ophthalmic_artery,True,1.0
http://bioontology.org/projects/ontologies/fma/fmaOwlDlComponent_2_0#Iridial_part_of_retina,http://www.ihtsdo.org/snomed#Structure_of_pars_iridica_of_retina,True,1.0
http://bioontology.org/projects/ontologies/fma/fmaOwlDlComponent_2_0#Set_of_sesamoid_bones_of_hand,http://www.ihtsdo.org/snomed#Structure_of_sesamoid_bone_of_hand,False,1.0
http://bioontology.org/projects/ontologies/fma/fmaOwlDlComponent_2_0#Z_disc,http://www.ihtsdo.org/snomed#Z_line,True,1.0
http://bioontology.org/projects/ontologies/fma/fmaOwlDlComponent_2_0#Chest_wall,http://www.ihtsdo.org/snomed#Chest_wall_artery,False,1.0
http://bioontology.org/projects/ontologies/fma/fmaOwlDlComponent_2_0#Posterior_branch_of_great_auricular_nerve,http://www.ihtsdo.org/snomed#Structure_of_greater_auricular_nerve_posterior_branch,True,1.0
http://bioontology.org/projects/ontologies/fma/fmaOwlDlComponent_2_0#Posterior_interventricular_sulcus,http://www.ihtsdo.org/snomed#Structure_of_posterior_interventricular_sulcus,True,1.0
http://bioontology.org/projects/ontologies/fma/fmaOwlDlComponent_2_0#Cochlear_ganglion,http://www.ihtsdo.org/snomed#Structure_of_spiral_ganglion,True,1.0
http://bioontology.org/projects/ontologies/fma/fmaOwlDlComponent_2_0#Set_of_ureteric_branches_of_ovarian_artery,http://www.ihtsdo.org/snomed#Structure_of_ureteral_branch_of_ovarian_artery,True,1.0
http://bioontology.org/projects/ontologies/fma/fmaOwlDlComponent_2_0#Long_plantar_ligament,http://www.ihtsdo.org/snomed#Structure_of_long_plantar_ligament,True,1.0
http://bioontology.org/projects/ontologies/fma/fmaOwlDlComponent_2_0#Medial_malleolar_arterial_network,http://www.ihtsdo.org/snomed#Medial_malleolar_arterial_network_structure,True,1.0
http://bioontology.org/projects/ontologies/fma/fmaOwlDlComponent_2_0#Paracentral_sulcus,http://www.ihtsdo.org/snomed#Structure_of_paracentral_sulcus,False,1.0
http://bioontology.org/projects/ontologies/fma/fmaOwlDlComponent_2_0#Adrenal_cortex,http://www.ihtsdo.org/snomed#Adrenal_cortex_structure,True,1.0
http://bioontology.org/projects/ontologies/fma/fmaOwlDlComponent_2_0#Subclavian_lymphatic_trunk,http://www.ihtsdo.org/snomed#Structure_of_subclavian_lymphatic_trunk,True,1.0
http://bioontology.org/projects/ontologies/fma/fmaOwlDlComponent_2_0#Right_spermatic_cord,http://www.ihtsdo.org/snomed#Vein_of_spermatic_cord,False,1.0
http://bioontology.org/projects/ontologies/fma/fmaOwlDlComponent_2_0#Dermis,http://www.ihtsdo.org/snomed#Dermis_structure,True,1.0
http://bioontology.org/projects/ontologies/fma/fmaOwlDlComponent_2_0#Anterior_semicircular_duct,http://www.ihtsdo.org/snomed#Structure_of_anterior_semicircular_duct,True,1.0
http://bioontology.org/projects/ontologies/fma/fmaOwlDlComponent_2_0#Parasympathetic_nervous_system,http://www.ihtsdo.org/snomed#Parasympathetic_nervous_system_structure,True,1.0
http://bioontology.org/projects/ontologies/fma/fmaOwlDlComponent_2_0#Intervertebral_foramen_of_fourth_lumbar_vertebra,http://www.ihtsdo.org/snomed#Structure_of_intervertebral_foramen_of_fourth_lumbar_vertebra,True,1.0
http://bioontology.org/projects/ontologies/fma/fmaOwlDlComponent_2_0#Transitional_cell_of_parathyroid_gland,http://www.ihtsdo.org/snomed#Structure_of_parathyroid_transitional_cell,True,1.0
http://bioontology.org/projects/ontologies/fma/fmaOwlDlComponent_2_0#Tenth_intercostal_nerve,http://www.ihtsdo.org/snomed#Tenth_intercostal_nerve,True,1.0
http://bioontology.org/projects/ontologies/fma/fmaOwlDlComponent_2_0#Right_superior_pulmonary_vein,http://www.ihtsdo.org/snomed#Structure_of_superior_right_pulmonary_vein,True,1.0
http://bioontology.org/projects/ontologies/fma/fmaOwlDlComponent_2_0#Left_deferent_duct,http://www.ihtsdo.org/snomed#Structure_of_left_vas_deferens,True,1.0
http://bioontology.org/projects/ontologies/fma/fmaOwlDlComponent_2_0#Bone_of_cuboid_bone,http://www.ihtsdo.org/snomed#Bone_structure_of_cuboid,True,1.0
http://bioontology.org/projects/ontologies/fma/fmaOwlDlComponent_2_0#Lower_limb,http://www.ihtsdo.org/snomed#Both_lower_extremities,True,1.0
http://bioontology.org/projects/ontologies/fma/fmaOwlDlComponent_2_0#Intervertebral_foramen_of_eighth_thoracic_vertebra,http://www.ihtsdo.org/snomed#Structure_of_intervertebral_foramen_of_eighth_thoracic_vertebra,True,1.0
http://bioontology.org/projects/ontologies/fma/fmaOwlDlComponent_2_0#Surface_of_rib,http://www.ihtsdo.org/snomed#Surface_of_tenth_rib,True,1.0
http://bioontology.org/projects/ontologies/fma/fmaOwlDlComponent_2_0#Patellar_ligament,http://www.ihtsdo.org/snomed#Structure_of_patellar_ligament,False,1.0
http://bioontology.org/projects/ontologies/fma/fmaOwlDlComponent_2_0#Plantar_metatarsal_vein,http://www.ihtsdo.org/snomed#Structure_of_plantar_metatarsal_vein,True,1.0
http://bioontology.org/projects/ontologies/fma/fmaOwlDlComponent_2_0#Superficial_inguinal_lymph_node,http://www.ihtsdo.org/snomed#Superficial_inguinal_lymph_node_group,True,1.0
http://bioontology.org/projects/ontologies/fma/fmaOwlDlComponent_2_0#Superior_articular_process_of_ninth_thoracic_vertebra,http://www.ihtsdo.org/snomed#Structure_of_superior_articular_process_of_ninth_thoracic_vertebra,True,1.0
http://bioontology.org/projects/ontologies/fma/fmaOwlDlComponent_2_0#Vascular_fold_of_cecum,http://www.ihtsdo.org/snomed#Structure_of_vascular_fold_of_cecum,True,1.0
http://bioontology.org/projects/ontologies/fma/fmaOwlDlComponent_2_0#Nonsynovial_joint,http://www.ihtsdo.org/snomed#Synarthrosis_structure,False,1.0
http://bioontology.org/projects/ontologies/fma/fmaOwlDlComponent_2_0#Reticuloendothelial_cell,http://www.ihtsdo.org/snomed#Reticuloendothelial_cell,True,1.0
http://bioontology.org/projects/ontologies/fma/fmaOwlDlComponent_2_0#Medial_pectoral_nerve,http://www.ihtsdo.org/snomed#Structure_of_medial_pectoral_nerve,True,1.0
http://bioontology.org/projects/ontologies/fma/fmaOwlDlComponent_2_0#Set_of_medial_palpebral_arteries,http://www.ihtsdo.org/snomed#Structure_of_medial_palpebral_artery,True,1.0
http://bioontology.org/projects/ontologies/fma/fmaOwlDlComponent_2_0#Metacarpophalangeal_joint,http://www.ihtsdo.org/snomed#Metacarpophalangeal_joint_structure,True,1.0
http://bioontology.org/projects/ontologies/fma/fmaOwlDlComponent_2_0#Macula_cribrosa_superior,http://www.ihtsdo.org/snomed#Structure_of_macula_cribrosa_superior,True,1.0
http://bioontology.org/projects/ontologies/fma/fmaOwlDlComponent_2_0#Sphincter_choledochus,http://www.ihtsdo.org/snomed#Sphincter_choledochus_structure,True,1.0
http://bioontology.org/projects/ontologies/fma/fmaOwlDlComponent_2_0#Posterior_semicircular_canal,http://www.ihtsdo.org/snomed#Structure_of_posterior_semicircular_canal,False,1.0
http://bioontology.org/projects/ontologies/fma/fmaOwlDlComponent_2_0#Tubercle_of_third_rib,http://www.ihtsdo.org/snomed#Structure_of_tubercle_of_third_rib,True,1.0
http://bioontology.org/projects/ontologies/fma/fmaOwlDlComponent_2_0#Coronoid_process_of_mandible,http://www.ihtsdo.org/snomed#Structure_of_coronoid_process_of_mandible,True,1.0
http://bioontology.org/projects/ontologies/fma/fmaOwlDlComponent_2_0#Tarsal_plate_of_upper_eyelid,http://www.ihtsdo.org/snomed#Structure_of_superior_tarsal_plate,True,1.0
http://bioontology.org/projects/ontologies/fma/fmaOwlDlComponent_2_0#Anterior_auricular_lymph_node,http://www.ihtsdo.org/snomed#Structure_of_anterior_auricular_lymph_node,True,1.0
http://bioontology.org/projects/ontologies/fma/fmaOwlDlComponent_2_0#Common_palmar_digital_artery,http://www.ihtsdo.org/snomed#Structure_of_common_palmar_digital_artery,True,1.0
http://bioontology.org/projects/ontologies/fma/fmaOwlDlComponent_2_0#Decidua,http://www.ihtsdo.org/snomed#Decidua_structure,True,1.0
http://bioontology.org/projects/ontologies/fma/fmaOwlDlComponent_2_0#Alveolar_part_of_mandible,http://www.ihtsdo.org/snomed#Structure_of_alveolar_part_of_mandible,True,1.0
http://bioontology.org/projects/ontologies/fma/fmaOwlDlComponent_2_0#Distal_epiphysis_of_second_metatarsal_bone,http://www.ihtsdo.org/snomed#Structure_of_head_of_second_metatarsal_bone,True,1.0
http://bioontology.org/projects/ontologies/fma/fmaOwlDlComponent_2_0#Purkinje_fiber,http://www.ihtsdo.org/snomed#Structure_of_purkinje_fibers,True,1.0
http://bioontology.org/projects/ontologies/fma/fmaOwlDlComponent_2_0#Sutural_bone,http://www.ihtsdo.org/snomed#Structure_of_wormian_bone,False,1.0
http://bioontology.org/projects/ontologies/fma/fmaOwlDlComponent_2_0#Intervertebral_disk_of_fifth_lumbar_vertebra,http://www.ihtsdo.org/snomed#Intervertebral_disc_structure_of_fifth_lumbar_vertebra,True,1.0
http://bioontology.org/projects/ontologies/fma/fmaOwlDlComponent_2_0#Set_of_tympanic_veins,http://www.ihtsdo.org/snomed#Structure_of_tympanic_vein,True,1.0
http://bioontology.org/projects/ontologies/fma/fmaOwlDlComponent_2_0#Anterior_surface_of_prostate,http://www.ihtsdo.org/snomed#Structure_of_anterior_surface_of_prostate,True,1.0
http://bioontology.org/projects/ontologies/fma/fmaOwlDlComponent_2_0#Esophageal_vein,http://www.ihtsdo.org/snomed#Esophageal_structure,False,1.0
http://bioontology.org/projects/ontologies/fma/fmaOwlDlComponent_2_0#Transverse_process_of_seventh_cervical_vertebra,http://www.ihtsdo.org/snomed#Structure_of_transverse_process_of_seventh_cervical_vertebra,False,1.0
http://bioontology.org/projects/ontologies/fma/fmaOwlDlComponent_2_0#Pedicle_of_eighth_thoracic_vertebra,http://www.ihtsdo.org/snomed#Structure_of_pedicle_of_eighth_thoracic_vertebra,True,1.0
http://bioontology.org/projects/ontologies/fma/fmaOwlDlComponent_2_0#Renal_impression_of_liver,http://www.ihtsdo.org/snomed#Structure_of_renal_impression_of_liver,True,1.0
http://bioontology.org/projects/ontologies/fma/fmaOwlDlComponent_2_0#Set_of_cavernous_nerves_of_penis,http://www.ihtsdo.org/snomed#Structure_of_cavernous_nerves_of_penis,False,1.0
http://bioontology.org/projects/ontologies/fma/fmaOwlDlComponent_2_0#Root_of_nail,http://www.ihtsdo.org/snomed#Structure_of_nail_root,True,1.0
http://bioontology.org/projects/ontologies/fma/fmaOwlDlComponent_2_0#Set_of_lumbar_ganglia,http://www.ihtsdo.org/snomed#Structure_of_lumbar_ganglia,True,1.0
http://bioontology.org/projects/ontologies/fma/fmaOwlDlComponent_2_0#Set_of_anterior_tibial_veins,http://www.ihtsdo.org/snomed#Structure_of_anterior_tibial_vein,False,1.0
http://bioontology.org/projects/ontologies/fma/fmaOwlDlComponent_2_0#Left_inferior_lobar_bronchus,http://www.ihtsdo.org/snomed#Structure_of_bronchus_of_left_lower_lobe,True,1.0
http://bioontology.org/projects/ontologies/fma/fmaOwlDlComponent_2_0#Ventral_white_commissure_of_spinal_cord,http://www.ihtsdo.org/snomed#Structure_of_ventral_white_commissure_of_spinal_cord,True,1.0
http://bioontology.org/projects/ontologies/fma/fmaOwlDlComponent_2_0#Superior_anastomotic_vein,http://www.ihtsdo.org/snomed#Structure_of_superior_anastomotic_vein,True,1.0
http://bioontology.org/projects/ontologies/fma/fmaOwlDlComponent_2_0#Body_of_rib,http://www.ihtsdo.org/snomed#Structure_of_shaft_of_tenth_rib,True,1.0
http://bioontology.org/projects/ontologies/fma/fmaOwlDlComponent_2_0#Bone_of_trapezoid,http://www.ihtsdo.org/snomed#Trapezoid_bone_structure,True,1.0
http://bioontology.org/projects/ontologies/fma/fmaOwlDlComponent_2_0#Lateral_bronchopulmonary_segment,http://www.ihtsdo.org/snomed#Structure_of_lateral_segment_of_right_middle_lobe_of_lung,True,1.0
http://bioontology.org/projects/ontologies/fma/fmaOwlDlComponent_2_0#Set_of_veins_of_medulla_oblongata,http://www.ihtsdo.org/snomed#Structure_of_vein_of_the_medulla_oblongata,False,1.0
http://bioontology.org/projects/ontologies/fma/fmaOwlDlComponent_2_0#Vocal_fold,http://www.ihtsdo.org/snomed#Vocal_cord_structure,True,1.0
http://bioontology.org/projects/ontologies/fma/fmaOwlDlComponent_2_0#Posterior_wall_of_stomach,http://www.ihtsdo.org/snomed#Structure_of_posterior_wall_of_stomach,True,1.0
http://bioontology.org/projects/ontologies/fma/fmaOwlDlComponent_2_0#Deep_layer_of_epithelium_of_ciliary_body,http://www.ihtsdo.org/snomed#Structure_of_pigmented_layer_of_ciliary_body,True,1.0
http://bioontology.org/projects/ontologies/fma/fmaOwlDlComponent_2_0#Cystic_lymph_node,http://www.ihtsdo.org/snomed#Structure_of_cystic_lymph_node,False,1.0
http://bioontology.org/projects/ontologies/fma/fmaOwlDlComponent_2_0#Blastomere,http://www.ihtsdo.org/snomed#Structure_of_blastomere,True,1.0
http://bioontology.org/projects/ontologies/fma/fmaOwlDlComponent_2_0#Mammillary_peduncle,http://www.ihtsdo.org/snomed#Structure_of_mammillary_peduncle,True,1.0
http://bioontology.org/projects/ontologies/fma/fmaOwlDlComponent_2_0#Dermal_papilla,http://www.ihtsdo.org/snomed#Structure_of_dermal_papilla,True,1.0
http://bioontology.org/projects/ontologies/fma/fmaOwlDlComponent_2_0#Posterior_ligament_of_proximal_epiphysis_of_fibula,http://www.ihtsdo.org/snomed#Structure_of_posterior_ligament_of_head_of_fibula,True,1.0
http://bioontology.org/projects/ontologies/fma/fmaOwlDlComponent_2_0#Frontal_crest,http://www.ihtsdo.org/snomed#Structure_of_crista_frontalis,True,1.0
http://bioontology.org/projects/ontologies/fma/fmaOwlDlComponent_2_0#Suprapyloric_lymph_node,http://www.ihtsdo.org/snomed#Structure_of_suprapyloric_lymph_node,True,1.0
http://bioontology.org/projects/ontologies/fma/fmaOwlDlComponent_2_0#Lower_abdomen,http://www.ihtsdo.org/snomed#Lower_abdomen_structure,True,1.0
http://bioontology.org/projects/ontologies/fma/fmaOwlDlComponent_2_0#Supratrochlear_artery,http://www.ihtsdo.org/snomed#Structure_of_supratrochlear_artery,True,1.0
http://bioontology.org/projects/ontologies/fma/fmaOwlDlComponent_2_0#Superficial_popliteal_lymph_node,http://www.ihtsdo.org/snomed#Structure_of_superficial_popliteal_lymph_node,False,1.0
http://bioontology.org/projects/ontologies/fma/fmaOwlDlComponent_2_0#Anterior_branch_of_right_hepatic_duct,http://www.ihtsdo.org/snomed#Structure_of_anterior_branch_of_right_hepatic_duct,True,1.0
http://bioontology.org/projects/ontologies/fma/fmaOwlDlComponent_2_0#Set_of_interlobular_veins_of_kidney,http://www.ihtsdo.org/snomed#Structure_of_interlobular_vein_of_kidney,True,1.0
http://bioontology.org/projects/ontologies/fma/fmaOwlDlComponent_2_0#Central_tegmental_tract_of_midbrain,http://www.ihtsdo.org/snomed#Structure_of_central_tegmental_tract_of_midbrain,True,1.0
http://bioontology.org/projects/ontologies/fma/fmaOwlDlComponent_2_0#Nucleus_pulposus_of_intervertebral_disk_of_tenth_thoracic_vertebra,http://www.ihtsdo.org/snomed#Structure_of_nucleus_pulposus_of_intervertebral_disc_of_thoracic_vertebra,True,1.0
http://bioontology.org/projects/ontologies/fma/fmaOwlDlComponent_2_0#Tracheal_branch_of_inferior_thyroid_artery,http://www.ihtsdo.org/snomed#Structure_of_tracheal_branch_of_inferior_thyroid_artery,True,1.0
http://bioontology.org/projects/ontologies/fma/fmaOwlDlComponent_2_0#Renal_segment,http://www.ihtsdo.org/snomed#Structure_of_renal_segment,False,1.0
http://bioontology.org/projects/ontologies/fma/fmaOwlDlComponent_2_0#Dorsal_median_sulcus_of_spinal_cord,http://www.ihtsdo.org/snomed#Structure_of_spinal_cord_dorsal_median_sulcus,True,1.0
http://bioontology.org/projects/ontologies/fma/fmaOwlDlComponent_2_0#Internal_branch_of_accessory_nerve,http://www.ihtsdo.org/snomed#Structure_of_accessory_nerve_internal_branch,True,1.0
http://bioontology.org/projects/ontologies/fma/fmaOwlDlComponent_2_0#Hair_of_neck,http://www.ihtsdo.org/snomed#Structure_of_hair_of_neck,False,1.0
http://bioontology.org/projects/ontologies/fma/fmaOwlDlComponent_2_0#Superior_thyroid_artery,http://www.ihtsdo.org/snomed#Structure_of_superior_thyroid_artery,True,1.0
http://bioontology.org/projects/ontologies/fma/fmaOwlDlComponent_2_0#Left_inguinal_triangle,http://www.ihtsdo.org/snomed#Structure_of_left_inguinal_triangle,False,1.0
http://bioontology.org/projects/ontologies/fma/fmaOwlDlComponent_2_0#Anterior_pulmonary_nerve_plexus,http://www.ihtsdo.org/snomed#Anterior_pulmonary_plexus,False,1.0
http://bioontology.org/projects/ontologies/fma/fmaOwlDlComponent_2_0#Coccygeal_ligament,http://www.ihtsdo.org/snomed#Structure_of_filum_terminale_externum,True,1.0
http://bioontology.org/projects/ontologies/fma/fmaOwlDlComponent_2_0#Mastoid_artery,http://www.ihtsdo.org/snomed#Mastoid_structure,False,1.0
http://bioontology.org/projects/ontologies/fma/fmaOwlDlComponent_2_0#Exon,http://www.ihtsdo.org/snomed#Exon,True,1.0
http://bioontology.org/projects/ontologies/fma/fmaOwlDlComponent_2_0#Deep_temporal_vein,http://www.ihtsdo.org/snomed#Structure_of_deep_temporal_vein,True,1.0
http://bioontology.org/projects/ontologies/fma/fmaOwlDlComponent_2_0#Articular_facet_of_superior_articular_process_of_sacrum,http://www.ihtsdo.org/snomed#Structure_of_superior_articular_facet_of_sacrum,True,1.0
http://bioontology.org/projects/ontologies/fma/fmaOwlDlComponent_2_0#Tributary_of_lingual_vein,http://www.ihtsdo.org/snomed#Structure_of_tributary_of_lingual_vein,True,1.0
http://bioontology.org/projects/ontologies/fma/fmaOwlDlComponent_2_0#Anal_part_of_perineum,http://www.ihtsdo.org/snomed#Anal_triangle,True,1.0
http://bioontology.org/projects/ontologies/fma/fmaOwlDlComponent_2_0#Inferior_temporal_gyrus,http://www.ihtsdo.org/snomed#Structure_of_inferior_temporal_gyrus,True,1.0
http://bioontology.org/projects/ontologies/fma/fmaOwlDlComponent_2_0#Dorsal_venous_arch_of_foot,http://www.ihtsdo.org/snomed#Structure_of_dorsal_venous_arch_of_foot,True,1.0
http://bioontology.org/projects/ontologies/fma/fmaOwlDlComponent_2_0#Sublingual_gland,http://www.ihtsdo.org/snomed#Sublingual_gland_structure,True,1.0
http://bioontology.org/projects/ontologies/fma/fmaOwlDlComponent_2_0#Main_bronchus,http://www.ihtsdo.org/snomed#Main_bronchus_structure,True,1.0
http://bioontology.org/projects/ontologies/fma/fmaOwlDlComponent_2_0#Anulus_fibrosus_of_intervertebral_disk_of_tenth_thoracic_vertebra,http://www.ihtsdo.org/snomed#Structure_of_anulus_fibrosus_of_intervertebral_disc_of_tenth_thoracic_vertebra,True,1.0
http://bioontology.org/projects/ontologies/fma/fmaOwlDlComponent_2_0#Nucleus_pulposus_of_intervertebral_disk_of_fourth_lumbar_vertebra,http://www.ihtsdo.org/snomed#Structure_of_nucleus_pulposus_of_intervertebral_disc_of_fourth_lumbar_vertebra,True,1.0
http://bioontology.org/projects/ontologies/fma/fmaOwlDlComponent_2_0#Costal_groove_of_eleventh_rib,http://www.ihtsdo.org/snomed#Structure_of_costal_groove_of_eleventh_rib,True,1.0
http://bioontology.org/projects/ontologies/fma/fmaOwlDlComponent_2_0#Set_of_extra_ocular_muscles,http://www.ihtsdo.org/snomed#Structure_of_extraocular_muscle,True,1.0
http://bioontology.org/projects/ontologies/fma/fmaOwlDlComponent_2_0#Interphalangeal_joint_of_thumb,http://www.ihtsdo.org/snomed#Structure_of_interphalangeal_joint_of_thumb,True,1.0
http://bioontology.org/projects/ontologies/fma/fmaOwlDlComponent_2_0#Deep_dorsal_sacrococcygeal_ligament,http://www.ihtsdo.org/snomed#Structure_of_deep_dorsal_sacrococcygeal_ligament,True,1.0
http://bioontology.org/projects/ontologies/fma/fmaOwlDlComponent_2_0#Proximal_phalanx_of_third_toe,http://www.ihtsdo.org/snomed#Structure_of_proximal_phalanx_of_third_toe,True,1.0
http://bioontology.org/projects/ontologies/fma/fmaOwlDlComponent_2_0#Internal_auditory_vein,http://www.ihtsdo.org/snomed#Structure_of_labyrinthine_vein,True,1.0
http://bioontology.org/projects/ontologies/fma/fmaOwlDlComponent_2_0#Set_of_submandibular_lymph_nodes,http://www.ihtsdo.org/snomed#Structure_of_submandibular_lymph_node,False,1.0
http://bioontology.org/projects/ontologies/fma/fmaOwlDlComponent_2_0#Peripheral_nerve,http://www.ihtsdo.org/snomed#Peripheral_nerve_structure,True,1.0
http://bioontology.org/projects/ontologies/fma/fmaOwlDlComponent_2_0#Right_subclavian_artery,http://www.ihtsdo.org/snomed#Structure_of_right_subclavian_artery,False,1.0
http://bioontology.org/projects/ontologies/fma/fmaOwlDlComponent_2_0#Left_submandibular_gland,http://www.ihtsdo.org/snomed#Structure_of_left_submaxillary_gland,False,1.0
http://bioontology.org/projects/ontologies/fma/fmaOwlDlComponent_2_0#Cervix_of_uterus,http://www.ihtsdo.org/snomed#Cervix_uteri_structure,True,1.0
http://bioontology.org/projects/ontologies/fma/fmaOwlDlComponent_2_0#Posterior_axillary_line,http://www.ihtsdo.org/snomed#Posterior_axillary_line_structure,True,1.0
http://bioontology.org/projects/ontologies/fma/fmaOwlDlComponent_2_0#Trophoblast,http://www.ihtsdo.org/snomed#Trophoblast_structure,True,1.0
http://bioontology.org/projects/ontologies/fma/fmaOwlDlComponent_2_0#Articular_disk_of_temporomandibular_joint,http://www.ihtsdo.org/snomed#Structure_of_articular_disc_of_temporomandibular_joint,True,1.0
http://bioontology.org/projects/ontologies/fma/fmaOwlDlComponent_2_0#Right_gastro_epiploic_lymph_node,http://www.ihtsdo.org/snomed#Structure_of_lymph_node_of_greater_curvature_of_stomach,True,1.0
http://bioontology.org/projects/ontologies/fma/fmaOwlDlComponent_2_0#Ilium,http://www.ihtsdo.org/snomed#Ileal_structure,False,1.0
http://bioontology.org/projects/ontologies/fma/fmaOwlDlComponent_2_0#Outer_phalangeal_cell_of_cochlea,http://www.ihtsdo.org/snomed#Deiter_s_cell,True,1.0
http://bioontology.org/projects/ontologies/fma/fmaOwlDlComponent_2_0#Left_gastroepiploic_vein,http://www.ihtsdo.org/snomed#Structure_of_left_gastroepiploic_vein,True,1.0
http://bioontology.org/projects/ontologies/fma/fmaOwlDlComponent_2_0#Inferior_vesical_artery,http://www.ihtsdo.org/snomed#Structure_of_inferior_vesical_artery,True,1.0
http://bioontology.org/projects/ontologies/fma/fmaOwlDlComponent_2_0#Paraterminal_gyrus,http://www.ihtsdo.org/snomed#Structure_of_gyrus_paraterminalis,False,1.0
http://bioontology.org/projects/ontologies/fma/fmaOwlDlComponent_2_0#Postsulcal_part_of_dorsum_of_tongue,http://www.ihtsdo.org/snomed#Structure_of_pharyngeal_portion_of_dorsum_of_tongue,True,1.0
http://bioontology.org/projects/ontologies/fma/fmaOwlDlComponent_2_0#Superior_laryngeal_nerve,http://www.ihtsdo.org/snomed#Structure_of_superior_laryngeal_nerve,True,1.0
http://bioontology.org/projects/ontologies/fma/fmaOwlDlComponent_2_0#Sphenopetrosal_synchondrosis,http://www.ihtsdo.org/snomed#Structure_of_sphenopetrosal_synchondrosis,False,1.0
http://bioontology.org/projects/ontologies/fma/fmaOwlDlComponent_2_0#Pituitary_gland,http://www.ihtsdo.org/snomed#Pituitary_structure,True,1.0
http://bioontology.org/projects/ontologies/fma/fmaOwlDlComponent_2_0#Distal_epiphysis_of_distal_phalanx_of_thumb,http://www.ihtsdo.org/snomed#Epiphysis_of_distal_phalanx_of_thumb,True,1.0
http://bioontology.org/projects/ontologies/fma/fmaOwlDlComponent_2_0#Bulb_of_aorta,http://www.ihtsdo.org/snomed#Supraaortic_valve_area_structure,True,1.0
http://bioontology.org/projects/ontologies/fma/fmaOwlDlComponent_2_0#Pyloric_sphincter,http://www.ihtsdo.org/snomed#Pyloric_sphincter_structure,True,1.0
http://bioontology.org/projects/ontologies/fma/fmaOwlDlComponent_2_0#Sacral_nerve_plexus,http://www.ihtsdo.org/snomed#Sacral_plexus_structure,True,1.0
http://bioontology.org/projects/ontologies/fma/fmaOwlDlComponent_2_0#Crico_arytenoid_joint,http://www.ihtsdo.org/snomed#Cricoarytenoid_articulation_structure,True,1.0
http://bioontology.org/projects/ontologies/fma/fmaOwlDlComponent_2_0#Presulcal_part_of_dorsum_of_tongue,http://www.ihtsdo.org/snomed#Structure_of_palatine_portion_of_dorsum_of_tongue,True,1.0
http://bioontology.org/projects/ontologies/fma/fmaOwlDlComponent_2_0#Skeleton_of_hand,http://www.ihtsdo.org/snomed#Bone_structure_of_hand,True,1.0
http://bioontology.org/projects/ontologies/fma/fmaOwlDlComponent_2_0#Apicoposterior_segmental_vein,http://www.ihtsdo.org/snomed#Structure_of_apicoposterior_branch_of_superior_left_pulmonary_vein,True,1.0
http://bioontology.org/projects/ontologies/fma/fmaOwlDlComponent_2_0#Pleural_recess,http://www.ihtsdo.org/snomed#Structure_of_pleural_recess,True,1.0
http://bioontology.org/projects/ontologies/fma/fmaOwlDlComponent_2_0#Prepericardial_lymph_node,http://www.ihtsdo.org/snomed#Structure_of_prepericardial_lymph_node,True,1.0
http://bioontology.org/projects/ontologies/fma/fmaOwlDlComponent_2_0#Commissure_of_aortic_valve,http://www.ihtsdo.org/snomed#Structure_of_commissure_of_aortic_valve,True,1.0
http://bioontology.org/projects/ontologies/fma/fmaOwlDlComponent_2_0#Head_of_pancreas,http://www.ihtsdo.org/snomed#Structure_of_head_of_pancreas,True,1.0
http://bioontology.org/projects/ontologies/fma/fmaOwlDlComponent_2_0#Transverse_colon,http://www.ihtsdo.org/snomed#Transverse_colon_structure,True,1.0
http://bioontology.org/projects/ontologies/fma/fmaOwlDlComponent_2_0#Inferior_laryngeal_vein,http://www.ihtsdo.org/snomed#Structure_of_inferior_laryngeal_vein,True,1.0
http://bioontology.org/projects/ontologies/fma/fmaOwlDlComponent_2_0#Superior_medial_genicular_artery,http://www.ihtsdo.org/snomed#Structure_of_superior_medial_genicular_artery,True,1.0
http://bioontology.org/projects/ontologies/fma/fmaOwlDlComponent_2_0#Transverse_acetabular_ligament,http://www.ihtsdo.org/snomed#Structure_of_transverse_acetabular_ligament,False,1.0
http://bioontology.org/projects/ontologies/fma/fmaOwlDlComponent_2_0#Papillary_process_of_caudate_lobe_of_liver,http://www.ihtsdo.org/snomed#Structure_of_papillary_process_of_caudate_lobe_of_liver,True,1.0
http://bioontology.org/projects/ontologies/fma/fmaOwlDlComponent_2_0#Set_of_posterior_labial_veins,http://www.ihtsdo.org/snomed#Structure_of_posterior_labial_vein,True,1.0
http://bioontology.org/projects/ontologies/fma/fmaOwlDlComponent_2_0#Bicipital_groove,http://www.ihtsdo.org/snomed#Bicipital_groove,True,1.0
http://bioontology.org/projects/ontologies/fma/fmaOwlDlComponent_2_0#Plantar_surface_of_toe,http://www.ihtsdo.org/snomed#Structure_of_plantar_surface_of_toe,False,1.0
http://bioontology.org/projects/ontologies/fma/fmaOwlDlComponent_2_0#Supravesical_fossa,http://www.ihtsdo.org/snomed#Structure_of_supravesical_fossa,True,1.0
http://bioontology.org/projects/ontologies/fma/fmaOwlDlComponent_2_0#Brachial_fascia,http://www.ihtsdo.org/snomed#Structure_of_brachial_fascia,True,1.0
http://bioontology.org/projects/ontologies/fma/fmaOwlDlComponent_2_0#Obturator_canal,http://www.ihtsdo.org/snomed#Structure_of_obturator_canal,True,1.0
http://bioontology.org/projects/ontologies/fma/fmaOwlDlComponent_2_0#Genital_branch_of_genitofemoral_nerve,http://www.ihtsdo.org/snomed#Structure_of_genitofemoral_nerve_femoral_branch,False,1.0
http://bioontology.org/projects/ontologies/fma/fmaOwlDlComponent_2_0#Body_of_pubis,http://www.ihtsdo.org/snomed#Structure_of_body_of_pubis,True,1.0
http://bioontology.org/projects/ontologies/fma/fmaOwlDlComponent_2_0#Temporal_branch_of_facial_nerve,http://www.ihtsdo.org/snomed#Facial_nerve_temporal_branch,True,1.0
http://bioontology.org/projects/ontologies/fma/fmaOwlDlComponent_2_0#Pericardial_cavity,http://www.ihtsdo.org/snomed#Pericardial_cavity_structure,True,1.0
http://bioontology.org/projects/ontologies/fma/fmaOwlDlComponent_2_0#Left_frontal_sinus,http://www.ihtsdo.org/snomed#Left_frontal_sinus_structure,True,1.0
http://bioontology.org/projects/ontologies/fma/fmaOwlDlComponent_2_0#Nucleus_pulposus_of_intervertebral_disk_of_second_lumbar_vertebra,http://www.ihtsdo.org/snomed#Structure_of_nucleus_pulposus_of_intervertebral_disc_of_second_lumbar_vertebra,True,1.0
http://bioontology.org/projects/ontologies/fma/fmaOwlDlComponent_2_0#Subdeltoid_bursa,http://www.ihtsdo.org/snomed#Structure_of_acromial_bursa,False,1.0
http://bioontology.org/projects/ontologies/fma/fmaOwlDlComponent_2_0#Set_of_bronchopulmonary_segments,http://www.ihtsdo.org/snomed#Bronchopulmonary_segment_structure,True,1.0
http://bioontology.org/projects/ontologies/fma/fmaOwlDlComponent_2_0#Midcolic_lymph_node,http://www.ihtsdo.org/snomed#Structure_of_midcolic_lymph_node,True,1.0
http://bioontology.org/projects/ontologies/fma/fmaOwlDlComponent_2_0#Postcapillary_venule,http://www.ihtsdo.org/snomed#Structure_of_postcapillary_venule,True,1.0
http://bioontology.org/projects/ontologies/fma/fmaOwlDlComponent_2_0#Diaphysis_of_phalanx_of_ring_finger,http://www.ihtsdo.org/snomed#Structure_of_shaft_of_phalanx_of_ring_finger,True,1.0
http://bioontology.org/projects/ontologies/fma/fmaOwlDlComponent_2_0#Set_of_palmar_metacarpal_ligaments,http://www.ihtsdo.org/snomed#Structure_of_palmar_metacarpal_ligaments,True,1.0
http://bioontology.org/projects/ontologies/fma/fmaOwlDlComponent_2_0#Mesentery_of_jejunum,http://www.ihtsdo.org/snomed#Structure_of_jejunal_mesentery,True,1.0
http://bioontology.org/projects/ontologies/fma/fmaOwlDlComponent_2_0#Tubercle_of_tenth_rib,http://www.ihtsdo.org/snomed#Tubercle_of_tenth_rib_structure,True,1.0
http://bioontology.org/projects/ontologies/fma/fmaOwlDlComponent_2_0#Medial_bicipital_groove,http://www.ihtsdo.org/snomed#Structure_of_medial_bicipital_sulcus,True,1.0
http://bioontology.org/projects/ontologies/fma/fmaOwlDlComponent_2_0#Venous_valve,http://www.ihtsdo.org/snomed#Structure_of_valve_of_vein,True,1.0
http://bioontology.org/projects/ontologies/fma/fmaOwlDlComponent_2_0#Paratracheal_lymph_node,http://www.ihtsdo.org/snomed#Structure_of_paratracheal_lymph_node,True,1.0
http://bioontology.org/projects/ontologies/fma/fmaOwlDlComponent_2_0#Retromammary_fat,http://www.ihtsdo.org/snomed#Structure_of_retromammary_fat,True,1.0
http://bioontology.org/projects/ontologies/fma/fmaOwlDlComponent_2_0#Pudendum,http://www.ihtsdo.org/snomed#Pudendal_artery,False,1.0
http://bioontology.org/projects/ontologies/fma/fmaOwlDlComponent_2_0#Medial_sural_cutaneous_nerve,http://www.ihtsdo.org/snomed#Structure_of_medial_sural_cutaneous_nerve,True,1.0
http://bioontology.org/projects/ontologies/fma/fmaOwlDlComponent_2_0#Third_thoracic_vertebral_arch,http://www.ihtsdo.org/snomed#Structure_of_arch_of_third_thoracic_vertebra,True,1.0
http://bioontology.org/projects/ontologies/fma/fmaOwlDlComponent_2_0#Tributary_of_brachial_vein,http://www.ihtsdo.org/snomed#Structure_of_tributary_of_brachial_vein,False,1.0
http://bioontology.org/projects/ontologies/fma/fmaOwlDlComponent_2_0#Intervertebral_disk_of_first_thoracic_vertebra,http://www.ihtsdo.org/snomed#Intervertebral_disc_structure_of_first_thoracic_vertebra,True,1.0
http://bioontology.org/projects/ontologies/fma/fmaOwlDlComponent_2_0#Deep_transverse_perineal_muscle,http://www.ihtsdo.org/snomed#Structure_of_deep_transverse_perineal_muscle,True,1.0
http://bioontology.org/projects/ontologies/fma/fmaOwlDlComponent_2_0#Branch_of_muscular_branch_of_ophthalmic_artery,http://www.ihtsdo.org/snomed#Structure_of_muscular_branch_of_ophthalmic_artery,True,1.0
http://bioontology.org/projects/ontologies/fma/fmaOwlDlComponent_2_0#Set_of_superior_cerebral_veins,http://www.ihtsdo.org/snomed#Structure_of_superior_cerebral_vein,True,1.0
http://bioontology.org/projects/ontologies/fma/fmaOwlDlComponent_2_0#Intersigmoid_recess,http://www.ihtsdo.org/snomed#Structure_of_intersigmoid_recess,True,1.0
http://bioontology.org/projects/ontologies/fma/fmaOwlDlComponent_2_0#Chondroitin_sulfate,http://www.ihtsdo.org/snomed#Chondroitin_sulfate,True,1.0
http://bioontology.org/projects/ontologies/fma/fmaOwlDlComponent_2_0#Posterior_lobe_of_cerebellum,http://www.ihtsdo.org/snomed#Neocerebellar_structure,True,1.0
http://bioontology.org/projects/ontologies/fma/fmaOwlDlComponent_2_0#Ilioinguinal_nerve,http://www.ihtsdo.org/snomed#Structure_of_ilioinguinal_nerve,True,1.0
http://bioontology.org/projects/ontologies/fma/fmaOwlDlComponent_2_0#Hand,http://www.ihtsdo.org/snomed#Both_hands,False,1.0
http://bioontology.org/projects/ontologies/fma/fmaOwlDlComponent_2_0#Superior_margin_of_spleen,http://www.ihtsdo.org/snomed#Structure_of_superior_margin_of_spleen,True,1.0
http://bioontology.org/projects/ontologies/fma/fmaOwlDlComponent_2_0#Osteon,http://www.ihtsdo.org/snomed#Osteon_structure,True,1.0
http://bioontology.org/projects/ontologies/fma/fmaOwlDlComponent_2_0#Tympanic_nerve,http://www.ihtsdo.org/snomed#Structure_of_tympanic_nerve,True,1.0
http://bioontology.org/projects/ontologies/fma/fmaOwlDlComponent_2_0#Deep_external_pudendal_artery,http://www.ihtsdo.org/snomed#Structure_of_deep_external_pudendal_artery,False,1.0
http://bioontology.org/projects/ontologies/fma/fmaOwlDlComponent_2_0#Superior_articular_process_of_twelfth_thoracic_vertebra,http://www.ihtsdo.org/snomed#Structure_of_superior_articular_process_of_twelfth_thoracic_vertebra,True,1.0
http://bioontology.org/projects/ontologies/fma/fmaOwlDlComponent_2_0#Set_of_radiate_sternocostal_ligaments,http://www.ihtsdo.org/snomed#Structure_of_sternocostal_radiate_ligaments,True,1.0
http://bioontology.org/projects/ontologies/fma/fmaOwlDlComponent_2_0#Medial_lacunar_lymph_node,http://www.ihtsdo.org/snomed#Structure_of_medial_lacunar_lymph_node,True,1.0
http://bioontology.org/projects/ontologies/fma/fmaOwlDlComponent_2_0#Common_modiolar_vein,http://www.ihtsdo.org/snomed#Structure_of_common_modiolar_vein,False,1.0
http://bioontology.org/projects/ontologies/fma/fmaOwlDlComponent_2_0#Posterior_cerebral_artery,http://www.ihtsdo.org/snomed#Structure_of_posterior_cerebral_artery,True,1.0
http://bioontology.org/projects/ontologies/fma/fmaOwlDlComponent_2_0#Tubercle_of_pinna,http://www.ihtsdo.org/snomed#Auricular_tubercle_structure,True,1.0
http://bioontology.org/projects/ontologies/fma/fmaOwlDlComponent_2_0#Layer_of_epithelium_of_ciliary_body,http://www.ihtsdo.org/snomed#Layer_of_ciliary_epithelium,True,1.0
http://bioontology.org/projects/ontologies/fma/fmaOwlDlComponent_2_0#Set_of_occipital_veins,http://www.ihtsdo.org/snomed#Structure_of_occipital_vein,False,1.0
http://bioontology.org/projects/ontologies/fma/fmaOwlDlComponent_2_0#Anterior_triangle_of_neck,http://www.ihtsdo.org/snomed#Anterior_triangle_of_neck,True,1.0
http://bioontology.org/projects/ontologies/fma/fmaOwlDlComponent_2_0#Skin_of_pinna_of_ear,http://www.ihtsdo.org/snomed#Skin_structure_of_pinna,True,1.0
http://bioontology.org/projects/ontologies/fma/fmaOwlDlComponent_2_0#Third_occipital_nerve,http://www.ihtsdo.org/snomed#Structure_of_third_occipital_nerve,True,1.0
http://bioontology.org/projects/ontologies/fma/fmaOwlDlComponent_2_0#Anterior_surface_of_adrenal_gland,http://www.ihtsdo.org/snomed#Structure_of_anterior_surface_of_adrenal_gland,True,1.0
http://bioontology.org/projects/ontologies/fma/fmaOwlDlComponent_2_0#Right_renal_artery,http://www.ihtsdo.org/snomed#Structure_of_right_renal_artery,True,1.0
http://bioontology.org/projects/ontologies/fma/fmaOwlDlComponent_2_0#Lateral_reticulospinal_tract,http://www.ihtsdo.org/snomed#Structure_of_lateral_reticulospinal_tract,True,1.0
http://bioontology.org/projects/ontologies/fma/fmaOwlDlComponent_2_0#Temporal_fascia,http://www.ihtsdo.org/snomed#Temporal_fascia_structure,True,1.0
http://bioontology.org/projects/ontologies/fma/fmaOwlDlComponent_2_0#Body_of_gallbladder,http://www.ihtsdo.org/snomed#Structure_of_body_of_gallbladder,True,1.0
http://bioontology.org/projects/ontologies/fma/fmaOwlDlComponent_2_0#Bile_canaliculus,http://www.ihtsdo.org/snomed#Structure_of_bile_canaliculus,True,1.0
http://bioontology.org/projects/ontologies/fma/fmaOwlDlComponent_2_0#Rhinal_sulcus,http://www.ihtsdo.org/snomed#Structure_of_rhinal_sulcus,True,1.0
http://bioontology.org/projects/ontologies/fma/fmaOwlDlComponent_2_0#Anterior_surface_of_iris,http://www.ihtsdo.org/snomed#Structure_of_anterior_surface_of_iris,True,1.0
http://bioontology.org/projects/ontologies/fma/fmaOwlDlComponent_2_0#Carotid_sheath,http://www.ihtsdo.org/snomed#Structure_of_carotid_sheath,True,1.0
http://bioontology.org/projects/ontologies/fma/fmaOwlDlComponent_2_0#Inferior_macular_vein,http://www.ihtsdo.org/snomed#Structure_of_inferior_macular_vein,True,1.0
http://bioontology.org/projects/ontologies/fma/fmaOwlDlComponent_2_0#Vertebral_plexus,http://www.ihtsdo.org/snomed#Structure_of_vertebral_plexus,True,1.0
http://bioontology.org/projects/ontologies/fma/fmaOwlDlComponent_2_0#Set_of_uterine_veins,http://www.ihtsdo.org/snomed#Structure_of_uterine_vein,True,1.0
http://bioontology.org/projects/ontologies/fma/fmaOwlDlComponent_2_0#Inferior_articular_process_of_axis,http://www.ihtsdo.org/snomed#Structure_of_inferior_articular_process_of_axis,True,1.0
http://bioontology.org/projects/ontologies/fma/fmaOwlDlComponent_2_0#Pancreatic_nerve_plexus,http://www.ihtsdo.org/snomed#Structure_of_pancreatic_plexus,False,1.0
http://bioontology.org/projects/ontologies/fma/fmaOwlDlComponent_2_0#Head_of_eighth_rib,http://www.ihtsdo.org/snomed#Head_of_eighth_rib_structure,True,1.0
http://bioontology.org/projects/ontologies/fma/fmaOwlDlComponent_2_0#Middle_colic_artery,http://www.ihtsdo.org/snomed#Structure_of_middle_colic_artery,True,1.0
http://bioontology.org/projects/ontologies/fma/fmaOwlDlComponent_2_0#Pyloric_canal,http://www.ihtsdo.org/snomed#Structure_of_pyloric_canal,True,1.0
http://bioontology.org/projects/ontologies/fma/fmaOwlDlComponent_2_0#Posterior_tibial_artery,http://www.ihtsdo.org/snomed#Structure_of_posterior_tibial_artery,False,1.0
http://bioontology.org/projects/ontologies/fma/fmaOwlDlComponent_2_0#Nasociliary_nerve,http://www.ihtsdo.org/snomed#Structure_of_nasociliary_nerve,False,1.0
http://bioontology.org/projects/ontologies/fma/fmaOwlDlComponent_2_0#Mediastinal_vein,http://www.ihtsdo.org/snomed#Structure_of_mediastinal_vein,False,1.0
http://bioontology.org/projects/ontologies/fma/fmaOwlDlComponent_2_0#Spheno_occipital_synchondrosis,http://www.ihtsdo.org/snomed#Structure_of_sphenooccipital_synchondrosis,True,1.0
http://bioontology.org/projects/ontologies/fma/fmaOwlDlComponent_2_0#Set_of_roots_of_brachial_nerve_plexus,http://www.ihtsdo.org/snomed#Branch_of_root_of_brachial_plexus,False,1.0
http://bioontology.org/projects/ontologies/fma/fmaOwlDlComponent_2_0#Internal_vertebral_venous_plexus,http://www.ihtsdo.org/snomed#Structure_of_internal_vertebral_venous_plexus,True,1.0
http://bioontology.org/projects/ontologies/fma/fmaOwlDlComponent_2_0#Zygomatic_process_of_maxilla,http://www.ihtsdo.org/snomed#Structure_of_zygomatic_process_of_maxilla,True,1.0
http://bioontology.org/projects/ontologies/fma/fmaOwlDlComponent_2_0#Lymphatic_system,http://www.ihtsdo.org/snomed#Structure_of_lymphatic_system,True,1.0
http://bioontology.org/projects/ontologies/fma/fmaOwlDlComponent_2_0#Ligament_of_liver,http://www.ihtsdo.org/snomed#Structure_of_ligament_of_liver,True,1.0
http://bioontology.org/projects/ontologies/fma/fmaOwlDlComponent_2_0#Left_anterior_segmental_bronchus,http://www.ihtsdo.org/snomed#Structure_of_left_upper_lobe_anterior_segmental_bronchus,True,1.0
http://bioontology.org/projects/ontologies/fma/fmaOwlDlComponent_2_0#Cavity_of_right_hemithorax,http://www.ihtsdo.org/snomed#Structure_of_right_thoracic_cavity,True,1.0
http://bioontology.org/projects/ontologies/fma/fmaOwlDlComponent_2_0#Obturator_muscle,http://www.ihtsdo.org/snomed#Structure_of_obturator_muscle,False,1.0
http://bioontology.org/projects/ontologies/fma/fmaOwlDlComponent_2_0#Mammary_branch_of_internal_thoracic_artery,http://www.ihtsdo.org/snomed#Structure_of_mammary_branch_of_internal_thoracic_artery,True,1.0
http://bioontology.org/projects/ontologies/fma/fmaOwlDlComponent_2_0#Tendon_of_Todaro,http://www.ihtsdo.org/snomed#Structure_of_tendon_of_Todaro,False,1.0
http://bioontology.org/projects/ontologies/fma/fmaOwlDlComponent_2_0#Paravertebral_ganglion,http://www.ihtsdo.org/snomed#Structure_of_sympathetic_trunk_ganglia,True,1.0
http://bioontology.org/projects/ontologies/fma/fmaOwlDlComponent_2_0#Inferior_ulnar_collateral_artery,http://www.ihtsdo.org/snomed#Structure_of_inferior_collateral_ulnar_artery,False,1.0
http://bioontology.org/projects/ontologies/fma/fmaOwlDlComponent_2_0#Conjoint_tendon,http://www.ihtsdo.org/snomed#Structure_of_falx_inguinalis,True,1.0
http://bioontology.org/projects/ontologies/fma/fmaOwlDlComponent_2_0#Sulcus_antihelicis_transversus,http://www.ihtsdo.org/snomed#Structure_of_transverse_antihelicine_sulcus,True,1.0
http://bioontology.org/projects/ontologies/fma/fmaOwlDlComponent_2_0#Anterior_tibial_recurrent_artery,http://www.ihtsdo.org/snomed#Structure_of_anterior_recurrent_tibial_artery,True,1.0
http://bioontology.org/projects/ontologies/fma/fmaOwlDlComponent_2_0#Prevertebral_lymph_node,http://www.ihtsdo.org/snomed#Structure_of_prevertebral_lymph_node,True,1.0
http://bioontology.org/projects/ontologies/fma/fmaOwlDlComponent_2_0#Substantia_nigra,http://www.ihtsdo.org/snomed#Substantia_nigra_structure,True,1.0
http://bioontology.org/projects/ontologies/fma/fmaOwlDlComponent_2_0#Orifice_of_auditory_tube,http://www.ihtsdo.org/snomed#Ostium_of_Eustachian_tube,True,1.0
http://bioontology.org/projects/ontologies/fma/fmaOwlDlComponent_2_0#Ostium_of_pulmonary_vein,http://www.ihtsdo.org/snomed#Structure_of_ostia_of_pulmonary_veins,False,1.0
http://bioontology.org/projects/ontologies/fma/fmaOwlDlComponent_2_0#Proximal_carpal_bone,http://www.ihtsdo.org/snomed#Bone_structure_of_proximal_carpus,True,1.0
http://bioontology.org/projects/ontologies/fma/fmaOwlDlComponent_2_0#Floor_of_middle_ear,http://www.ihtsdo.org/snomed#Structure_of_floor_of_tympanic_cavity,True,1.0
http://bioontology.org/projects/ontologies/fma/fmaOwlDlComponent_2_0#Ascending_lumbar_vein,http://www.ihtsdo.org/snomed#Structure_of_ascending_lumbar_vein,True,1.0
http://bioontology.org/projects/ontologies/fma/fmaOwlDlComponent_2_0#Laryngeal_ventricle,http://www.ihtsdo.org/snomed#Structure_of_ventricle_of_larynx,True,1.0
http://bioontology.org/projects/ontologies/fma/fmaOwlDlComponent_2_0#Pubic_symphysis,http://www.ihtsdo.org/snomed#Symphysis_pubis_structure,True,1.0
http://bioontology.org/projects/ontologies/fma/fmaOwlDlComponent_2_0#Axillary_fascia,http://www.ihtsdo.org/snomed#Structure_of_axillary_fascia,True,1.0
http://bioontology.org/projects/ontologies/fma/fmaOwlDlComponent_2_0#Transverse_ligament_of_knee_joint,http://www.ihtsdo.org/snomed#Structure_of_transverse_ligament_of_knee_joint,False,1.0
http://bioontology.org/projects/ontologies/fma/fmaOwlDlComponent_2_0#Inner_nuclear_layer_of_retina,http://www.ihtsdo.org/snomed#Structure_of_inner_nuclear_layer_of_retina,True,1.0
http://bioontology.org/projects/ontologies/fma/fmaOwlDlComponent_2_0#Deep_femoral_artery,http://www.ihtsdo.org/snomed#Structure_of_profunda_femoris_artery,False,1.0
http://bioontology.org/projects/ontologies/fma/fmaOwlDlComponent_2_0#Set_of_lumbar_splanchnic_nerves,http://www.ihtsdo.org/snomed#Structure_of_lumbar_splanchnic_nerve,True,1.0
http://bioontology.org/projects/ontologies/fma/fmaOwlDlComponent_2_0#Membranous_part_of_nasal_septum,http://www.ihtsdo.org/snomed#Structure_of_membranous_part_of_nasal_septum,True,1.0
http://bioontology.org/projects/ontologies/fma/fmaOwlDlComponent_2_0#Tributary_of_superior_sagittal_sinus,http://www.ihtsdo.org/snomed#Structure_of_tributary_of_superior_sagittal_sinus,True,1.0
http://bioontology.org/projects/ontologies/fma/fmaOwlDlComponent_2_0#Limen_of_insula,http://www.ihtsdo.org/snomed#Structure_of_limen_insulae,True,1.0
http://bioontology.org/projects/ontologies/fma/fmaOwlDlComponent_2_0#Cusp_of_pulmonary_valve,http://www.ihtsdo.org/snomed#Structure_of_cusp_of_pulmonic_valve,True,1.0
http://bioontology.org/projects/ontologies/fma/fmaOwlDlComponent_2_0#Set_of_autonomic_nerves,http://www.ihtsdo.org/snomed#Autonomic_nerve_structure,True,1.0
http://bioontology.org/projects/ontologies/fma/fmaOwlDlComponent_2_0#Right_foot,http://www.ihtsdo.org/snomed#Structure_of_right_foot,False,1.0
http://bioontology.org/projects/ontologies/fma/fmaOwlDlComponent_2_0#Artery_of_ductus_deferens,http://www.ihtsdo.org/snomed#Structure_of_ductus_deferens_artery,True,1.0
http://bioontology.org/projects/ontologies/fma/fmaOwlDlComponent_2_0#Set_of_superior_suprarenal_arteries,http://www.ihtsdo.org/snomed#Structure_of_superior_suprarenal_artery,True,1.0
http://bioontology.org/projects/ontologies/fma/fmaOwlDlComponent_2_0#Inferior_flexure_of_duodenum,http://www.ihtsdo.org/snomed#Structure_of_inferior_flexure_of_duodenum,True,1.0
http://bioontology.org/projects/ontologies/fma/fmaOwlDlComponent_2_0#Wall_of_deferent_duct,http://www.ihtsdo.org/snomed#Vas_deferens_wall_structure,True,1.0
http://bioontology.org/projects/ontologies/fma/fmaOwlDlComponent_2_0#Diaphysis_of_phalanx_of_index_finger,http://www.ihtsdo.org/snomed#Structure_of_shaft_of_phalanx_of_index_finger,True,1.0
http://bioontology.org/projects/ontologies/fma/fmaOwlDlComponent_2_0#Axilla,http://www.ihtsdo.org/snomed#Axillary_region_structure,True,1.0
http://bioontology.org/projects/ontologies/fma/fmaOwlDlComponent_2_0#Left_adrenal_gland,http://www.ihtsdo.org/snomed#Structure_of_left_adrenal_gland,True,1.0
http://bioontology.org/projects/ontologies/fma/fmaOwlDlComponent_2_0#Subcostal_artery,http://www.ihtsdo.org/snomed#Structure_of_subcostal_artery,True,1.0
http://bioontology.org/projects/ontologies/fma/fmaOwlDlComponent_2_0#Lateral_atlanto_axial_joint,http://www.ihtsdo.org/snomed#Structure_of_lateral_atlantoaxial_joint,True,1.0
http://bioontology.org/projects/ontologies/fma/fmaOwlDlComponent_2_0#Set_of_bronchial_branches_of_internal_thoracic_artery,http://www.ihtsdo.org/snomed#Structure_of_bronchial_branch_of_internal_thoracic_artery,True,1.0
http://bioontology.org/projects/ontologies/fma/fmaOwlDlComponent_2_0#Ansa_subclavia,http://www.ihtsdo.org/snomed#Structure_of_ansa_subclavia,True,1.0
http://bioontology.org/projects/ontologies/fma/fmaOwlDlComponent_2_0#Inguinal_ligament,http://www.ihtsdo.org/snomed#Inguinal_ligament_structure,True,1.0
http://bioontology.org/projects/ontologies/fma/fmaOwlDlComponent_2_0#Lateral_border_of_body_of_sternum,http://www.ihtsdo.org/snomed#Structure_of_lateral_border_of_body_of_sternum,True,1.0
http://bioontology.org/projects/ontologies/fma/fmaOwlDlComponent_2_0#Middle_temporal_artery,http://www.ihtsdo.org/snomed#Structure_of_middle_temporal_artery,True,1.0
http://bioontology.org/projects/ontologies/fma/fmaOwlDlComponent_2_0#Synapse,http://www.ihtsdo.org/snomed#Synapse_structure,True,1.0
http://bioontology.org/projects/ontologies/fma/fmaOwlDlComponent_2_0#Set_of_posterior_labial_nerves,http://www.ihtsdo.org/snomed#Structure_of_posterior_labial_nerves,True,1.0
http://bioontology.org/projects/ontologies/fma/fmaOwlDlComponent_2_0#Hair_follicle,http://www.ihtsdo.org/snomed#Hair_follicle_structure,True,1.0
http://bioontology.org/projects/ontologies/fma/fmaOwlDlComponent_2_0#Crural_fascia,http://www.ihtsdo.org/snomed#Structure_of_crural_fascia,True,1.0
http://bioontology.org/projects/ontologies/fma/fmaOwlDlComponent_2_0#Perivascular_fibrous_sheath_of_liver,http://www.ihtsdo.org/snomed#Structure_of_perivascular_fibrous_capsule_of_liver,True,1.0
http://bioontology.org/projects/ontologies/fma/fmaOwlDlComponent_2_0#Tubal_tonsil,http://www.ihtsdo.org/snomed#Structure_of_tubal_tonsil,True,1.0
http://bioontology.org/projects/ontologies/fma/fmaOwlDlComponent_2_0#Navicular_facet_of_cuboid_bone,http://www.ihtsdo.org/snomed#Structure_of_navicular_facet_of_cuboid_bone,True,1.0
http://bioontology.org/projects/ontologies/fma/fmaOwlDlComponent_2_0#Gastric_impression_of_spleen,http://www.ihtsdo.org/snomed#Structure_of_gastric_surface_of_spleen,True,1.0
http://bioontology.org/projects/ontologies/fma/fmaOwlDlComponent_2_0#Minor_alar_cartilage,http://www.ihtsdo.org/snomed#Structure_of_lesser_alar_cartilages,True,1.0
http://bioontology.org/projects/ontologies/fma/fmaOwlDlComponent_2_0#Suprarenal_impression_of_liver,http://www.ihtsdo.org/snomed#Structure_of_adrenal_impression_of_liver,True,1.0
http://bioontology.org/projects/ontologies/fma/fmaOwlDlComponent_2_0#Proximal_epiphysis_of_phalanx_of_fourth_toe,http://www.ihtsdo.org/snomed#Structure_of_base_of_phalanx_of_fourth_toe,True,1.0
http://bioontology.org/projects/ontologies/fma/fmaOwlDlComponent_2_0#Set_of_sigmoid_arteries,http://www.ihtsdo.org/snomed#Structure_of_sigmoid_artery,True,1.0
http://bioontology.org/projects/ontologies/fma/fmaOwlDlComponent_2_0#Diaphysis_of_clavicle,http://www.ihtsdo.org/snomed#Structure_of_shaft_of_clavicle,True,1.0
http://bioontology.org/projects/ontologies/fma/fmaOwlDlComponent_2_0#Posterior_parietal_artery,http://www.ihtsdo.org/snomed#Structure_of_posterior_parietal_artery,True,1.0
http://bioontology.org/projects/ontologies/fma/fmaOwlDlComponent_2_0#Atrioventricular_node,http://www.ihtsdo.org/snomed#Structure_of_atrioventricular_node,True,1.0
http://bioontology.org/projects/ontologies/fma/fmaOwlDlComponent_2_0#Metatarsophalangeal_joint_of_third_toe,http://www.ihtsdo.org/snomed#Metatarsophalangeal_joint_structure_of_third_toe,True,1.0
http://bioontology.org/projects/ontologies/fma/fmaOwlDlComponent_2_0#Hard_palate,http://www.ihtsdo.org/snomed#Hard_palate_structure,True,1.0
http://bioontology.org/projects/ontologies/fma/fmaOwlDlComponent_2_0#Transverse_process_of_eighth_thoracic_vertebra,http://www.ihtsdo.org/snomed#Structure_of_transverse_process_of_eighth_thoracic_vertebra,True,1.0
http://bioontology.org/projects/ontologies/fma/fmaOwlDlComponent_2_0#Posterior_talar_articular_surface,http://www.ihtsdo.org/snomed#Structure_of_posterior_articular_surface_for_talus,True,1.0
http://bioontology.org/projects/ontologies/fma/fmaOwlDlComponent_2_0#Cricoid_cartilage,http://www.ihtsdo.org/snomed#Cricoid_cartilage_structure,True,1.0
http://bioontology.org/projects/ontologies/fma/fmaOwlDlComponent_2_0#Fascia_lata,http://www.ihtsdo.org/snomed#Fascia_lata_structure,True,1.0
http://bioontology.org/projects/ontologies/fma/fmaOwlDlComponent_2_0#Nucleus_pulposus_of_intervertebral_disk_of_twelfth_thoracic_vertebra,http://www.ihtsdo.org/snomed#Structure_of_nucleus_pulposus_of_intervertebral_disc_of_twelfth_thoracic_vertebra,True,1.0
http://bioontology.org/projects/ontologies/fma/fmaOwlDlComponent_2_0#Hilum_of_spleen,http://www.ihtsdo.org/snomed#Structure_of_hilum_of_spleen,True,1.0
http://bioontology.org/projects/ontologies/fma/fmaOwlDlComponent_2_0#Tendon_of_first_lumbrical_of_hand,http://www.ihtsdo.org/snomed#First_lumbrical_muscle_of_hand,False,1.0
http://bioontology.org/projects/ontologies/fma/fmaOwlDlComponent_2_0#Vagus_nerve_nucleus,http://www.ihtsdo.org/snomed#Vagus_nerve_nucleus_structure,True,1.0
http://bioontology.org/projects/ontologies/fma/fmaOwlDlComponent_2_0#Posterior_inferior_cerebellar_artery,http://www.ihtsdo.org/snomed#Structure_of_posterior_inferior_cerebellar_artery,True,1.0
http://bioontology.org/projects/ontologies/fma/fmaOwlDlComponent_2_0#Abdominal_aorta,http://www.ihtsdo.org/snomed#Abdominal_aorta_structure,True,1.0
http://bioontology.org/projects/ontologies/fma/fmaOwlDlComponent_2_0#Parietal_emissary_vein,http://www.ihtsdo.org/snomed#Structure_of_parietal_emissary_vein,False,1.0
http://bioontology.org/projects/ontologies/fma/fmaOwlDlComponent_2_0#Horizontal,http://www.ihtsdo.org/snomed#Horizontal,True,1.0
http://bioontology.org/projects/ontologies/fma/fmaOwlDlComponent_2_0#Handle_of_malleus,http://www.ihtsdo.org/snomed#Structure_of_manubrium_of_malleus,True,1.0
http://bioontology.org/projects/ontologies/fma/fmaOwlDlComponent_2_0#Ventral_nucleus_of_trapezoid_body,http://www.ihtsdo.org/snomed#Structure_of_ventral_nucleus_of_trapezoid_body,True,1.0
http://bioontology.org/projects/ontologies/fma/fmaOwlDlComponent_2_0#Medial_epicondyle_of_humerus,http://www.ihtsdo.org/snomed#Structure_of_medial_epicondyle_of_humerus,True,1.0
http://bioontology.org/projects/ontologies/fma/fmaOwlDlComponent_2_0#Transverse_muscle_of_tongue,http://www.ihtsdo.org/snomed#Structure_of_transverse_muscle_of_tongue,True,1.0
http://bioontology.org/projects/ontologies/fma/fmaOwlDlComponent_2_0#Pedicle_of_second_lumbar_vertebra,http://www.ihtsdo.org/snomed#Structure_of_pedicle_of_second_lumbar_vertebra,True,1.0
http://bioontology.org/projects/ontologies/fma/fmaOwlDlComponent_2_0#Angle_of_first_rib,http://www.ihtsdo.org/snomed#Structure_of_angle_of_first_rib,False,1.0
http://bioontology.org/projects/ontologies/fma/fmaOwlDlComponent_2_0#Pulmonary_valve,http://www.ihtsdo.org/snomed#Pulmonary_valve_structure,True,1.0
http://bioontology.org/projects/ontologies/fma/fmaOwlDlComponent_2_0#External_axis_of_eyeball,http://www.ihtsdo.org/snomed#Structure_of_external_axis_of_eyeball,True,1.0
http://bioontology.org/projects/ontologies/fma/fmaOwlDlComponent_2_0#Foveola,http://www.ihtsdo.org/snomed#Foveola,True,1.0
http://bioontology.org/projects/ontologies/fma/fmaOwlDlComponent_2_0#Set_of_fibrous_sheaths_of_toes,http://www.ihtsdo.org/snomed#Structure_of_fibrous_sheath_of_toe,True,1.0
http://bioontology.org/projects/ontologies/fma/fmaOwlDlComponent_2_0#Intervertebral_vein,http://www.ihtsdo.org/snomed#Structure_of_intervertebral_vein,True,1.0
http://bioontology.org/projects/ontologies/fma/fmaOwlDlComponent_2_0#Sternal_artery,http://www.ihtsdo.org/snomed#Structure_of_sternal_branch_of_internal_thoracic_artery,False,1.0
http://bioontology.org/projects/ontologies/fma/fmaOwlDlComponent_2_0#Set_of_lingual_branches_of_glossopharyngeal_nerve,http://www.ihtsdo.org/snomed#Lingual_branch_of_glossopharyngeal_nerve,True,1.0
http://bioontology.org/projects/ontologies/fma/fmaOwlDlComponent_2_0#Set_of_ethmoidal_veins,http://www.ihtsdo.org/snomed#Structure_of_ethmoidal_vein,False,1.0
http://bioontology.org/projects/ontologies/fma/fmaOwlDlComponent_2_0#Sublingual_vein,http://www.ihtsdo.org/snomed#Structure_of_sublingual_vein,False,1.0
http://bioontology.org/projects/ontologies/fma/fmaOwlDlComponent_2_0#Left_spermatic_cord,http://www.ihtsdo.org/snomed#Vein_of_spermatic_cord,False,1.0
http://bioontology.org/projects/ontologies/fma/fmaOwlDlComponent_2_0#Distal_carpal_bone,http://www.ihtsdo.org/snomed#Bone_structure_of_distal_carpus,True,1.0
http://bioontology.org/projects/ontologies/fma/fmaOwlDlComponent_2_0#Paradidymis,http://www.ihtsdo.org/snomed#Structure_of_paradidymis,True,1.0
http://bioontology.org/projects/ontologies/fma/fmaOwlDlComponent_2_0#Nucleus_of_thalamus,http://www.ihtsdo.org/snomed#Structure_of_nucleus_of_thalamus,True,1.0
http://bioontology.org/projects/ontologies/fma/fmaOwlDlComponent_2_0#Musculophrenic_artery,http://www.ihtsdo.org/snomed#Structure_of_musculophrenic_artery,True,1.0
http://bioontology.org/projects/ontologies/fma/fmaOwlDlComponent_2_0#Corpus_callosum,http://www.ihtsdo.org/snomed#Corpus_callosum_structure,True,1.0
http://bioontology.org/projects/ontologies/fma/fmaOwlDlComponent_2_0#Vein_of_lateral_recess_of_fourth_ventricle,http://www.ihtsdo.org/snomed#Structure_of_vein_of_the_lateral_recess_of_the_fourth_ventricle,False,1.0
http://bioontology.org/projects/ontologies/fma/fmaOwlDlComponent_2_0#Insula,http://www.ihtsdo.org/snomed#Structure_of_cortex_of_insula,True,1.0
http://bioontology.org/projects/ontologies/fma/fmaOwlDlComponent_2_0#Intervertebral_disk_of_fifth_thoracic_vertebra,http://www.ihtsdo.org/snomed#Intervertebral_disc_structure_of_fifth_thoracic_vertebra,True,1.0
http://bioontology.org/projects/ontologies/fma/fmaOwlDlComponent_2_0#Set_of_superficial_anterior_cervical_lymph_nodes,http://www.ihtsdo.org/snomed#Structure_of_superficial_anterior_cervical_lymph_node,True,1.0
http://bioontology.org/projects/ontologies/fma/fmaOwlDlComponent_2_0#Sternal_membrane,http://www.ihtsdo.org/snomed#Structure_of_sternal_membrane,False,1.0
http://bioontology.org/projects/ontologies/fma/fmaOwlDlComponent_2_0#Splenic_nerve_plexus,http://www.ihtsdo.org/snomed#Structure_of_splenic_plexus,False,1.0
http://bioontology.org/projects/ontologies/fma/fmaOwlDlComponent_2_0#Set_of_common_palmar_digital_arteries,http://www.ihtsdo.org/snomed#Structure_of_common_palmar_digital_artery,True,1.0
http://bioontology.org/projects/ontologies/fma/fmaOwlDlComponent_2_0#Fusiform_cell,http://www.ihtsdo.org/snomed#Fusiform_cell,True,1.0
http://bioontology.org/projects/ontologies/fma/fmaOwlDlComponent_2_0#Angle_of_third_rib,http://www.ihtsdo.org/snomed#Structure_of_angle_of_third_rib,False,1.0
http://bioontology.org/projects/ontologies/fma/fmaOwlDlComponent_2_0#Left_crus_of_lumbar_part_of_diaphragm,http://www.ihtsdo.org/snomed#Structure_of_left_crus_of_diaphragm,True,1.0
http://bioontology.org/projects/ontologies/fma/fmaOwlDlComponent_2_0#Second_metacarpal_bone,http://www.ihtsdo.org/snomed#Bone_structure_of_second_metacarpal,True,1.0
http://bioontology.org/projects/ontologies/fma/fmaOwlDlComponent_2_0#Third_coccygeal_vertebra,http://www.ihtsdo.org/snomed#Structure_of_third_coccygeal_vertebra,True,1.0
http://bioontology.org/projects/ontologies/fma/fmaOwlDlComponent_2_0#Cortex_of_frontal_lobe,http://www.ihtsdo.org/snomed#Structure_of_cortex_of_frontal_lobe,False,1.0
http://bioontology.org/projects/ontologies/fma/fmaOwlDlComponent_2_0#Pigmented_layer_of_retina,http://www.ihtsdo.org/snomed#Structure_of_retinal_pigment_epithelium,True,1.0
http://bioontology.org/projects/ontologies/fma/fmaOwlDlComponent_2_0#Obturator_vein,http://www.ihtsdo.org/snomed#Structure_of_obturator_vein,True,1.0
http://bioontology.org/projects/ontologies/fma/fmaOwlDlComponent_2_0#Medial_epicondyle_of_femur,http://www.ihtsdo.org/snomed#Structure_of_medial_epicondyle_of_femur,True,1.0
http://bioontology.org/projects/ontologies/fma/fmaOwlDlComponent_2_0#Set_of_veins_of_caudate_nucleus,http://www.ihtsdo.org/snomed#Caudate_nucleus_structure,False,1.0
http://bioontology.org/projects/ontologies/fma/fmaOwlDlComponent_2_0#Superior_parietal_lobule,http://www.ihtsdo.org/snomed#Structure_of_superior_parietal_lobule,True,1.0
http://bioontology.org/projects/ontologies/fma/fmaOwlDlComponent_2_0#Nasolabial_sulcus,http://www.ihtsdo.org/snomed#Nasolabial_sulcus_structure,True,1.0
http://bioontology.org/projects/ontologies/fma/fmaOwlDlComponent_2_0#Right_parietal_lobe,http://www.ihtsdo.org/snomed#Right_parietal_lobe_structure,True,1.0
http://bioontology.org/projects/ontologies/fma/fmaOwlDlComponent_2_0#Vein_of_bulb_of_penis,http://www.ihtsdo.org/snomed#Structure_of_vein_of_the_bulb_of_the_penis,True,1.0
http://bioontology.org/projects/ontologies/fma/fmaOwlDlComponent_2_0#Occipital_lobe,http://www.ihtsdo.org/snomed#Occipital_region_structure,True,1.0
http://bioontology.org/projects/ontologies/fma/fmaOwlDlComponent_2_0#Uterovesical_fold,http://www.ihtsdo.org/snomed#Structure_of_anterior_ligament_of_uterus,True,1.0
http://bioontology.org/projects/ontologies/fma/fmaOwlDlComponent_2_0#Breast,http://www.ihtsdo.org/snomed#Both_breasts,False,1.0
http://bioontology.org/projects/ontologies/fma/fmaOwlDlComponent_2_0#Skin_of_upper_eyelid,http://www.ihtsdo.org/snomed#Skin_structure_of_upper_eyelid,True,1.0
http://bioontology.org/projects/ontologies/fma/fmaOwlDlComponent_2_0#Scapulothoracic_joint,http://www.ihtsdo.org/snomed#Scapulothoracic_joint,True,1.0
http://bioontology.org/projects/ontologies/fma/fmaOwlDlComponent_2_0#Sex_chromosome,http://www.ihtsdo.org/snomed#Sex_chromosome,True,1.0
http://bioontology.org/projects/ontologies/fma/fmaOwlDlComponent_2_0#Root_canal_of_tooth,http://www.ihtsdo.org/snomed#Structure_of_root_canal_of_tooth,True,1.0
http://bioontology.org/projects/ontologies/fma/fmaOwlDlComponent_2_0#Cerumen,http://www.ihtsdo.org/snomed#Cerumen,True,1.0
http://bioontology.org/projects/ontologies/fma/fmaOwlDlComponent_2_0#Cystic_artery,http://www.ihtsdo.org/snomed#Structure_of_cystic_artery,False,1.0
http://bioontology.org/projects/ontologies/fma/fmaOwlDlComponent_2_0#Nucleus_intercalatus,http://www.ihtsdo.org/snomed#Structure_of_nucleus_intercalatus,True,1.0
http://bioontology.org/projects/ontologies/fma/fmaOwlDlComponent_2_0#Set_of_intermediate_supraclavicular_nerves,http://www.ihtsdo.org/snomed#Intermediate_supraclavicular_nerves,True,1.0
http://bioontology.org/projects/ontologies/fma/fmaOwlDlComponent_2_0#Anulus_fibrosus_of_intervertebral_disk_of_fourth_cervical_vertebra,http://www.ihtsdo.org/snomed#Structure_of_anulus_fibrosus_of_intervertebral_disc_of_fourth_cervical_vertebra,True,1.0
http://bioontology.org/projects/ontologies/fma/fmaOwlDlComponent_2_0#Conoid_tubercle_of_clavicle,http://www.ihtsdo.org/snomed#Structure_of_conoid_tubercle_of_clavicle,True,1.0
http://bioontology.org/projects/ontologies/fma/fmaOwlDlComponent_2_0#Ganglion_of_cranial_nerve,http://www.ihtsdo.org/snomed#Intracranial_ganglion,True,1.0
http://bioontology.org/projects/ontologies/fma/fmaOwlDlComponent_2_0#Antebrachial_fascia,http://www.ihtsdo.org/snomed#Structure_of_antebrachial_fascia,True,1.0
http://bioontology.org/projects/ontologies/fma/fmaOwlDlComponent_2_0#Extensor_carpi_radialis_longus,http://www.ihtsdo.org/snomed#Structure_of_extensor_carpi_radialis_muscle_tendon,False,1.0
http://bioontology.org/projects/ontologies/fma/fmaOwlDlComponent_2_0#Molecular_layer_of_cerebellar_cortex,http://www.ihtsdo.org/snomed#Structure_of_molecular_layer_of_cerebellar_cortex,True,1.0
http://bioontology.org/projects/ontologies/fma/fmaOwlDlComponent_2_0#Set_of_meridians_of_eyeball,http://www.ihtsdo.org/snomed#Structure_of_meridian_of_eyeball,True,1.0
http://bioontology.org/projects/ontologies/fma/fmaOwlDlComponent_2_0#Internal_spermatic_fascia,http://www.ihtsdo.org/snomed#Structure_of_internal_spermatic_fascia,True,1.0
http://bioontology.org/projects/ontologies/fma/fmaOwlDlComponent_2_0#Papillary_muscle_of_right_ventricle,http://www.ihtsdo.org/snomed#Structure_of_papillary_muscles_of_right_ventricle,True,1.0
http://bioontology.org/projects/ontologies/fma/fmaOwlDlComponent_2_0#Vestibular_nerve,http://www.ihtsdo.org/snomed#Vestibular_nerve_structure,True,1.0
http://bioontology.org/projects/ontologies/fma/fmaOwlDlComponent_2_0#Fetal_uterus,http://www.ihtsdo.org/snomed#Structure_of_fetal_uterus,True,1.0
http://bioontology.org/projects/ontologies/fma/fmaOwlDlComponent_2_0#Posterior_nuclear_group_of_thalamus,http://www.ihtsdo.org/snomed#Structure_of_posterior_nuclear_group_of_thalamus,True,1.0
http://bioontology.org/projects/ontologies/fma/fmaOwlDlComponent_2_0#Posterior_transverse_temporal_gyrus,http://www.ihtsdo.org/snomed#Structure_of_posterior_transverse_temporal_gyrus,True,1.0
http://bioontology.org/projects/ontologies/fma/fmaOwlDlComponent_2_0#Deep_fibular_nerve,http://www.ihtsdo.org/snomed#Structure_of_deep_peroneal_nerve,True,1.0
http://bioontology.org/projects/ontologies/fma/fmaOwlDlComponent_2_0#Adrenal_medulla,http://www.ihtsdo.org/snomed#Adrenal_medulla_structure,True,1.0
http://bioontology.org/projects/ontologies/fma/fmaOwlDlComponent_2_0#Endopeduncular_nucleus,http://www.ihtsdo.org/snomed#Structure_of_endopeduncular_nucleus,False,1.0
http://bioontology.org/projects/ontologies/fma/fmaOwlDlComponent_2_0#Distal_epiphysis_of_metatarsal_bone,http://www.ihtsdo.org/snomed#Structure_of_head_of_metatarsal_bone,True,1.0
http://bioontology.org/projects/ontologies/fma/fmaOwlDlComponent_2_0#Main_pancreatic_duct,http://www.ihtsdo.org/snomed#Structure_of_duct_of_Wirsung,False,1.0
http://bioontology.org/projects/ontologies/fma/fmaOwlDlComponent_2_0#Central_retinal_vein,http://www.ihtsdo.org/snomed#Structure_of_central_vein_of_the_retina,True,1.0
http://bioontology.org/projects/ontologies/fma/fmaOwlDlComponent_2_0#Bifurcate_dorsal_tarsal_ligament,http://www.ihtsdo.org/snomed#Structure_of_bifurcated_ligament,True,1.0
http://bioontology.org/projects/ontologies/fma/fmaOwlDlComponent_2_0#Superior_pole_of_right_kidney,http://www.ihtsdo.org/snomed#Upper_pole_right_kidney,True,1.0
http://bioontology.org/projects/ontologies/fma/fmaOwlDlComponent_2_0#Superior_articular_process_of_third_lumbar_vertebra,http://www.ihtsdo.org/snomed#Structure_of_superior_articular_process_of_third_lumbar_vertebra,True,1.0
http://bioontology.org/projects/ontologies/fma/fmaOwlDlComponent_2_0#Nucleus_pulposus_of_intervertebral_disk_of_seventh_thoracic_vertebra,http://www.ihtsdo.org/snomed#Structure_of_nucleus_pulposus_of_intervertebral_disc_of_seventh_thoracic_vertebra,True,1.0
http://bioontology.org/projects/ontologies/fma/fmaOwlDlComponent_2_0#Lamina_of_fourth_lumbar_vertebra,http://www.ihtsdo.org/snomed#Structure_of_lamina_of_fourth_lumbar_vertebra,True,1.0
http://bioontology.org/projects/ontologies/fma/fmaOwlDlComponent_2_0#Segment_of_skin,http://www.ihtsdo.org/snomed#Structure_of_skin_region,True,1.0
http://bioontology.org/projects/ontologies/fma/fmaOwlDlComponent_2_0#Inferior_duodenal_fold,http://www.ihtsdo.org/snomed#Structure_of_inferior_duodenal_fold,True,1.0
http://bioontology.org/projects/ontologies/fma/fmaOwlDlComponent_2_0#Bulb_of_penis,http://www.ihtsdo.org/snomed#Structure_of_bulb_of_penis,True,1.0
http://bioontology.org/projects/ontologies/fma/fmaOwlDlComponent_2_0#Medial_meniscus,http://www.ihtsdo.org/snomed#Medial_meniscus_structure,True,1.0
http://bioontology.org/projects/ontologies/fma/fmaOwlDlComponent_2_0#Distal_interphalangeal_joint_of_third_toe,http://www.ihtsdo.org/snomed#Distal_interphalangeal_joint_structure_of_third_toe,True,1.0
http://bioontology.org/projects/ontologies/fma/fmaOwlDlComponent_2_0#Vestibular_area,http://www.ihtsdo.org/snomed#Vestibular_area,False,1.0
http://bioontology.org/projects/ontologies/fma/fmaOwlDlComponent_2_0#Scaphoid,http://www.ihtsdo.org/snomed#Bone_structure_of_scaphoid,True,1.0
http://bioontology.org/projects/ontologies/fma/fmaOwlDlComponent_2_0#Superficial_lymphatic_vessel,http://www.ihtsdo.org/snomed#Structure_of_superficial_lymphatic_vessel,True,1.0
http://bioontology.org/projects/ontologies/fma/fmaOwlDlComponent_2_0#Arch_of_third_lumbar_vertebra,http://www.ihtsdo.org/snomed#Structure_of_arch_of_third_lumbar_vertebra,True,1.0
http://bioontology.org/projects/ontologies/fma/fmaOwlDlComponent_2_0#Sixth_intercostal_nerve,http://www.ihtsdo.org/snomed#Sixth_intercostal_nerve,True,1.0
http://bioontology.org/projects/ontologies/fma/fmaOwlDlComponent_2_0#Muscular_branch_of_median_nerve,http://www.ihtsdo.org/snomed#Structure_of_median_nerve_muscular_branches,True,1.0
http://bioontology.org/projects/ontologies/fma/fmaOwlDlComponent_2_0#Left_lateral_wall_of_nasopharynx,http://www.ihtsdo.org/snomed#Structure_of_left_lateral_nasopharynx,True,1.0
http://bioontology.org/projects/ontologies/fma/fmaOwlDlComponent_2_0#Mesometrium,http://www.ihtsdo.org/snomed#Structure_of_mesometrium,True,1.0
http://bioontology.org/projects/ontologies/fma/fmaOwlDlComponent_2_0#Nucleus_of_lens,http://www.ihtsdo.org/snomed#Structure_of_nucleus_of_lens,True,1.0
http://bioontology.org/projects/ontologies/fma/fmaOwlDlComponent_2_0#Muscle_of_pharynx,http://www.ihtsdo.org/snomed#Muscle_structure_of_pharynx,True,1.0
http://bioontology.org/projects/ontologies/fma/fmaOwlDlComponent_2_0#Sesamoid_bone_of_hand,http://www.ihtsdo.org/snomed#Structure_of_sesamoid_bone_of_hand,False,1.0
http://bioontology.org/projects/ontologies/fma/fmaOwlDlComponent_2_0#Lamina_of_second_lumbar_vertebra,http://www.ihtsdo.org/snomed#Structure_of_lamina_of_second_lumbar_vertebra,True,1.0
http://bioontology.org/projects/ontologies/fma/fmaOwlDlComponent_2_0#Maxillary_sinus,http://www.ihtsdo.org/snomed#Maxillary_sinus_structure,True,1.0
http://bioontology.org/projects/ontologies/fma/fmaOwlDlComponent_2_0#Falciform_ligament,http://www.ihtsdo.org/snomed#Falciform_ligament_structure,True,1.0
http://bioontology.org/projects/ontologies/fma/fmaOwlDlComponent_2_0#Right_inferior_pulmonary_vein,http://www.ihtsdo.org/snomed#Structure_of_inferior_right_pulmonary_vein,True,1.0
http://bioontology.org/projects/ontologies/fma/fmaOwlDlComponent_2_0#Wall_of_stomach,http://www.ihtsdo.org/snomed#Stomach_wall_structure,True,1.0
http://bioontology.org/projects/ontologies/fma/fmaOwlDlComponent_2_0#Ligament_of_head_of_femur,http://www.ihtsdo.org/snomed#Structure_of_ligament_of_the_head_of_the_femur,True,1.0
http://bioontology.org/projects/ontologies/fma/fmaOwlDlComponent_2_0#Buccal_cusp_of_tooth,http://www.ihtsdo.org/snomed#Structure_of_buccal_cusp,True,1.0
http://bioontology.org/projects/ontologies/fma/fmaOwlDlComponent_2_0#Distal_epiphysis_of_phalanx_of_second_toe,http://www.ihtsdo.org/snomed#Structure_of_distal_phalanx_of_second_toe,True,1.0
http://bioontology.org/projects/ontologies/fma/fmaOwlDlComponent_2_0#Renal_corpuscle,http://www.ihtsdo.org/snomed#Renal_corpuscle_structure,True,1.0
http://bioontology.org/projects/ontologies/fma/fmaOwlDlComponent_2_0#Medial_habenular_nucleus,http://www.ihtsdo.org/snomed#Medial_nucleus_of_habenula,True,1.0
http://bioontology.org/projects/ontologies/fma/fmaOwlDlComponent_2_0#Upper_pole_of_spleen,http://www.ihtsdo.org/snomed#Upper_pole_of_spleen,True,1.0
http://bioontology.org/projects/ontologies/fma/fmaOwlDlComponent_2_0#Colic_lymph_node,http://www.ihtsdo.org/snomed#Structure_of_colic_lymph_node,False,1.0
http://bioontology.org/projects/ontologies/fma/fmaOwlDlComponent_2_0#Subthalamic_fasciculus,http://www.ihtsdo.org/snomed#Structure_of_subthalamic_fasciculus,False,1.0
http://bioontology.org/projects/ontologies/fma/fmaOwlDlComponent_2_0#Apex_of_arytenoid_cartilage,http://www.ihtsdo.org/snomed#Structure_of_apex_of_arytenoid_cartilage,True,1.0
http://bioontology.org/projects/ontologies/fma/fmaOwlDlComponent_2_0#Urethral_gland,http://www.ihtsdo.org/snomed#Urethral_gland_structure,True,1.0
http://bioontology.org/projects/ontologies/fma/fmaOwlDlComponent_2_0#Deep_perineal_space,http://www.ihtsdo.org/snomed#Deep_perineal_space_structure,True,1.0
http://bioontology.org/projects/ontologies/fma/fmaOwlDlComponent_2_0#Skin_of_labium_majus,http://www.ihtsdo.org/snomed#Skin_structure_of_labium_majus,True,1.0
http://bioontology.org/projects/ontologies/fma/fmaOwlDlComponent_2_0#Trunk_of_pubic_part_of_inferior_epigastric_artery,http://www.ihtsdo.org/snomed#Structure_of_pubic_branch_of_inferior_epigastric_artery,True,1.0
http://bioontology.org/projects/ontologies/fma/fmaOwlDlComponent_2_0#Uterine_vein,http://www.ihtsdo.org/snomed#Structure_of_uterine_vein,True,1.0
http://bioontology.org/projects/ontologies/fma/fmaOwlDlComponent_2_0#Suprascapular_artery,http://www.ihtsdo.org/snomed#Structure_of_transverse_scapular_artery,True,1.0
http://bioontology.org/projects/ontologies/fma/fmaOwlDlComponent_2_0#Perirenal_fat,http://www.ihtsdo.org/snomed#Structure_of_perirenal_fat,True,1.0
http://bioontology.org/projects/ontologies/fma/fmaOwlDlComponent_2_0#Tibial_nerve,http://www.ihtsdo.org/snomed#Structure_of_tibial_nerve,True,1.0
http://bioontology.org/projects/ontologies/fma/fmaOwlDlComponent_2_0#Anterior_process_of_malleus,http://www.ihtsdo.org/snomed#Structure_of_anterior_process_of_malleus,True,1.0
http://bioontology.org/projects/ontologies/fma/fmaOwlDlComponent_2_0#Lateral_surface_of_toe,http://www.ihtsdo.org/snomed#Structure_of_lateral_surface_of_toe,True,1.0
http://bioontology.org/projects/ontologies/fma/fmaOwlDlComponent_2_0#Prepyriform_area,http://www.ihtsdo.org/snomed#Structure_of_lateral_olfactory_gyrus,True,1.0
http://bioontology.org/projects/ontologies/fma/fmaOwlDlComponent_2_0#Glucuronic_acid,http://www.ihtsdo.org/snomed#Glucuronic_acid,True,1.0
http://bioontology.org/projects/ontologies/fma/fmaOwlDlComponent_2_0#Diaphysis_of_fourth_metacarpal_bone,http://www.ihtsdo.org/snomed#Structure_of_shaft_of_fourth_metacarpal_bone,True,1.0
http://bioontology.org/projects/ontologies/fma/fmaOwlDlComponent_2_0#Tributary_of_retromandibular_vein,http://www.ihtsdo.org/snomed#Structure_of_tributary_of_retromandibular_vein,True,1.0
http://bioontology.org/projects/ontologies/fma/fmaOwlDlComponent_2_0#Left_superior_lobar_bronchus,http://www.ihtsdo.org/snomed#Structure_of_bronchus_of_left_upper_lobe,True,1.0
http://bioontology.org/projects/ontologies/fma/fmaOwlDlComponent_2_0#Ligament_of_metatarsophalangeal_joint,http://www.ihtsdo.org/snomed#Structure_of_ligament_of_metatarsophalangeal_joint,True,1.0
http://bioontology.org/projects/ontologies/fma/fmaOwlDlComponent_2_0#Thymic_vein,http://www.ihtsdo.org/snomed#Structure_of_thymic_vein,True,1.0
http://bioontology.org/projects/ontologies/fma/fmaOwlDlComponent_2_0#Medial_vein_of_lateral_ventricle,http://www.ihtsdo.org/snomed#Structure_of_medial_vein_of_the_lateral_ventricle,True,1.0
http://bioontology.org/projects/ontologies/fma/fmaOwlDlComponent_2_0#Triangular_fovea_of_arytenoid_cartilage,http://www.ihtsdo.org/snomed#Structure_of_fovea_triangularis_of_arytenoid_cartilage,True,1.0
http://bioontology.org/projects/ontologies/fma/fmaOwlDlComponent_2_0#Root_of_right_lung,http://www.ihtsdo.org/snomed#Structure_of_root_of_right_lung,True,1.0
http://bioontology.org/projects/ontologies/fma/fmaOwlDlComponent_2_0#Lower_lobar_branch_of_pulmonary_artery,http://www.ihtsdo.org/snomed#Right_pulmonary_artery_branch,False,1.0
http://bioontology.org/projects/ontologies/fma/fmaOwlDlComponent_2_0#Coccygeal_nerve_plexus,http://www.ihtsdo.org/snomed#Structure_of_coccygeal_plexus,True,1.0
http://bioontology.org/projects/ontologies/fma/fmaOwlDlComponent_2_0#Right_frontal_lobe,http://www.ihtsdo.org/snomed#Right_frontal_lobe_structure,True,1.0
http://bioontology.org/projects/ontologies/fma/fmaOwlDlComponent_2_0#Distal_portion_of_right_coronary_artery,http://www.ihtsdo.org/snomed#Structure_of_distal_portion_of_right_coronary_artery,True,1.0
http://bioontology.org/projects/ontologies/fma/fmaOwlDlComponent_2_0#Styloid_process_of_fibula,http://www.ihtsdo.org/snomed#Structure_of_apex_of_head_of_fibula,False,1.0
http://bioontology.org/projects/ontologies/fma/fmaOwlDlComponent_2_0#Left_maxillary_sinus,http://www.ihtsdo.org/snomed#Left_maxillary_sinus_structure,True,1.0
http://bioontology.org/projects/ontologies/fma/fmaOwlDlComponent_2_0#External_sphincter_of_urinary_bladder,http://www.ihtsdo.org/snomed#Structure_of_external_sphincter_of_urinary_bladder,True,1.0
http://bioontology.org/projects/ontologies/fma/fmaOwlDlComponent_2_0#Anterior_communicating_artery,http://www.ihtsdo.org/snomed#Structure_of_anterior_communicating_artery,True,1.0
http://bioontology.org/projects/ontologies/fma/fmaOwlDlComponent_2_0#Pulmonary_trunk,http://www.ihtsdo.org/snomed#Structure_of_trunk_of_pulmonary_artery,True,1.0
http://bioontology.org/projects/ontologies/fma/fmaOwlDlComponent_2_0#Vertical_muscle_of_tongue,http://www.ihtsdo.org/snomed#Structure_of_vertical_muscle_of_tongue,True,1.0
http://bioontology.org/projects/ontologies/fma/fmaOwlDlComponent_2_0#Third_intercostal_nerve,http://www.ihtsdo.org/snomed#Third_intercostal_nerve,True,1.0
http://bioontology.org/projects/ontologies/fma/fmaOwlDlComponent_2_0#Lumen_of_trachea,http://www.ihtsdo.org/snomed#Structure_of_tracheal_lumen,False,1.0
http://bioontology.org/projects/ontologies/fma/fmaOwlDlComponent_2_0#Conus_medullaris,http://www.ihtsdo.org/snomed#Structure_of_conus_medullaris,True,1.0
http://bioontology.org/projects/ontologies/fma/fmaOwlDlComponent_2_0#Submandibular_space,http://www.ihtsdo.org/snomed#Submandibular_space_structure,True,1.0
http://bioontology.org/projects/ontologies/fma/fmaOwlDlComponent_2_0#Right_colic_lymph_node,http://www.ihtsdo.org/snomed#Structure_of_right_colic_lymph_node,True,1.0
http://bioontology.org/projects/ontologies/fma/fmaOwlDlComponent_2_0#Head_of_ninth_rib,http://www.ihtsdo.org/snomed#Structure_of_neck_of_ninth_rib,False,1.0
http://bioontology.org/projects/ontologies/fma/fmaOwlDlComponent_2_0#Interleukin_10,http://www.ihtsdo.org/snomed#Interleukin,False,1.0
http://bioontology.org/projects/ontologies/fma/fmaOwlDlComponent_2_0#External_iliac_artery,http://www.ihtsdo.org/snomed#Structure_of_external_iliac_artery,True,1.0
http://bioontology.org/projects/ontologies/fma/fmaOwlDlComponent_2_0#Transverse_process_of_lumbar_vertebra,http://www.ihtsdo.org/snomed#Structure_of_transverse_process_of_vertebra,True,1.0
http://bioontology.org/projects/ontologies/fma/fmaOwlDlComponent_2_0#Medial_vestibular_nucleus,http://www.ihtsdo.org/snomed#Structure_of_medial_vestibular_nucleus,True,1.0
http://bioontology.org/projects/ontologies/fma/fmaOwlDlComponent_2_0#Thyroid_foramen,http://www.ihtsdo.org/snomed#Structure_of_thyroid_foramen,False,1.0
http://bioontology.org/projects/ontologies/fma/fmaOwlDlComponent_2_0#Trunk_of_systemic_vein,http://www.ihtsdo.org/snomed#Structure_of_systemic_vein_of_trunk,True,1.0
http://bioontology.org/projects/ontologies/fma/fmaOwlDlComponent_2_0#Tunica_albuginea_of_corpus_spongiosum_of_penis,http://www.ihtsdo.org/snomed#Structure_of_tunica_albuginea_of_corpus_spongiosum,True,1.0
http://bioontology.org/projects/ontologies/fma/fmaOwlDlComponent_2_0#Anterior_vertebral_vein,http://www.ihtsdo.org/snomed#Structure_of_anterior_vertebral_vein,True,1.0
http://bioontology.org/projects/ontologies/fma/fmaOwlDlComponent_2_0#Lobe_of_thyroid_gland,http://www.ihtsdo.org/snomed#Structure_of_lobe_of_thyroid_gland,False,1.0
http://bioontology.org/projects/ontologies/fma/fmaOwlDlComponent_2_0#Apex_of_root_of_tooth,http://www.ihtsdo.org/snomed#Structure_of_apex_of_root_of_tooth,True,1.0
http://bioontology.org/projects/ontologies/fma/fmaOwlDlComponent_2_0#Fourth_ventricle,http://www.ihtsdo.org/snomed#Fifth_ventricle,False,1.0
http://bioontology.org/projects/ontologies/fma/fmaOwlDlComponent_2_0#Body_of_second_rib,http://www.ihtsdo.org/snomed#Structure_of_shaft_of_second_rib,True,1.0
http://bioontology.org/projects/ontologies/fma/fmaOwlDlComponent_2_0#Lunate_surface_of_acetabulum,http://www.ihtsdo.org/snomed#Structure_of_lunar_surface_of_acetabulum,True,1.0
http://bioontology.org/projects/ontologies/fma/fmaOwlDlComponent_2_0#Limbus_of_fossa_ovalis,http://www.ihtsdo.org/snomed#Structure_of_limbus_of_fossa_ovalis,True,1.0
http://bioontology.org/projects/ontologies/fma/fmaOwlDlComponent_2_0#Anterior_pole_of_eyeball,http://www.ihtsdo.org/snomed#Structure_of_anterior_pole_of_eye,True,1.0
http://bioontology.org/projects/ontologies/fma/fmaOwlDlComponent_2_0#Spinal_trigeminal_tract_of_pons,http://www.ihtsdo.org/snomed#Structure_of_spinal_trigeminal_tract_of_pons,True,1.0
http://bioontology.org/projects/ontologies/fma/fmaOwlDlComponent_2_0#Proximal_epiphysis_of_phalanx_of_middle_finger,http://www.ihtsdo.org/snomed#Base_of_middle_phalanx_of_middle_finger,False,1.0
http://bioontology.org/projects/ontologies/fma/fmaOwlDlComponent_2_0#Iliac_nerve_plexus,http://www.ihtsdo.org/snomed#Structure_of_iliac_plexus,False,1.0
http://bioontology.org/projects/ontologies/fma/fmaOwlDlComponent_2_0#Cortex_of_occipital_lobe,http://www.ihtsdo.org/snomed#Structure_of_cortex_of_occipital_lobe,True,1.0
http://bioontology.org/projects/ontologies/fma/fmaOwlDlComponent_2_0#Dorsalis_pedis_artery,http://www.ihtsdo.org/snomed#Structure_of_dorsalis_pedis_artery,True,1.0
http://bioontology.org/projects/ontologies/fma/fmaOwlDlComponent_2_0#Set_of_pericardiacophrenic_veins,http://www.ihtsdo.org/snomed#Pericardiacophrenic_vein,True,1.0
http://bioontology.org/projects/ontologies/fma/fmaOwlDlComponent_2_0#Right_posterior_segmental_vein,http://www.ihtsdo.org/snomed#Structure_of_posterior_branch_of_superior_right_pulmonary_vein,True,1.0
http://bioontology.org/projects/ontologies/fma/fmaOwlDlComponent_2_0#Diaphragmatic_surface_of_lung,http://www.ihtsdo.org/snomed#Structure_of_diaphragmatic_surface_of_lung,True,1.0
http://bioontology.org/projects/ontologies/fma/fmaOwlDlComponent_2_0#Ciliary_process,http://www.ihtsdo.org/snomed#Structure_of_ciliary_processes,True,1.0
http://bioontology.org/projects/ontologies/fma/fmaOwlDlComponent_2_0#Set_of_dorsal_metacarpal_arteries,http://www.ihtsdo.org/snomed#Structure_of_dorsal_metacarpal_artery,False,1.0
http://bioontology.org/projects/ontologies/fma/fmaOwlDlComponent_2_0#Primary_canine_tooth,http://www.ihtsdo.org/snomed#Structure_of_deciduous_canine_tooth,True,1.0
http://bioontology.org/projects/ontologies/fma/fmaOwlDlComponent_2_0#Ileocecal_recess,http://www.ihtsdo.org/snomed#Cecal_recess,True,1.0
http://bioontology.org/projects/ontologies/fma/fmaOwlDlComponent_2_0#Articular_circumference_of_ulna,http://www.ihtsdo.org/snomed#Structure_of_articular_circumference_of_ulna,True,1.0
http://bioontology.org/projects/ontologies/fma/fmaOwlDlComponent_2_0#Subserosa_of_uterus,http://www.ihtsdo.org/snomed#Structure_of_uterine_subserosa,True,1.0
http://bioontology.org/projects/ontologies/fma/fmaOwlDlComponent_2_0#Acetabular_notch,http://www.ihtsdo.org/snomed#Structure_of_acetabular_notch,True,1.0
http://bioontology.org/projects/ontologies/fma/fmaOwlDlComponent_2_0#Tectobulbar_tract,http://www.ihtsdo.org/snomed#Structure_of_tectobulbar_tract,True,1.0
http://bioontology.org/projects/ontologies/fma/fmaOwlDlComponent_2_0#Right_colic_flexure,http://www.ihtsdo.org/snomed#Structure_of_right_colic_flexure,True,1.0
http://bioontology.org/projects/ontologies/fma/fmaOwlDlComponent_2_0#Superficial_transverse_metatarsal_ligament,http://www.ihtsdo.org/snomed#Structure_of_superficial_transverse_metatarsal_ligament,True,1.0
http://bioontology.org/projects/ontologies/fma/fmaOwlDlComponent_2_0#Inferior_lateral_genicular_artery,http://www.ihtsdo.org/snomed#Structure_of_inferior_lateral_genicular_artery,True,1.0
http://bioontology.org/projects/ontologies/fma/fmaOwlDlComponent_2_0#Sacral_splanchnic_nerve,http://www.ihtsdo.org/snomed#Structure_of_sacral_splanchnic_nerves,True,1.0
http://bioontology.org/projects/ontologies/fma/fmaOwlDlComponent_2_0#Inferior_border_of_manubrium,http://www.ihtsdo.org/snomed#Structure_of_inferior_border_of_manubrium,True,1.0
http://bioontology.org/projects/ontologies/fma/fmaOwlDlComponent_2_0#Ethmoidal_bulla,http://www.ihtsdo.org/snomed#Structure_of_ethmoidal_bulla,True,1.0
http://bioontology.org/projects/ontologies/fma/fmaOwlDlComponent_2_0#Proximal_phalanx_of_big_toe,http://www.ihtsdo.org/snomed#Structure_of_proximal_phalanx_of_great_toe,True,1.0
http://bioontology.org/projects/ontologies/fma/fmaOwlDlComponent_2_0#Inferior_margin_of_spleen,http://www.ihtsdo.org/snomed#Structure_of_inferior_margin_of_spleen,True,1.0
http://bioontology.org/projects/ontologies/fma/fmaOwlDlComponent_2_0#Medial_circumflex_femoral_artery,http://www.ihtsdo.org/snomed#Structure_of_medial_circumflex_femoral_artery,True,1.0
http://bioontology.org/projects/ontologies/fma/fmaOwlDlComponent_2_0#Anococcygeal_nerve,http://www.ihtsdo.org/snomed#Structure_of_anococcygeal_nerve,True,1.0
http://bioontology.org/projects/ontologies/fma/fmaOwlDlComponent_2_0#Nail,http://www.ihtsdo.org/snomed#Nail_plate_structure,True,1.0
http://bioontology.org/projects/ontologies/fma/fmaOwlDlComponent_2_0#Skin_of_female_perineum,http://www.ihtsdo.org/snomed#Skin_structure_of_female_perineum,True,1.0
http://bioontology.org/projects/ontologies/fma/fmaOwlDlComponent_2_0#Trabecula_carnea_of_right_ventricle,http://www.ihtsdo.org/snomed#Structure_of_trabecula_carnea_of_right_ventricle,True,1.0
http://bioontology.org/projects/ontologies/fma/fmaOwlDlComponent_2_0#Sweat_gland,http://www.ihtsdo.org/snomed#Sweat_gland_structure,True,1.0
http://bioontology.org/projects/ontologies/fma/fmaOwlDlComponent_2_0#Set_of_peduncular_veins,http://www.ihtsdo.org/snomed#Structure_of_peduncular_vein,False,1.0
http://bioontology.org/projects/ontologies/fma/fmaOwlDlComponent_2_0#Superior_rectal_artery,http://www.ihtsdo.org/snomed#Structure_of_superior_rectal_artery,True,1.0
http://bioontology.org/projects/ontologies/fma/fmaOwlDlComponent_2_0#Mucosa_of_jejunum,http://www.ihtsdo.org/snomed#Jejunal_mucous_membrane_structure,True,1.0
http://bioontology.org/projects/ontologies/fma/fmaOwlDlComponent_2_0#Body_of_twelfth_rib,http://www.ihtsdo.org/snomed#Structure_of_shaft_of_twelfth_rib,True,1.0
http://bioontology.org/projects/ontologies/fma/fmaOwlDlComponent_2_0#Medial_umbilical_ligament,http://www.ihtsdo.org/snomed#Middle_umbilical_ligament,True,1.0
http://bioontology.org/projects/ontologies/fma/fmaOwlDlComponent_2_0#Internal_carotid_nerve,http://www.ihtsdo.org/snomed#Structure_of_internal_carotid_nerve,False,1.0
http://bioontology.org/projects/ontologies/fma/fmaOwlDlComponent_2_0#Choroid,http://www.ihtsdo.org/snomed#Choroidal_structure,True,1.0
http://bioontology.org/projects/ontologies/fma/fmaOwlDlComponent_2_0#Sacral_venous_plexus,http://www.ihtsdo.org/snomed#Structure_of_sacral_venous_plexus,True,1.0
http://bioontology.org/projects/ontologies/fma/fmaOwlDlComponent_2_0#Calcaneocuboid_ligament,http://www.ihtsdo.org/snomed#Structure_of_calcaneocuboidal_ligament,True,1.0
http://bioontology.org/projects/ontologies/fma/fmaOwlDlComponent_2_0#Interspinalis_lumborum,http://www.ihtsdo.org/snomed#Structure_of_interspinalis_lumborum_muscle,True,1.0
http://bioontology.org/projects/ontologies/fma/fmaOwlDlComponent_2_0#Linea_terminalis_of_pelvis,http://www.ihtsdo.org/snomed#Structure_of_linea_terminalis_of_pelvis,True,1.0
http://bioontology.org/projects/ontologies/fma/fmaOwlDlComponent_2_0#Superficial_palmar_venous_arch,http://www.ihtsdo.org/snomed#Structure_of_superficial_palmar_venous_arch,True,1.0
http://bioontology.org/projects/ontologies/fma/fmaOwlDlComponent_2_0#Inferior_colliculus,http://www.ihtsdo.org/snomed#Both_testes,False,1.0
http://bioontology.org/projects/ontologies/fma/fmaOwlDlComponent_2_0#Right_eye,http://www.ihtsdo.org/snomed#Right_eye_structure,False,1.0
http://bioontology.org/projects/ontologies/fma/fmaOwlDlComponent_2_0#Interchromatin_granule,http://www.ihtsdo.org/snomed#Interchromatin_granule,False,1.0
http://bioontology.org/projects/ontologies/fma/fmaOwlDlComponent_2_0#Set_of_anterior_cardiac_veins,http://www.ihtsdo.org/snomed#Structure_of_anterior_cardiac_vein,True,1.0
http://bioontology.org/projects/ontologies/fma/fmaOwlDlComponent_2_0#Radiate_sternocostal_ligament,http://www.ihtsdo.org/snomed#Structure_of_sternocostal_radiate_ligaments,True,1.0
http://bioontology.org/projects/ontologies/fma/fmaOwlDlComponent_2_0#Muscle_layer_of_uterine_tube,http://www.ihtsdo.org/snomed#Structure_of_uterine_tubal_muscularis,True,1.0
http://bioontology.org/projects/ontologies/fma/fmaOwlDlComponent_2_0#Medial_part_of_scapula,http://www.ihtsdo.org/snomed#Structure_of_medial_border_of_scapula,True,1.0
http://bioontology.org/projects/ontologies/fma/fmaOwlDlComponent_2_0#Distal_epiphysis_of_second_metacarpal_bone,http://www.ihtsdo.org/snomed#Structure_of_head_of_second_metacarpal_bone,True,1.0
http://bioontology.org/projects/ontologies/fma/fmaOwlDlComponent_2_0#Left_anterior_tibial_artery,http://www.ihtsdo.org/snomed#Structure_of_left_anterior_tibial_artery,False,1.0
http://bioontology.org/projects/ontologies/fma/fmaOwlDlComponent_2_0#Distal_phalanx_of_big_toe,http://www.ihtsdo.org/snomed#Structure_of_distal_phalanx_of_great_toe,True,1.0
http://bioontology.org/projects/ontologies/fma/fmaOwlDlComponent_2_0#Superior_margin_of_adrenal_gland,http://www.ihtsdo.org/snomed#Structure_of_superior_margin_of_adrenal_gland,True,1.0
http://bioontology.org/projects/ontologies/fma/fmaOwlDlComponent_2_0#Set_of_inferior_gluteal_veins,http://www.ihtsdo.org/snomed#Structure_of_inferior_gluteal_vein,True,1.0
http://bioontology.org/projects/ontologies/fma/fmaOwlDlComponent_2_0#Fasciculus_interfascicularis,http://www.ihtsdo.org/snomed#Structure_of_fasciculus_interfascicularis,True,1.0
http://bioontology.org/projects/ontologies/fma/fmaOwlDlComponent_2_0#Elbow_joint,http://www.ihtsdo.org/snomed#Elbow_joint_structure,True,1.0
http://bioontology.org/projects/ontologies/fma/fmaOwlDlComponent_2_0#Anterior_cerebral_artery,http://www.ihtsdo.org/snomed#Structure_of_anterior_cerebral_artery,False,1.0
http://bioontology.org/projects/ontologies/fma/fmaOwlDlComponent_2_0#Talar_facet_of_navicular_bone_of_foot,http://www.ihtsdo.org/snomed#Structure_of_talar_facet_of_navicular_bone_of_foot,True,1.0
http://bioontology.org/projects/ontologies/fma/fmaOwlDlComponent_2_0#Auricular_branch_of_posterior_auricular_artery,http://www.ihtsdo.org/snomed#Branch_of_posterior_auricular_artery,True,1.0
http://bioontology.org/projects/ontologies/fma/fmaOwlDlComponent_2_0#Body_of_ischium,http://www.ihtsdo.org/snomed#Structure_of_body_of_ischium,True,1.0
http://bioontology.org/projects/ontologies/fma/fmaOwlDlComponent_2_0#Neck_of_femur,http://www.ihtsdo.org/snomed#Structure_of_neck_of_femur,True,1.0
http://bioontology.org/projects/ontologies/fma/fmaOwlDlComponent_2_0#Upper_abdomen,http://www.ihtsdo.org/snomed#Upper_abdomen_structure,True,1.0
http://bioontology.org/projects/ontologies/fma/fmaOwlDlComponent_2_0#Urethral_artery,http://www.ihtsdo.org/snomed#Structure_of_urethral_artery,False,1.0
http://bioontology.org/projects/ontologies/fma/fmaOwlDlComponent_2_0#Bone_of_pubis,http://www.ihtsdo.org/snomed#Bone_structure_of_pubis,True,1.0
http://bioontology.org/projects/ontologies/fma/fmaOwlDlComponent_2_0#Inferior_sternopericardial_ligament,http://www.ihtsdo.org/snomed#Structure_of_inferior_sternopericardial_ligament,True,1.0
http://bioontology.org/projects/ontologies/fma/fmaOwlDlComponent_2_0#Body_of_eleventh_thoracic_vertebra,http://www.ihtsdo.org/snomed#Structure_of_body_of_eleventh_thoracic_vertebra,True,1.0
http://bioontology.org/projects/ontologies/fma/fmaOwlDlComponent_2_0#Atlanto_occipital_membrane,http://www.ihtsdo.org/snomed#Atlantooccipital_membrane,True,1.0
http://bioontology.org/projects/ontologies/fma/fmaOwlDlComponent_2_0#Head_of_humerus,http://www.ihtsdo.org/snomed#Neck_of_humerus,False,1.0
http://bioontology.org/projects/ontologies/fma/fmaOwlDlComponent_2_0#Set_of_semicircular_ducts,http://www.ihtsdo.org/snomed#Semicircular_duct_structure,True,1.0
http://bioontology.org/projects/ontologies/fma/fmaOwlDlComponent_2_0#Ulnar_head_of_extensor_carpi_ulnaris,http://www.ihtsdo.org/snomed#Head_of_extensor_carpi_ulnaris_muscle,True,1.0
http://bioontology.org/projects/ontologies/fma/fmaOwlDlComponent_2_0#Toe,http://www.ihtsdo.org/snomed#Digital_nerve_of_foot,False,1.0
http://bioontology.org/projects/ontologies/fma/fmaOwlDlComponent_2_0#Lumen_of_duodenum,http://www.ihtsdo.org/snomed#Structure_of_duodenal_lumen,True,1.0
http://bioontology.org/projects/ontologies/fma/fmaOwlDlComponent_2_0#Bronchopulmonary_segment_of_left_lung,http://www.ihtsdo.org/snomed#Structure_of_segment_of_left_lung,False,1.0
http://bioontology.org/projects/ontologies/fma/fmaOwlDlComponent_2_0#Right_hand,http://www.ihtsdo.org/snomed#Structure_of_right_hand,False,1.0
http://bioontology.org/projects/ontologies/fma/fmaOwlDlComponent_2_0#Left_internal_iliac_artery,http://www.ihtsdo.org/snomed#Structure_of_left_internal_iliac_artery,True,1.0
http://bioontology.org/projects/ontologies/fma/fmaOwlDlComponent_2_0#Set_of_tracheal_cartilages,http://www.ihtsdo.org/snomed#Structure_of_tracheal_cartilage,False,1.0
http://bioontology.org/projects/ontologies/fma/fmaOwlDlComponent_2_0#Inferior_pancreaticoduodenal_artery,http://www.ihtsdo.org/snomed#Structure_of_inferior_pancreaticoduodenal_artery,True,1.0
http://bioontology.org/projects/ontologies/fma/fmaOwlDlComponent_2_0#Cervical_part_of_esophagus,http://www.ihtsdo.org/snomed#Cervical_esophagus_structure,True,1.0
http://bioontology.org/projects/ontologies/fma/fmaOwlDlComponent_2_0#Intervertebral_foramen_of_third_cervical_vertebra,http://www.ihtsdo.org/snomed#Structure_of_intervertebral_foramen_of_third_cervical_vertebra,True,1.0
http://bioontology.org/projects/ontologies/fma/fmaOwlDlComponent_2_0#Body_of_fourth_lumbar_vertebra,http://www.ihtsdo.org/snomed#Structure_of_body_of_fourth_lumbar_vertebra,True,1.0
http://bioontology.org/projects/ontologies/fma/fmaOwlDlComponent_2_0#Pedicle_of_fourth_lumbar_vertebra,http://www.ihtsdo.org/snomed#Structure_of_pedicle_of_fourth_lumbar_vertebra,True,1.0
http://bioontology.org/projects/ontologies/fma/fmaOwlDlComponent_2_0#Lymph_node_of_epiploic_foramen,http://www.ihtsdo.org/snomed#Structure_of_lymph_node_of_epiploic_foramen,True,1.0
http://bioontology.org/projects/ontologies/fma/fmaOwlDlComponent_2_0#Pectineal_ligament,http://www.ihtsdo.org/snomed#Structure_of_pectineal_ligament,True,1.0
http://bioontology.org/projects/ontologies/fma/fmaOwlDlComponent_2_0#Suspensory_ligament_of_clitoris,http://www.ihtsdo.org/snomed#Structure_of_suspensory_ligament_of_clitoris,False,1.0
http://bioontology.org/projects/ontologies/fma/fmaOwlDlComponent_2_0#Paraurethral_gland,http://www.ihtsdo.org/snomed#Structure_of_paraurethral_gland,True,1.0
http://bioontology.org/projects/ontologies/fma/fmaOwlDlComponent_2_0#Tendon_of_biceps_femoris,http://www.ihtsdo.org/snomed#Structure_of_tendon_of_biceps_femoris,True,1.0
http://bioontology.org/projects/ontologies/fma/fmaOwlDlComponent_2_0#Intervertebral_foramen_of_tenth_thoracic_vertebra,http://www.ihtsdo.org/snomed#Structure_of_intervertebral_foramen_of_tenth_thoracic_vertebra,True,1.0
http://bioontology.org/projects/ontologies/fma/fmaOwlDlComponent_2_0#Carotid_body,http://www.ihtsdo.org/snomed#Carotid_body_structure,True,1.0
http://bioontology.org/projects/ontologies/fma/fmaOwlDlComponent_2_0#Lingual_artery,http://www.ihtsdo.org/snomed#Structure_of_lingual_artery,True,1.0
http://bioontology.org/projects/ontologies/fma/fmaOwlDlComponent_2_0#Commissure_of_tricuspid_valve,http://www.ihtsdo.org/snomed#Structure_of_commissure_of_tricuspid_valve,True,1.0
http://bioontology.org/projects/ontologies/fma/fmaOwlDlComponent_2_0#Facial_lymph_node,http://www.ihtsdo.org/snomed#Structure_of_facial_lymph_node,False,1.0
http://bioontology.org/projects/ontologies/fma/fmaOwlDlComponent_2_0#Intermetatarsal_joint,http://www.ihtsdo.org/snomed#Intermetatarsal_joint_structure,True,1.0
http://bioontology.org/projects/ontologies/fma/fmaOwlDlComponent_2_0#Inferior_medullary_velum,http://www.ihtsdo.org/snomed#Structure_of_inferior_medullary_velum,True,1.0
http://bioontology.org/projects/ontologies/fma/fmaOwlDlComponent_2_0#Optic_tract,http://www.ihtsdo.org/snomed#Optic_tract_structure,True,1.0
http://bioontology.org/projects/ontologies/fma/fmaOwlDlComponent_2_0#Bulb_of_hair_follicle,http://www.ihtsdo.org/snomed#Hair_bulb_structure,True,1.0
http://bioontology.org/projects/ontologies/fma/fmaOwlDlComponent_2_0#Lamina_of_eighth_thoracic_vertebra,http://www.ihtsdo.org/snomed#Structure_of_lamina_of_eighth_thoracic_vertebra,True,1.0
http://bioontology.org/projects/ontologies/fma/fmaOwlDlComponent_2_0#Greater_tubercle_of_humerus,http://www.ihtsdo.org/snomed#Structure_of_greater_tuberosity_of_humerus,False,1.0
http://bioontology.org/projects/ontologies/fma/fmaOwlDlComponent_2_0#Outflow_part_of_left_ventricle,http://www.ihtsdo.org/snomed#Structure_of_outflow_tract_of_left_ventricle,True,1.0
http://bioontology.org/projects/ontologies/fma/fmaOwlDlComponent_2_0#Temporoparietalis,http://www.ihtsdo.org/snomed#Temporoparietalis,True,1.0
http://bioontology.org/projects/ontologies/fma/fmaOwlDlComponent_2_0#Set_of_transverse_fascicles_of_plantar_aponeurosis,http://www.ihtsdo.org/snomed#Structure_of_transverse_fascicles_of_plantar_aponeurosis,True,1.0
http://bioontology.org/projects/ontologies/fma/fmaOwlDlComponent_2_0#Otolith_layer_of_statoconial_membrane,http://www.ihtsdo.org/snomed#Otolithic_membrane_structure,True,1.0
http://bioontology.org/projects/ontologies/fma/fmaOwlDlComponent_2_0#Cervical_vertebral_arch,http://www.ihtsdo.org/snomed#Structure_of_arch_of_cervical_vertebra,True,1.0
http://bioontology.org/projects/ontologies/fma/fmaOwlDlComponent_2_0#Forearm,http://www.ihtsdo.org/snomed#Both_forearms,False,1.0
http://bioontology.org/projects/ontologies/fma/fmaOwlDlComponent_2_0#Sinuatrial_node,http://www.ihtsdo.org/snomed#Structure_of_sinoatrial_node,True,1.0
http://bioontology.org/projects/ontologies/fma/fmaOwlDlComponent_2_0#Ulnar_artery,http://www.ihtsdo.org/snomed#Structure_of_ulnar_artery,False,1.0
http://bioontology.org/projects/ontologies/fma/fmaOwlDlComponent_2_0#Taenia_libera,http://www.ihtsdo.org/snomed#Structure_of_taenia_libera,True,1.0
http://bioontology.org/projects/ontologies/fma/fmaOwlDlComponent_2_0#Cuneiform_cartilage,http://www.ihtsdo.org/snomed#Structure_of_cuneiform_cartilage,True,1.0
http://bioontology.org/projects/ontologies/fma/fmaOwlDlComponent_2_0#Superior_articular_process_of_fifth_lumbar_vertebra,http://www.ihtsdo.org/snomed#Structure_of_superior_articular_process_of_fifth_lumbar_vertebra,True,1.0
http://bioontology.org/projects/ontologies/fma/fmaOwlDlComponent_2_0#Inferior_articular_process_of_fourth_cervical_vertebra,http://www.ihtsdo.org/snomed#Structure_of_inferior_articular_process_of_fourth_cervical_vertebra,True,1.0
http://bioontology.org/projects/ontologies/fma/fmaOwlDlComponent_2_0#Articular_disk_of_acromioclavicular_joint,http://www.ihtsdo.org/snomed#Structure_of_articular_disc_of_acromioclavicular_joint,True,1.0
http://bioontology.org/projects/ontologies/fma/fmaOwlDlComponent_2_0#Arch_of_fifth_lumbar_vertebra,http://www.ihtsdo.org/snomed#Structure_of_arch_of_fifth_lumbar_vertebra,True,1.0
http://bioontology.org/projects/ontologies/fma/fmaOwlDlComponent_2_0#Infrascapular_part_of_back,http://www.ihtsdo.org/snomed#Structure_of_infrascapular_region_of_back,True,1.0
http://bioontology.org/projects/ontologies/fma/fmaOwlDlComponent_2_0#Medial_surface_of_toe,http://www.ihtsdo.org/snomed#Structure_of_medial_surface_of_toe,True,1.0
http://bioontology.org/projects/ontologies/fma/fmaOwlDlComponent_2_0#Lateral_wall_of_pharynx,http://www.ihtsdo.org/snomed#Structure_of_lateral_pharyngeal_wall,True,1.0
http://bioontology.org/projects/ontologies/fma/fmaOwlDlComponent_2_0#Right_superior_intercostal_vein,http://www.ihtsdo.org/snomed#Structure_of_right_superior_intercostal_vein,True,1.0
http://bioontology.org/projects/ontologies/fma/fmaOwlDlComponent_2_0#Deltoid_part_of_pectoral_girdle,http://www.ihtsdo.org/snomed#Deltoid_region_structure,True,1.0
http://bioontology.org/projects/ontologies/fma/fmaOwlDlComponent_2_0#Tenth_thoracic_vertebral_foramen,http://www.ihtsdo.org/snomed#Thoracic_vertebral_foramen,True,1.0
http://bioontology.org/projects/ontologies/fma/fmaOwlDlComponent_2_0#Lacrimal_sac,http://www.ihtsdo.org/snomed#Lacrimal_sac_structure,True,1.0
http://bioontology.org/projects/ontologies/fma/fmaOwlDlComponent_2_0#Right_pulmonary_hilum,http://www.ihtsdo.org/snomed#Structure_of_hilum_of_right_lung,True,1.0
http://bioontology.org/projects/ontologies/fma/fmaOwlDlComponent_2_0#Mononuclear_phagocyte_system,http://www.ihtsdo.org/snomed#Structure_of_reticuloendothelial_system,True,1.0
http://bioontology.org/projects/ontologies/fma/fmaOwlDlComponent_2_0#Tunica_intima_of_aorta,http://www.ihtsdo.org/snomed#Aortic_tunica_intima_structure,True,1.0
http://bioontology.org/projects/ontologies/fma/fmaOwlDlComponent_2_0#Coccygeal_vertebra,http://www.ihtsdo.org/snomed#Coccygeal_vertebra_structure,True,1.0
http://bioontology.org/projects/ontologies/fma/fmaOwlDlComponent_2_0#Anterior_surface_of_thigh,http://www.ihtsdo.org/snomed#Structure_of_anterior_surface_of_thigh,True,1.0
http://bioontology.org/projects/ontologies/fma/fmaOwlDlComponent_2_0#Proximal_epiphysis_of_proximal_phalanx_of_thumb,http://www.ihtsdo.org/snomed#Epiphysis_of_proximal_phalanx_of_thumb,True,1.0
http://bioontology.org/projects/ontologies/fma/fmaOwlDlComponent_2_0#Anterior_atlanto_occipital_membrane,http://www.ihtsdo.org/snomed#Structure_of_anterior_atlantooccipital_membrane,True,1.0
http://bioontology.org/projects/ontologies/fma/fmaOwlDlComponent_2_0#Dorsal_surface_of_fifth_toe,http://www.ihtsdo.org/snomed#Structure_of_dorsal_surface_of_fifth_toe,True,1.0
http://bioontology.org/projects/ontologies/fma/fmaOwlDlComponent_2_0#Stylohyoid_ligament,http://www.ihtsdo.org/snomed#Structure_of_stylohyoid_ligament,True,1.0
http://bioontology.org/projects/ontologies/fma/fmaOwlDlComponent_2_0#Lingual_nerve,http://www.ihtsdo.org/snomed#Structure_of_lingual_nerve,False,1.0
http://bioontology.org/projects/ontologies/fma/fmaOwlDlComponent_2_0#Oblique_cord_of_radio_ulnar_syndesmosis,http://www.ihtsdo.org/snomed#Structure_of_chorda_obliqua_of_elbow,True,1.0
http://bioontology.org/projects/ontologies/fma/fmaOwlDlComponent_2_0#Skin_of_ankle,http://www.ihtsdo.org/snomed#Skin_structure_of_ankle,True,1.0
http://bioontology.org/projects/ontologies/fma/fmaOwlDlComponent_2_0#Dorsal_fascia_of_foot,http://www.ihtsdo.org/snomed#Structure_of_dorsal_fascia_of_foot,True,1.0
http://bioontology.org/projects/ontologies/fma/fmaOwlDlComponent_2_0#Posterior_tibiofibular_ligament,http://www.ihtsdo.org/snomed#Structure_of_posterior_tibiofibular_ligament,True,1.0
http://bioontology.org/projects/ontologies/fma/fmaOwlDlComponent_2_0#Perineurium,http://www.ihtsdo.org/snomed#Perineurium_structure,True,1.0
http://bioontology.org/projects/ontologies/fma/fmaOwlDlComponent_2_0#Endometrial_stroma,http://www.ihtsdo.org/snomed#Structure_of_endometrial_stroma,True,1.0
http://bioontology.org/projects/ontologies/fma/fmaOwlDlComponent_2_0#Mammillary_body,http://www.ihtsdo.org/snomed#Mammillary_body_structure,True,1.0
http://bioontology.org/projects/ontologies/fma/fmaOwlDlComponent_2_0#Visceral_surface_of_spleen,http://www.ihtsdo.org/snomed#Structure_of_visceral_surface_of_spleen,True,1.0
http://bioontology.org/projects/ontologies/fma/fmaOwlDlComponent_2_0#Medial_margin_of_kidney,http://www.ihtsdo.org/snomed#Structure_of_medial_border_of_kidney,True,1.0
http://bioontology.org/projects/ontologies/fma/fmaOwlDlComponent_2_0#Incudomallear_joint,http://www.ihtsdo.org/snomed#Structure_of_incudomallear_articulation,True,1.0
http://bioontology.org/projects/ontologies/fma/fmaOwlDlComponent_2_0#Capsule_of_lens,http://www.ihtsdo.org/snomed#Structure_of_lens_capsule,True,1.0
http://bioontology.org/projects/ontologies/fma/fmaOwlDlComponent_2_0#Interosseous_sacroiliac_ligament,http://www.ihtsdo.org/snomed#Structure_of_interosseous_sacroiliac_ligaments,True,1.0
http://bioontology.org/projects/ontologies/fma/fmaOwlDlComponent_2_0#Lacrimal_punctum,http://www.ihtsdo.org/snomed#Structure_of_lacrimal_punctum,False,1.0
http://bioontology.org/projects/ontologies/fma/fmaOwlDlComponent_2_0#Skin_of_third_toe,http://www.ihtsdo.org/snomed#Skin_structure_of_third_toe,True,1.0
http://bioontology.org/projects/ontologies/fma/fmaOwlDlComponent_2_0#Fibro_elastic_membrane_of_larynx,http://www.ihtsdo.org/snomed#Structure_of_fibroelastic_membrane_of_larynx,True,1.0
http://bioontology.org/projects/ontologies/fma/fmaOwlDlComponent_2_0#Epiphysial_junction,http://www.ihtsdo.org/snomed#Structure_of_epiphyseal_line,True,1.0
http://bioontology.org/projects/ontologies/fma/fmaOwlDlComponent_2_0#Transverse_process_of_second_thoracic_vertebra,http://www.ihtsdo.org/snomed#Structure_of_transverse_process_of_second_thoracic_vertebra,True,1.0
http://bioontology.org/projects/ontologies/fma/fmaOwlDlComponent_2_0#Proximal_epiphysis_of_femur,http://www.ihtsdo.org/snomed#Structure_of_proximal_epiphysis_of_femur,True,1.0
http://bioontology.org/projects/ontologies/fma/fmaOwlDlComponent_2_0#Prostatic_fascia,http://www.ihtsdo.org/snomed#Structure_of_prostatic_fascia,True,1.0
http://bioontology.org/projects/ontologies/fma/fmaOwlDlComponent_2_0#Superficial_fascia_of_abdomen,http://www.ihtsdo.org/snomed#Subcutaneous_tissue_structure_of_abdomen,True,1.0
http://bioontology.org/projects/ontologies/fma/fmaOwlDlComponent_2_0#Minor_arterial_circle_of_iris,http://www.ihtsdo.org/snomed#Structure_of_lesser_circulus_arteriosus_of_iris,True,1.0
http://bioontology.org/projects/ontologies/fma/fmaOwlDlComponent_2_0#Parotid_duct,http://www.ihtsdo.org/snomed#Parotid_duct_structure,True,1.0
http://bioontology.org/projects/ontologies/fma/fmaOwlDlComponent_2_0#Transverse_process_of_first_lumbar_vertebra,http://www.ihtsdo.org/snomed#Structure_of_transverse_process_of_first_lumbar_vertebra,True,1.0
http://bioontology.org/projects/ontologies/fma/fmaOwlDlComponent_2_0#Lacteal,http://www.ihtsdo.org/snomed#Structure_of_lacteal,True,1.0
http://bioontology.org/projects/ontologies/fma/fmaOwlDlComponent_2_0#Left_subclavian_artery,http://www.ihtsdo.org/snomed#Structure_of_left_subclavian_artery,False,1.0
http://bioontology.org/projects/ontologies/fma/fmaOwlDlComponent_2_0#Esophagogastric_junction,http://www.ihtsdo.org/snomed#Cardioesophageal_junction_structure,True,1.0
http://bioontology.org/projects/ontologies/fma/fmaOwlDlComponent_2_0#Set_of_extracapsular_ligaments,http://www.ihtsdo.org/snomed#Structure_of_extracapsular_ligament,True,1.0
http://bioontology.org/projects/ontologies/fma/fmaOwlDlComponent_2_0#Sciatic_nerve,http://www.ihtsdo.org/snomed#Structure_of_sciatic_nerve,True,1.0
http://bioontology.org/projects/ontologies/fma/fmaOwlDlComponent_2_0#Central_vein_of_liver,http://www.ihtsdo.org/snomed#Structure_of_central_vein_of_liver,True,1.0
http://bioontology.org/projects/ontologies/fma/fmaOwlDlComponent_2_0#Stria_vascularis_of_cochlear_duct,http://www.ihtsdo.org/snomed#Structure_of_stria_vascularis_of_cochlea,True,1.0
http://bioontology.org/projects/ontologies/fma/fmaOwlDlComponent_2_0#First_lumbar_vertebral_arch,http://www.ihtsdo.org/snomed#Structure_of_arch_of_first_lumbar_vertebra,True,1.0
http://bioontology.org/projects/ontologies/fma/fmaOwlDlComponent_2_0#Iliofemoral_ligament,http://www.ihtsdo.org/snomed#Iliofemoral_ligament_structure,True,1.0
http://bioontology.org/projects/ontologies/fma/fmaOwlDlComponent_2_0#Dorsal_median_sulcus_of_medulla_oblongata,http://www.ihtsdo.org/snomed#Medulla_oblongata_dorsal_median_sulcus,True,1.0
http://bioontology.org/projects/ontologies/fma/fmaOwlDlComponent_2_0#Set_of_plantar_metatarsal_arteries,http://www.ihtsdo.org/snomed#Structure_of_plantar_metatarsal_artery,True,1.0
http://bioontology.org/projects/ontologies/fma/fmaOwlDlComponent_2_0#Foramen_caecum_of_tongue,http://www.ihtsdo.org/snomed#Structure_of_foramen_cecum_of_tongue,False,1.0
http://bioontology.org/projects/ontologies/fma/fmaOwlDlComponent_2_0#Serratus_posterior,http://www.ihtsdo.org/snomed#Structure_of_serratus_posterior_muscle,True,1.0
http://bioontology.org/projects/ontologies/fma/fmaOwlDlComponent_2_0#Superior_orbital_fissure,http://www.ihtsdo.org/snomed#Structure_of_superior_orbital_fissure,True,1.0
http://bioontology.org/projects/ontologies/fma/fmaOwlDlComponent_2_0#Submuscular_bursa,http://www.ihtsdo.org/snomed#Structure_of_submuscular_bursa,True,1.0
http://bioontology.org/projects/ontologies/fma/fmaOwlDlComponent_2_0#Inferior_articular_process_of_sixth_cervical_vertebra,http://www.ihtsdo.org/snomed#Structure_of_inferior_articular_process_of_sixth_cervical_vertebra,True,1.0
http://bioontology.org/projects/ontologies/fma/fmaOwlDlComponent_2_0#Mylohyoid_artery,http://www.ihtsdo.org/snomed#Structure_of_mylohyoid_branch_of_inferior_alveolar_artery,True,1.0
http://bioontology.org/projects/ontologies/fma/fmaOwlDlComponent_2_0#Anterior_glandular_branch_of_superior_thyroid_artery,http://www.ihtsdo.org/snomed#Structure_of_anterior_branch_of_superior_thyroid_artery,True,1.0
http://bioontology.org/projects/ontologies/fma/fmaOwlDlComponent_2_0#Gracile_fasciculus,http://www.ihtsdo.org/snomed#Structure_of_fasciculus_gracilis,True,1.0
http://bioontology.org/projects/ontologies/fma/fmaOwlDlComponent_2_0#Skin_of_trunk,http://www.ihtsdo.org/snomed#Skin_structure_of_trunk,True,1.0
http://bioontology.org/projects/ontologies/fma/fmaOwlDlComponent_2_0#Groove_for_vena_cava,http://www.ihtsdo.org/snomed#Structure_of_groove_for_vena_cava_of_liver,True,1.0
http://bioontology.org/projects/ontologies/fma/fmaOwlDlComponent_2_0#Infundibulum_of_neurohypophysis,http://www.ihtsdo.org/snomed#Structure_of_infundibulum_of_pituitary_gland,True,1.0
http://bioontology.org/projects/ontologies/fma/fmaOwlDlComponent_2_0#Vascular_lamina_of_choroid,http://www.ihtsdo.org/snomed#Structure_of_lamina_vasculosa_of_choroid,True,1.0
http://bioontology.org/projects/ontologies/fma/fmaOwlDlComponent_2_0#Inferior_articular_process_of_first_thoracic_vertebra,http://www.ihtsdo.org/snomed#Structure_of_inferior_articular_process_of_first_thoracic_vertebra,True,1.0
http://bioontology.org/projects/ontologies/fma/fmaOwlDlComponent_2_0#Set_of_superior_alveolar_nerves,http://www.ihtsdo.org/snomed#Superior_alveolar_nerve,True,1.0
http://bioontology.org/projects/ontologies/fma/fmaOwlDlComponent_2_0#Lateral_sacrococcygeal_ligament,http://www.ihtsdo.org/snomed#Structure_of_lateral_sacrococcygeal_ligament,True,1.0
http://bioontology.org/projects/ontologies/fma/fmaOwlDlComponent_2_0#Anterior_wall_of_stomach,http://www.ihtsdo.org/snomed#Structure_of_anterior_wall_of_stomach,True,1.0
http://bioontology.org/projects/ontologies/fma/fmaOwlDlComponent_2_0#Lateral_meniscus,http://www.ihtsdo.org/snomed#Lateral_meniscus_structure,True,1.0
http://bioontology.org/projects/ontologies/fma/fmaOwlDlComponent_2_0#Olfactory_system,http://www.ihtsdo.org/snomed#Structure_of_olfactory_system,True,1.0
http://bioontology.org/projects/ontologies/fma/fmaOwlDlComponent_2_0#Diaphysis_of_middle_phalanx_of_middle_finger,http://www.ihtsdo.org/snomed#Shaft_of_middle_phalanx_of_finger,True,1.0
http://bioontology.org/projects/ontologies/fma/fmaOwlDlComponent_2_0#Transverse_process_of_third_cervical_vertebra,http://www.ihtsdo.org/snomed#Structure_of_transverse_process_of_third_cervical_vertebra,True,1.0
http://bioontology.org/projects/ontologies/fma/fmaOwlDlComponent_2_0#Posterior_communicating_artery,http://www.ihtsdo.org/snomed#Structure_of_posterior_communicating_artery,False,1.0
http://bioontology.org/projects/ontologies/fma/fmaOwlDlComponent_2_0#Proximal_epiphysis_of_fifth_metatarsal_bone,http://www.ihtsdo.org/snomed#Structure_of_base_of_fifth_metatarsal_bone,True,1.0
http://bioontology.org/projects/ontologies/fma/fmaOwlDlComponent_2_0#Nail_of_little_toe,http://www.ihtsdo.org/snomed#Structure_of_nail_of_fifth_toe,True,1.0
http://bioontology.org/projects/ontologies/fma/fmaOwlDlComponent_2_0#Pancreaticosplenic_lymph_node,http://www.ihtsdo.org/snomed#Structure_of_pancreaticosplenic_lymph_node,True,1.0
http://bioontology.org/projects/ontologies/fma/fmaOwlDlComponent_2_0#Skin_of_male_perineum,http://www.ihtsdo.org/snomed#Skin_structure_of_male_perineum,True,1.0
http://bioontology.org/projects/ontologies/fma/fmaOwlDlComponent_2_0#Occipital_branch_of_occipital_artery,http://www.ihtsdo.org/snomed#Branch_of_occipital_artery,True,1.0
http://bioontology.org/projects/ontologies/fma/fmaOwlDlComponent_2_0#Collateral_eminence,http://www.ihtsdo.org/snomed#Structure_of_collateral_eminence,True,1.0
http://bioontology.org/projects/ontologies/fma/fmaOwlDlComponent_2_0#Tubercle_of_eighth_rib,http://www.ihtsdo.org/snomed#Tubercle_of_eighth_rib_structure,True,1.0
http://bioontology.org/projects/ontologies/fma/fmaOwlDlComponent_2_0#Ligament_of_liver,http://www.ihtsdo.org/snomed#Structure_of_hepatorenal_ligament,True,1.0
http://bioontology.org/projects/ontologies/fma/fmaOwlDlComponent_2_0#Trapezoid,http://www.ihtsdo.org/snomed#Trapezoid_bone_structure,True,1.0
http://bioontology.org/projects/ontologies/fma/fmaOwlDlComponent_2_0#Set_of_trabeculae_of_corpora_cavernosa,http://www.ihtsdo.org/snomed#Structure_of_trabeculae_of_corpus_cavernosum,True,1.0
http://bioontology.org/projects/ontologies/fma/fmaOwlDlComponent_2_0#Lingular_vein,http://www.ihtsdo.org/snomed#Structure_of_lingular_branch_of_superior_left_pulmonary_vein,True,1.0
http://bioontology.org/projects/ontologies/fma/fmaOwlDlComponent_2_0#Interphalangeal_joint_of_finger,http://www.ihtsdo.org/snomed#Interphalangeal_joint_of_hand_structure,True,1.0
http://bioontology.org/projects/ontologies/fma/fmaOwlDlComponent_2_0#Constrictor_muscle_of_pharynx,http://www.ihtsdo.org/snomed#Constrictor_muscle_of_pharynx_structure,True,1.0
http://bioontology.org/projects/ontologies/fma/fmaOwlDlComponent_2_0#Intervertebral_foramen_of_sixth_cervical_vertebra,http://www.ihtsdo.org/snomed#Structure_of_intervertebral_foramen_of_sixth_cervical_vertebra,True,1.0
http://bioontology.org/projects/ontologies/fma/fmaOwlDlComponent_2_0#Set_of_sacral_lymph_nodes,http://www.ihtsdo.org/snomed#Structure_of_sacral_lymph_node,False,1.0
http://bioontology.org/projects/ontologies/fma/fmaOwlDlComponent_2_0#Leaflet_of_mitral_valve,http://www.ihtsdo.org/snomed#Structure_of_leaflet_of_mitral_valve,True,1.0
http://bioontology.org/projects/ontologies/fma/fmaOwlDlComponent_2_0#Lateral_intermuscular_septum_of_arm,http://www.ihtsdo.org/snomed#Structure_of_lateral_intermuscular_brachial_septum,True,1.0
http://bioontology.org/projects/ontologies/fma/fmaOwlDlComponent_2_0#Labium_majus,http://www.ihtsdo.org/snomed#Labium_majus_structure,True,1.0
http://bioontology.org/projects/ontologies/fma/fmaOwlDlComponent_2_0#Raphe_of_penis,http://www.ihtsdo.org/snomed#Structure_of_raphe_penis,True,1.0
http://bioontology.org/projects/ontologies/fma/fmaOwlDlComponent_2_0#Nucleotide,http://www.ihtsdo.org/snomed#Nucleotide,True,1.0
http://bioontology.org/projects/ontologies/fma/fmaOwlDlComponent_2_0#Intervertebral_disk_of_second_thoracic_vertebra,http://www.ihtsdo.org/snomed#Intervertebral_disc_structure_of_second_thoracic_vertebra,True,1.0
http://bioontology.org/projects/ontologies/fma/fmaOwlDlComponent_2_0#Precentral_sulcus,http://www.ihtsdo.org/snomed#Structure_of_precentral_sulcus,False,1.0
http://bioontology.org/projects/ontologies/fma/fmaOwlDlComponent_2_0#Medial_margin_of_adrenal_gland,http://www.ihtsdo.org/snomed#Structure_of_medial_margin_of_adrenal_gland,True,1.0
http://bioontology.org/projects/ontologies/fma/fmaOwlDlComponent_2_0#Semioval_center,http://www.ihtsdo.org/snomed#Cerebral_white_matter_structure,True,1.0
http://bioontology.org/projects/ontologies/fma/fmaOwlDlComponent_2_0#Intervertebral_foramina,http://www.ihtsdo.org/snomed#Structure_of_intervertebral_foramen,True,1.0
http://bioontology.org/projects/ontologies/fma/fmaOwlDlComponent_2_0#Muscle_layer_of_stomach,http://www.ihtsdo.org/snomed#Gastric_muscularis_structure,True,1.0
http://bioontology.org/projects/ontologies/fma/fmaOwlDlComponent_2_0#Palpebral_fissure,http://www.ihtsdo.org/snomed#Structure_of_palpebral_fissure,False,1.0
http://bioontology.org/projects/ontologies/fma/fmaOwlDlComponent_2_0#Bone_of_carpal_bone,http://www.ihtsdo.org/snomed#Bone_structure_of_carpus,True,1.0
http://bioontology.org/projects/ontologies/fma/fmaOwlDlComponent_2_0#Tributary_of_superficial_temporal_vein,http://www.ihtsdo.org/snomed#Structure_of_tributary_of_superficial_temporal_vein,False,1.0
http://bioontology.org/projects/ontologies/fma/fmaOwlDlComponent_2_0#Bronchopulmonary_lymph_node,http://www.ihtsdo.org/snomed#Structure_of_hilar_lymph_node,True,1.0
http://bioontology.org/projects/ontologies/fma/fmaOwlDlComponent_2_0#Lower_lobe_of_lung,http://www.ihtsdo.org/snomed#Structure_of_lower_lobe_of_lung,True,1.0
http://bioontology.org/projects/ontologies/fma/fmaOwlDlComponent_2_0#Ansa_cervicalis,http://www.ihtsdo.org/snomed#Ansa_cervicalis_structure,True,1.0
http://bioontology.org/projects/ontologies/fma/fmaOwlDlComponent_2_0#Lamina_of_fourth_cervical_vertebra,http://www.ihtsdo.org/snomed#Structure_of_lamina_of_fourth_cervical_vertebra,True,1.0
http://bioontology.org/projects/ontologies/fma/fmaOwlDlComponent_2_0#Buccal_fat_pad,http://www.ihtsdo.org/snomed#Buccal_fat_pad,True,1.0
http://bioontology.org/projects/ontologies/fma/fmaOwlDlComponent_2_0#Cranial_dura_mater,http://www.ihtsdo.org/snomed#Brain_dura_mater_structure,True,1.0
http://bioontology.org/projects/ontologies/fma/fmaOwlDlComponent_2_0#Masseteric_nerve,http://www.ihtsdo.org/snomed#Structure_of_masseteric_nerve,False,1.0
http://bioontology.org/projects/ontologies/fma/fmaOwlDlComponent_2_0#Transverse_process_of_sixth_cervical_vertebra,http://www.ihtsdo.org/snomed#Structure_of_transverse_process_of_sixth_cervical_vertebra,True,1.0
http://bioontology.org/projects/ontologies/fma/fmaOwlDlComponent_2_0#Right_anterior_segmental_bronchus,http://www.ihtsdo.org/snomed#Structure_of_right_upper_lobe_anterior_segmental_bronchus,True,1.0
http://bioontology.org/projects/ontologies/fma/fmaOwlDlComponent_2_0#Limen_nasi,http://www.ihtsdo.org/snomed#Structure_of_limen_nasi,False,1.0
http://bioontology.org/projects/ontologies/fma/fmaOwlDlComponent_2_0#Axillary_artery,http://www.ihtsdo.org/snomed#Structure_of_axillary_artery,True,1.0
http://bioontology.org/projects/ontologies/fma/fmaOwlDlComponent_2_0#Node_of_Ranvier,http://www.ihtsdo.org/snomed#Ranvier_s_node,False,1.0
http://bioontology.org/projects/ontologies/fma/fmaOwlDlComponent_2_0#Lumen_of_jejunum,http://www.ihtsdo.org/snomed#Structure_of_jejunal_lumen,True,1.0
http://bioontology.org/projects/ontologies/fma/fmaOwlDlComponent_2_0#Thoracolumbar_part_of_back,http://www.ihtsdo.org/snomed#Structure_of_thoracolumbar_region_of_back,True,1.0
http://bioontology.org/projects/ontologies/fma/fmaOwlDlComponent_2_0#Levator_palpebrae_superioris,http://www.ihtsdo.org/snomed#Levator_palpebrae_superioris_structure,True,1.0
http://bioontology.org/projects/ontologies/fma/fmaOwlDlComponent_2_0#Glabella,http://www.ihtsdo.org/snomed#Structure_of_glabella,True,1.0
http://bioontology.org/projects/ontologies/fma/fmaOwlDlComponent_2_0#Lateral_articular_facet_of_patella,http://www.ihtsdo.org/snomed#Structure_of_lateral_articular_facet_of_patella,True,1.0
http://bioontology.org/projects/ontologies/fma/fmaOwlDlComponent_2_0#Cricothyroid_artery,http://www.ihtsdo.org/snomed#Structure_of_cricothyroid_branch_of_superior_thyroid_artery,False,1.0
http://bioontology.org/projects/ontologies/fma/fmaOwlDlComponent_2_0#Frontal_tuber,http://www.ihtsdo.org/snomed#Structure_of_frontal_eminences,True,1.0
http://bioontology.org/projects/ontologies/fma/fmaOwlDlComponent_2_0#Posterior_cutaneous_nerve_of_forearm,http://www.ihtsdo.org/snomed#Posterior_cutaneous_nerve_of_forearm,True,1.0
http://bioontology.org/projects/ontologies/fma/fmaOwlDlComponent_2_0#Thyro_epiglottic_ligament,http://www.ihtsdo.org/snomed#Structure_of_thyroepiglottic_ligament,True,1.0
http://bioontology.org/projects/ontologies/fma/fmaOwlDlComponent_2_0#Pedicle_of_fifth_cervical_vertebra,http://www.ihtsdo.org/snomed#Structure_of_pedicle_of_fifth_cervical_vertebra,True,1.0
http://bioontology.org/projects/ontologies/fma/fmaOwlDlComponent_2_0#Set_of_sebaceous_glands,http://www.ihtsdo.org/snomed#Sebaceous_gland_structure,True,1.0
http://bioontology.org/projects/ontologies/fma/fmaOwlDlComponent_2_0#Left_posterior_cerebral_artery,http://www.ihtsdo.org/snomed#Structure_of_left_posterior_cerebral_artery,False,1.0
http://bioontology.org/projects/ontologies/fma/fmaOwlDlComponent_2_0#Pubic_crest,http://www.ihtsdo.org/snomed#Structure_of_pubic_crest,True,1.0
http://bioontology.org/projects/ontologies/fma/fmaOwlDlComponent_2_0#Prostatic_gland,http://www.ihtsdo.org/snomed#Prostatic_gland_structure,True,1.0
http://bioontology.org/projects/ontologies/fma/fmaOwlDlComponent_2_0#Mucosa,http://www.ihtsdo.org/snomed#Mucous_membrane_structure,True,1.0
http://bioontology.org/projects/ontologies/fma/fmaOwlDlComponent_2_0#Right_external_acoustic_tube,http://www.ihtsdo.org/snomed#Right_external_auditory_canal_structure,True,1.0
http://bioontology.org/projects/ontologies/fma/fmaOwlDlComponent_2_0#Trunk_of_peripheral_nerve,http://www.ihtsdo.org/snomed#Peripheral_nerve_structure_of_trunk,True,1.0
http://bioontology.org/projects/ontologies/fma/fmaOwlDlComponent_2_0#Cremasteric_artery,http://www.ihtsdo.org/snomed#Structure_of_cremasteric_artery,True,1.0
http://bioontology.org/projects/ontologies/fma/fmaOwlDlComponent_2_0#Gastric_impression_of_liver,http://www.ihtsdo.org/snomed#Structure_of_gastric_impression_of_liver,True,1.0
http://bioontology.org/projects/ontologies/fma/fmaOwlDlComponent_2_0#Ground_substance,http://www.ihtsdo.org/snomed#Ground_substance,True,1.0
http://bioontology.org/projects/ontologies/fma/fmaOwlDlComponent_2_0#Intervertebral_disk_of_second_lumbar_vertebra,http://www.ihtsdo.org/snomed#Intervertebral_disc_structure_of_second_lumbar_vertebra,True,1.0
http://bioontology.org/projects/ontologies/fma/fmaOwlDlComponent_2_0#Root_of_lumbar_plexus,http://www.ihtsdo.org/snomed#Root_of_lumbar_plexus,True,1.0
http://bioontology.org/projects/ontologies/fma/fmaOwlDlComponent_2_0#Anterior_transverse_temporal_gyrus,http://www.ihtsdo.org/snomed#Structure_of_anterior_transverse_temporal_gyrus,True,1.0
http://bioontology.org/projects/ontologies/fma/fmaOwlDlComponent_2_0#Lateral_thoracic_vein,http://www.ihtsdo.org/snomed#Structure_of_lateral_thoracic_vein,True,1.0
http://bioontology.org/projects/ontologies/fma/fmaOwlDlComponent_2_0#Internal_sphincter_of_urinary_bladder,http://www.ihtsdo.org/snomed#Structure_of_internal_sphincter_of_urinary_bladder,True,1.0
http://bioontology.org/projects/ontologies/fma/fmaOwlDlComponent_2_0#Inferior_articular_process_of_fourth_lumbar_vertebra,http://www.ihtsdo.org/snomed#Structure_of_inferior_articular_process_of_fourth_lumbar_vertebra,True,1.0
http://bioontology.org/projects/ontologies/fma/fmaOwlDlComponent_2_0#Right_leg,http://www.ihtsdo.org/snomed#Both_lower_legs,False,1.0
http://bioontology.org/projects/ontologies/fma/fmaOwlDlComponent_2_0#Tunica_interna_of_theca_folliculi,http://www.ihtsdo.org/snomed#Structure_of_tunica_interna_of_theca_folliculi,True,1.0
http://bioontology.org/projects/ontologies/fma/fmaOwlDlComponent_2_0#Mediastinum_of_testis,http://www.ihtsdo.org/snomed#Structure_of_mediastinum_of_testis,True,1.0
http://bioontology.org/projects/ontologies/fma/fmaOwlDlComponent_2_0#Gracile_nucleus,http://www.ihtsdo.org/snomed#Structure_of_nucleus_gracilis,True,1.0
http://bioontology.org/projects/ontologies/fma/fmaOwlDlComponent_2_0#Metacarpophalangeal_joint_of_middle_finger,http://www.ihtsdo.org/snomed#Metacarpophalangeal_joint_structure_of_middle_finger,True,1.0
http://bioontology.org/projects/ontologies/fma/fmaOwlDlComponent_2_0#Interosseous_membrane_of_leg,http://www.ihtsdo.org/snomed#Structure_of_interosseous_membrane_of_leg,True,1.0
http://bioontology.org/projects/ontologies/fma/fmaOwlDlComponent_2_0#Lesser_petrosal_nerve,http://www.ihtsdo.org/snomed#Structure_of_lesser_superficial_petrosal_nerve,False,1.0
http://bioontology.org/projects/ontologies/fma/fmaOwlDlComponent_2_0#Orbital_part_of_optic_nerve,http://www.ihtsdo.org/snomed#Structure_of_orbital_part_of_optic_nerve,True,1.0
http://bioontology.org/projects/ontologies/fma/fmaOwlDlComponent_2_0#Accessory_thyroid_gland,http://www.ihtsdo.org/snomed#Accessory_thyroid_gland,True,1.0
http://bioontology.org/projects/ontologies/fma/fmaOwlDlComponent_2_0#Suprarenal_vein,http://www.ihtsdo.org/snomed#Structure_of_suprarenal_vein,True,1.0
http://bioontology.org/projects/ontologies/fma/fmaOwlDlComponent_2_0#Set_of_dorsal_surfaces_of_toes,http://www.ihtsdo.org/snomed#Structure_of_dorsal_surface_of_toe,False,1.0
http://bioontology.org/projects/ontologies/fma/fmaOwlDlComponent_2_0#Uterovaginal_nerve_plexus,http://www.ihtsdo.org/snomed#Structure_of_uterovaginal_plexus,True,1.0
http://bioontology.org/projects/ontologies/fma/fmaOwlDlComponent_2_0#Cricopharyngeal_ligament,http://www.ihtsdo.org/snomed#Structure_of_cricopharyngeal_ligament,True,1.0
http://bioontology.org/projects/ontologies/fma/fmaOwlDlComponent_2_0#Medial_malleolar_part_of_ankle,http://www.ihtsdo.org/snomed#Medial_malleolar_region_structure,True,1.0
http://bioontology.org/projects/ontologies/fma/fmaOwlDlComponent_2_0#Submandibular_lymph_node,http://www.ihtsdo.org/snomed#Structure_of_submandibular_lymph_node,True,1.0
http://bioontology.org/projects/ontologies/fma/fmaOwlDlComponent_2_0#Superior_cardiac_nerve,http://www.ihtsdo.org/snomed#Structure_of_superior_cardiac_nerve,True,1.0
http://bioontology.org/projects/ontologies/fma/fmaOwlDlComponent_2_0#Inferior_articular_process_of_third_cervical_vertebra,http://www.ihtsdo.org/snomed#Structure_of_inferior_articular_process_of_third_cervical_vertebra,True,1.0
http://bioontology.org/projects/ontologies/fma/fmaOwlDlComponent_2_0#Segment_of_vertebra,http://www.ihtsdo.org/snomed#Segment_structure,True,1.0
http://bioontology.org/projects/ontologies/fma/fmaOwlDlComponent_2_0#Body_of_urinary_bladder,http://www.ihtsdo.org/snomed#Structure_of_body_of_urinary_bladder,True,1.0
http://bioontology.org/projects/ontologies/fma/fmaOwlDlComponent_2_0#Lobule_of_testis,http://www.ihtsdo.org/snomed#Structure_of_lobule_of_testis,True,1.0
http://bioontology.org/projects/ontologies/fma/fmaOwlDlComponent_2_0#Set_of_pelvic_lymph_nodes,http://www.ihtsdo.org/snomed#Pelvic_lymph_node_structure,True,1.0
http://bioontology.org/projects/ontologies/fma/fmaOwlDlComponent_2_0#Intervertebral_foramen_of_eleventh_thoracic_vertebra,http://www.ihtsdo.org/snomed#Structure_of_intervertebral_foramen_of_eleventh_thoracic_vertebra,True,1.0
http://bioontology.org/projects/ontologies/fma/fmaOwlDlComponent_2_0#Tributary_of_subclavian_vein,http://www.ihtsdo.org/snomed#Structure_of_tributary_of_subclavian_vein,True,1.0
http://bioontology.org/projects/ontologies/fma/fmaOwlDlComponent_2_0#Skin_of_chin,http://www.ihtsdo.org/snomed#Skin_structure_of_chin,True,1.0
http://bioontology.org/projects/ontologies/fma/fmaOwlDlComponent_2_0#Obturator_nerve,http://www.ihtsdo.org/snomed#Structure_of_obturator_nerve,True,1.0
http://bioontology.org/projects/ontologies/fma/fmaOwlDlComponent_2_0#Uvular_muscle,http://www.ihtsdo.org/snomed#Structure_of_uvular_muscle,True,1.0
http://bioontology.org/projects/ontologies/fma/fmaOwlDlComponent_2_0#Left_coronary_artery,http://www.ihtsdo.org/snomed#Left_coronary_artery_structure,True,1.0
http://bioontology.org/projects/ontologies/fma/fmaOwlDlComponent_2_0#Skin_of_glans_of_clitoris,http://www.ihtsdo.org/snomed#Skin_structure_of_glans_clitoridis,True,1.0
http://bioontology.org/projects/ontologies/fma/fmaOwlDlComponent_2_0#Gastric_foveola,http://www.ihtsdo.org/snomed#Structure_of_gastric_foveola,False,1.0
http://bioontology.org/projects/ontologies/fma/fmaOwlDlComponent_2_0#Middle_cerebral_artery,http://www.ihtsdo.org/snomed#Structure_of_middle_cerebral_artery,True,1.0
http://bioontology.org/projects/ontologies/fma/fmaOwlDlComponent_2_0#Inferior_epigastric_artery,http://www.ihtsdo.org/snomed#Structure_of_inferior_epigastric_artery,True,1.0
http://bioontology.org/projects/ontologies/fma/fmaOwlDlComponent_2_0#Anatomical_feature,http://www.ihtsdo.org/snomed#Anatomical_feature,True,1.0
http://bioontology.org/projects/ontologies/fma/fmaOwlDlComponent_2_0#Skin_of_thumb,http://www.ihtsdo.org/snomed#Skin_structure_of_thumb,True,1.0
http://bioontology.org/projects/ontologies/fma/fmaOwlDlComponent_2_0#Renal_papilla,http://www.ihtsdo.org/snomed#Renal_papilla_structure,True,1.0
http://bioontology.org/projects/ontologies/fma/fmaOwlDlComponent_2_0#Left_anterior_basal_bronchopulmonary_segment,http://www.ihtsdo.org/snomed#Structure_of_anterior_basal_segment_of_left_lower_lobe_of_lung,True,1.0
http://bioontology.org/projects/ontologies/fma/fmaOwlDlComponent_2_0#Nail_of_little_finger,http://www.ihtsdo.org/snomed#Structure_of_nail_of_little_finger,True,1.0
http://bioontology.org/projects/ontologies/fma/fmaOwlDlComponent_2_0#Distal_epiphysis_of_third_metatarsal_bone,http://www.ihtsdo.org/snomed#Structure_of_distal_third_of_shaft_of_bone,False,1.0
http://bioontology.org/projects/ontologies/fma/fmaOwlDlComponent_2_0#Tendon_of_gemellus_superior,http://www.ihtsdo.org/snomed#Structure_of_tendon_of_superior_gemellus,True,1.0
http://bioontology.org/projects/ontologies/fma/fmaOwlDlComponent_2_0#Anterior_ethmoidal_nerve,http://www.ihtsdo.org/snomed#Structure_of_anterior_ethmoidal_nerve,True,1.0
http://bioontology.org/projects/ontologies/fma/fmaOwlDlComponent_2_0#Lingual_tonsil,http://www.ihtsdo.org/snomed#Lingual_tonsil_structure,True,1.0
http://bioontology.org/projects/ontologies/fma/fmaOwlDlComponent_2_0#Distal_epiphysis_of_femur,http://www.ihtsdo.org/snomed#Structure_of_distal_epiphysis_of_femur,True,1.0
http://bioontology.org/projects/ontologies/fma/fmaOwlDlComponent_2_0#Left_pulmonary_hilum,http://www.ihtsdo.org/snomed#Structure_of_hilum_of_left_lung,True,1.0
http://bioontology.org/projects/ontologies/fma/fmaOwlDlComponent_2_0#Anterior_intercavernous_sinus,http://www.ihtsdo.org/snomed#Structure_of_anterior_intercavernous_sinus,False,1.0
http://bioontology.org/projects/ontologies/fma/fmaOwlDlComponent_2_0#Subcutaneous_bursa_of_tuberosity_of_tibia,http://www.ihtsdo.org/snomed#Structure_of_subcutaneous_bursa_of_tibial_tuberosity,True,1.0
http://bioontology.org/projects/ontologies/fma/fmaOwlDlComponent_2_0#Right_vertebral_artery,http://www.ihtsdo.org/snomed#Structure_of_right_vertebral_artery,False,1.0
http://bioontology.org/projects/ontologies/fma/fmaOwlDlComponent_2_0#Middle_cerebellar_peduncle,http://www.ihtsdo.org/snomed#Structure_of_middle_cerebellar_peduncle,True,1.0
http://bioontology.org/projects/ontologies/fma/fmaOwlDlComponent_2_0#Tip_of_nose,http://www.ihtsdo.org/snomed#Structure_of_apex_of_nose,True,1.0
http://bioontology.org/projects/ontologies/fma/fmaOwlDlComponent_2_0#Skin_of_forearm,http://www.ihtsdo.org/snomed#Skin_structure_of_forearm,True,1.0
http://bioontology.org/projects/ontologies/fma/fmaOwlDlComponent_2_0#Set_of_intermetacarpal_joints,http://www.ihtsdo.org/snomed#Intermetacarpal_joint,True,1.0
http://bioontology.org/projects/ontologies/fma/fmaOwlDlComponent_2_0#Articular_facet_of_patella,http://www.ihtsdo.org/snomed#Structure_of_articular_facet_of_patella,True,1.0
http://bioontology.org/projects/ontologies/fma/fmaOwlDlComponent_2_0#Purkinje_cell_layer_of_cerebellar_cortex,http://www.ihtsdo.org/snomed#Structure_of_purkinje_cell_layer_of_cerebellar_cortex,True,1.0
http://bioontology.org/projects/ontologies/fma/fmaOwlDlComponent_2_0#Lateral_ligament_of_ankle_joint,http://www.ihtsdo.org/snomed#Structure_of_lateral_ligament_of_ankle_joint,False,1.0
http://bioontology.org/projects/ontologies/fma/fmaOwlDlComponent_2_0#Submandibular_triangle,http://www.ihtsdo.org/snomed#Submandibular_triangle_structure,True,1.0
http://bioontology.org/projects/ontologies/fma/fmaOwlDlComponent_2_0#Set_of_intestinal_lymphatic_trunks,http://www.ihtsdo.org/snomed#Intestinal_lymphatic_trunk,True,1.0
http://bioontology.org/projects/ontologies/fma/fmaOwlDlComponent_2_0#Papillary_muscle,http://www.ihtsdo.org/snomed#Structure_of_papillary_muscle,True,1.0
http://bioontology.org/projects/ontologies/fma/fmaOwlDlComponent_2_0#Left_middle_cerebral_artery,http://www.ihtsdo.org/snomed#Structure_of_left_middle_cerebral_artery,False,1.0
http://bioontology.org/projects/ontologies/fma/fmaOwlDlComponent_2_0#Medial_forebrain_bundle,http://www.ihtsdo.org/snomed#Structure_of_median_forebrain_bundle,True,1.0
http://bioontology.org/projects/ontologies/fma/fmaOwlDlComponent_2_0#Paracardial_lymph_node,http://www.ihtsdo.org/snomed#Structure_of_lymph_node_ring_of_cardia_of_stomach,True,1.0
http://bioontology.org/projects/ontologies/fma/fmaOwlDlComponent_2_0#Cutaneous_branch_of_obturator_nerve,http://www.ihtsdo.org/snomed#Structure_of_obturator_nerve_cutaneous_branch,True,1.0
http://bioontology.org/projects/ontologies/fma/fmaOwlDlComponent_2_0#Hair_matrix,http://www.ihtsdo.org/snomed#Structure_of_hair_matrix,True,1.0
http://bioontology.org/projects/ontologies/fma/fmaOwlDlComponent_2_0#Set_of_episcleral_arteries,http://www.ihtsdo.org/snomed#Structure_of_episcleral_artery,False,1.0
http://bioontology.org/projects/ontologies/fma/fmaOwlDlComponent_2_0#Lateral_border_of_manubrium,http://www.ihtsdo.org/snomed#Structure_of_lateral_border_of_manubrium,False,1.0
http://bioontology.org/projects/ontologies/fma/fmaOwlDlComponent_2_0#Reflected_inguinal_ligament,http://www.ihtsdo.org/snomed#Structure_of_ligamentum_inguinale_reflexum,True,1.0
http://bioontology.org/projects/ontologies/fma/fmaOwlDlComponent_2_0#Infra_orbital_nerve,http://www.ihtsdo.org/snomed#Structure_of_infraorbital_nerve,True,1.0
http://bioontology.org/projects/ontologies/fma/fmaOwlDlComponent_2_0#Dorsal_surface_of_penis,http://www.ihtsdo.org/snomed#Structure_of_dorsum_of_penis,True,1.0
http://bioontology.org/projects/ontologies/fma/fmaOwlDlComponent_2_0#Set_of_anterior_superior_alveolar_nerves,http://www.ihtsdo.org/snomed#Structure_of_anterior_superior_alveolar_nerve,True,1.0
http://bioontology.org/projects/ontologies/fma/fmaOwlDlComponent_2_0#Cave_of_septum_pellucidum,http://www.ihtsdo.org/snomed#Fifth_ventricle,False,1.0
http://bioontology.org/projects/ontologies/fma/fmaOwlDlComponent_2_0#Distal_epiphysis_of_fourth_metatarsal_bone,http://www.ihtsdo.org/snomed#Structure_of_head_of_fourth_metatarsal_bone,True,1.0
http://bioontology.org/projects/ontologies/fma/fmaOwlDlComponent_2_0#Third_metatarsal_facet_of_lateral_cuneiform_bone,http://www.ihtsdo.org/snomed#Structure_of_third_metatarsal_facet_of_lateral_cuneiform_bone,True,1.0
http://bioontology.org/projects/ontologies/fma/fmaOwlDlComponent_2_0#Tail_of_caudate_nucleus,http://www.ihtsdo.org/snomed#Structure_of_tail_of_caudate_nucleus,True,1.0
http://bioontology.org/projects/ontologies/fma/fmaOwlDlComponent_2_0#Minor_sublingual_duct,http://www.ihtsdo.org/snomed#Structure_of_minor_sublingual_ducts,True,1.0
http://bioontology.org/projects/ontologies/fma/fmaOwlDlComponent_2_0#Twelfth_costal_cartilage,http://www.ihtsdo.org/snomed#Structure_of_twelfth_costal_cartilage,True,1.0
http://bioontology.org/projects/ontologies/fma/fmaOwlDlComponent_2_0#Medial_cutaneous_nerve_of_forearm,http://www.ihtsdo.org/snomed#Structure_of_medial_cutaneous_nerve_of_forearm,True,1.0
http://bioontology.org/projects/ontologies/fma/fmaOwlDlComponent_2_0#Right_hip_joint,http://www.ihtsdo.org/snomed#Right_hip_joint_structure,True,1.0
http://bioontology.org/projects/ontologies/fma/fmaOwlDlComponent_2_0#External_iliac_lymph_node,http://www.ihtsdo.org/snomed#Structure_of_external_iliac_lymph_node,False,1.0
http://bioontology.org/projects/ontologies/fma/fmaOwlDlComponent_2_0#Prostatic_utricle,http://www.ihtsdo.org/snomed#Structure_of_prostatic_utricle,True,1.0
http://bioontology.org/projects/ontologies/fma/fmaOwlDlComponent_2_0#Posterior_commissure_of_labium_majus,http://www.ihtsdo.org/snomed#Structure_of_posterior_commissure_of_labia_majora,True,1.0
http://bioontology.org/projects/ontologies/fma/fmaOwlDlComponent_2_0#Set_of_arcuate_arteries_of_kidney,http://www.ihtsdo.org/snomed#Structure_of_arcuate_artery_of_kidney,True,1.0
http://bioontology.org/projects/ontologies/fma/fmaOwlDlComponent_2_0#Tendon_of_gemellus_inferior,http://www.ihtsdo.org/snomed#Structure_of_tendon_of_inferior_gemellus,True,1.0
http://bioontology.org/projects/ontologies/fma/fmaOwlDlComponent_2_0#Inferior_laryngeal_artery,http://www.ihtsdo.org/snomed#Structure_of_inferior_laryngeal_artery,True,1.0
http://bioontology.org/projects/ontologies/fma/fmaOwlDlComponent_2_0#Posterior_surface_of_adrenal_gland,http://www.ihtsdo.org/snomed#Structure_of_posterior_surface_of_adrenal_gland,True,1.0
http://bioontology.org/projects/ontologies/fma/fmaOwlDlComponent_2_0#Tarsal_bone,http://www.ihtsdo.org/snomed#Bone_structure_of_ankle,True,1.0
http://bioontology.org/projects/ontologies/fma/fmaOwlDlComponent_2_0#Middle_ear,http://www.ihtsdo.org/snomed#Middle_ear_structure,True,1.0
http://bioontology.org/projects/ontologies/fma/fmaOwlDlComponent_2_0#Anal_intersphincteric_groove,http://www.ihtsdo.org/snomed#Structure_of_anal_intersphincteric_groove,True,1.0
http://bioontology.org/projects/ontologies/fma/fmaOwlDlComponent_2_0#Foramen_lacerum,http://www.ihtsdo.org/snomed#Structure_of_foramen_lacerum,False,1.0
http://bioontology.org/projects/ontologies/fma/fmaOwlDlComponent_2_0#Right_upper_eyelid,http://www.ihtsdo.org/snomed#Structure_of_right_upper_eyelid,True,1.0
http://bioontology.org/projects/ontologies/fma/fmaOwlDlComponent_2_0#Set_of_joints_of_trunk,http://www.ihtsdo.org/snomed#Joint_structure_of_trunk,True,1.0
http://bioontology.org/projects/ontologies/fma/fmaOwlDlComponent_2_0#Diaphysis_of_phalanx_of_thumb,http://www.ihtsdo.org/snomed#Structure_of_shaft_of_phalanx_of_thumb,True,1.0
http://bioontology.org/projects/ontologies/fma/fmaOwlDlComponent_2_0#Superior_petrosal_sinus,http://www.ihtsdo.org/snomed#Structure_of_superior_petrosal_sinus,False,1.0
http://bioontology.org/projects/ontologies/fma/fmaOwlDlComponent_2_0#Uterine_venous_plexus,http://www.ihtsdo.org/snomed#Structure_of_uterine_venous_plexus,True,1.0
http://bioontology.org/projects/ontologies/fma/fmaOwlDlComponent_2_0#Right_carotid_sinus,http://www.ihtsdo.org/snomed#Structure_of_right_carotid_sinus,True,1.0
http://bioontology.org/projects/ontologies/fma/fmaOwlDlComponent_2_0#Set_of_basivertebral_veins,http://www.ihtsdo.org/snomed#Structure_of_basivertebral_vein,False,1.0
http://bioontology.org/projects/ontologies/fma/fmaOwlDlComponent_2_0#Inferior_gluteal_lymph_node,http://www.ihtsdo.org/snomed#Structure_of_inferior_gluteal_lymph_node,False,1.0
http://bioontology.org/projects/ontologies/fma/fmaOwlDlComponent_2_0#Sweat_gland_of_eyelid,http://www.ihtsdo.org/snomed#Structure_of_sweat_gland_of_eyelid,True,1.0
http://bioontology.org/projects/ontologies/fma/fmaOwlDlComponent_2_0#Frenulum_of_lower_lip,http://www.ihtsdo.org/snomed#Structure_of_frenulum_labii_inferioris,True,1.0
http://bioontology.org/projects/ontologies/fma/fmaOwlDlComponent_2_0#Jugular_venous_arch,http://www.ihtsdo.org/snomed#Structure_of_jugular_arch,True,1.0
http://bioontology.org/projects/ontologies/fma/fmaOwlDlComponent_2_0#MIddle_lung_zone,http://www.ihtsdo.org/snomed#Middle_zone_of_lung,True,1.0
http://bioontology.org/projects/ontologies/fma/fmaOwlDlComponent_2_0#Eleventh_thoracic_vertebral_arch,http://www.ihtsdo.org/snomed#Structure_of_arch_of_eleventh_thoracic_vertebra,True,1.0
http://bioontology.org/projects/ontologies/fma/fmaOwlDlComponent_2_0#Plantar_tarsal_ligament,http://www.ihtsdo.org/snomed#Structure_of_plantar_tarsal_ligaments,True,1.0
http://bioontology.org/projects/ontologies/fma/fmaOwlDlComponent_2_0#Pelvic_wall,http://www.ihtsdo.org/snomed#Pelvic_wall_structure,True,1.0
http://bioontology.org/projects/ontologies/fma/fmaOwlDlComponent_2_0#Collagen_fiber,http://www.ihtsdo.org/snomed#Collagen_fiber,True,1.0
http://bioontology.org/projects/ontologies/fma/fmaOwlDlComponent_2_0#Superior_articular_process_of_third_thoracic_vertebra,http://www.ihtsdo.org/snomed#Structure_of_superior_articular_process_of_third_thoracic_vertebra,True,1.0
http://bioontology.org/projects/ontologies/fma/fmaOwlDlComponent_2_0#Forehead,http://www.ihtsdo.org/snomed#Forehead_structure,True,1.0
http://bioontology.org/projects/ontologies/fma/fmaOwlDlComponent_2_0#Costal_groove,http://www.ihtsdo.org/snomed#Structure_of_costal_groove,False,1.0
http://bioontology.org/projects/ontologies/fma/fmaOwlDlComponent_2_0#Nucleus_pulposus_of_intervertebral_disk_of_tenth_thoracic_vertebra,http://www.ihtsdo.org/snomed#Structure_of_nucleus_pulposus_of_intervertebral_disc_of_tenth_thoracic_vertebra,True,1.0
http://bioontology.org/projects/ontologies/fma/fmaOwlDlComponent_2_0#Intermembranous_part_of_rima_glottidis,http://www.ihtsdo.org/snomed#Structure_of_intermembranous_part_of_rima_glottidis,True,1.0
http://bioontology.org/projects/ontologies/fma/fmaOwlDlComponent_2_0#Set_of_superior_epigastric_veins,http://www.ihtsdo.org/snomed#Structure_of_superior_epigastric_vein,True,1.0
http://bioontology.org/projects/ontologies/fma/fmaOwlDlComponent_2_0#Neck_of_third_rib,http://www.ihtsdo.org/snomed#Head_of_third_rib_structure,False,1.0
http://bioontology.org/projects/ontologies/fma/fmaOwlDlComponent_2_0#Ciliary_muscle,http://www.ihtsdo.org/snomed#Ciliary_muscle_structure,True,1.0
http://bioontology.org/projects/ontologies/fma/fmaOwlDlComponent_2_0#Hypogastric_nerve,http://www.ihtsdo.org/snomed#Hypogastric_plexus,False,1.0
http://bioontology.org/projects/ontologies/fma/fmaOwlDlComponent_2_0#Left_superior_segmental_bronchus,http://www.ihtsdo.org/snomed#Structure_of_left_lower_lobe_superior_segmental_bronchus,True,1.0
http://bioontology.org/projects/ontologies/fma/fmaOwlDlComponent_2_0#Superficial_circumflex_iliac_vein,http://www.ihtsdo.org/snomed#Structure_of_superficial_circumflex_iliac_vein,True,1.0
http://bioontology.org/projects/ontologies/fma/fmaOwlDlComponent_2_0#Anterior_recess_of_tympanic_membrane,http://www.ihtsdo.org/snomed#Structure_of_anterior_recess_of_tympanic_membrane,True,1.0
http://bioontology.org/projects/ontologies/fma/fmaOwlDlComponent_2_0#Set_of_superior_tributary_of_tracheobronchial_lymph_nodes,http://www.ihtsdo.org/snomed#Structure_of_superior_tracheobronchial_lymph_node,True,1.0
http://bioontology.org/projects/ontologies/fma/fmaOwlDlComponent_2_0#Skin_of_nipple,http://www.ihtsdo.org/snomed#Skin_structure_of_nipple,True,1.0
http://bioontology.org/projects/ontologies/fma/fmaOwlDlComponent_2_0#Head_of_ninth_rib,http://www.ihtsdo.org/snomed#Head_of_ninth_rib_structure,True,1.0
http://bioontology.org/projects/ontologies/fma/fmaOwlDlComponent_2_0#Lateral_talocalcaneal_ligament,http://www.ihtsdo.org/snomed#Structure_of_lateral_talocalcaneal_ligament,True,1.0
http://bioontology.org/projects/ontologies/fma/fmaOwlDlComponent_2_0#Subparietal_sulcus,http://www.ihtsdo.org/snomed#Structure_of_subparietal_sulcus,False,1.0
http://bioontology.org/projects/ontologies/fma/fmaOwlDlComponent_2_0#Nerve_to_levator_palpebrae_superioris,http://www.ihtsdo.org/snomed#Structure_of_oculomotor_nerve_levator_palpebrae_branch,True,1.0
http://bioontology.org/projects/ontologies/fma/fmaOwlDlComponent_2_0#Coccygeal_nerve,http://www.ihtsdo.org/snomed#Structure_of_coccygeal_nerve,True,1.0
http://bioontology.org/projects/ontologies/fma/fmaOwlDlComponent_2_0#Head_of_third_rib,http://www.ihtsdo.org/snomed#Head_of_third_rib_structure,True,1.0
http://bioontology.org/projects/ontologies/fma/fmaOwlDlComponent_2_0#Subcostal_nerve,http://www.ihtsdo.org/snomed#Structure_of_subcostal_nerve,True,1.0
http://bioontology.org/projects/ontologies/fma/fmaOwlDlComponent_2_0#Mastoid_air_cell,http://www.ihtsdo.org/snomed#Structure_of_mastoid_cell,False,1.0
http://bioontology.org/projects/ontologies/fma/fmaOwlDlComponent_2_0#Entorhinal_area,http://www.ihtsdo.org/snomed#Structure_of_entorhinal_cortex,True,1.0
http://bioontology.org/projects/ontologies/fma/fmaOwlDlComponent_2_0#Intra_articular_ligament_of_head_of_rib,http://www.ihtsdo.org/snomed#Structure_of_intraarticular_ligament_of_head_of_rib,True,1.0
http://bioontology.org/projects/ontologies/fma/fmaOwlDlComponent_2_0#Cavity_of_left_hemithorax,http://www.ihtsdo.org/snomed#Structure_of_left_thoracic_cavity,True,1.0
http://bioontology.org/projects/ontologies/fma/fmaOwlDlComponent_2_0#Subdural_space,http://www.ihtsdo.org/snomed#Subdural_space_structure,True,1.0
http://bioontology.org/projects/ontologies/fma/fmaOwlDlComponent_2_0#Palpebral_part_of_lacrimal_gland,http://www.ihtsdo.org/snomed#Structure_of_palpebral_part_of_lacrimal_gland,True,1.0
http://bioontology.org/projects/ontologies/fma/fmaOwlDlComponent_2_0#Tributary_of_superior_thyroid_vein,http://www.ihtsdo.org/snomed#Structure_of_tributary_of_superior_thyroid_vein,True,1.0
http://bioontology.org/projects/ontologies/fma/fmaOwlDlComponent_2_0#Muscle_layer_of_small_intestine,http://www.ihtsdo.org/snomed#Small_intestine_muscularis_propria_structure,True,1.0
http://bioontology.org/projects/ontologies/fma/fmaOwlDlComponent_2_0#Lamina_of_fifth_thoracic_vertebra,http://www.ihtsdo.org/snomed#Structure_of_lamina_of_fifth_thoracic_vertebra,True,1.0
http://bioontology.org/projects/ontologies/fma/fmaOwlDlComponent_2_0#Set_of_gluteal_lymph_nodes,http://www.ihtsdo.org/snomed#Structure_of_gluteal_lymph_node,False,1.0
http://bioontology.org/projects/ontologies/fma/fmaOwlDlComponent_2_0#Taenia_omentalis,http://www.ihtsdo.org/snomed#Structure_of_taenia_omentalis,False,1.0
http://bioontology.org/projects/ontologies/fma/fmaOwlDlComponent_2_0#Set_of_anterior_cerebral_veins,http://www.ihtsdo.org/snomed#Structure_of_anterior_cerebral_vein,False,1.0
http://bioontology.org/projects/ontologies/fma/fmaOwlDlComponent_2_0#Set_of_paratracheal_lymph_nodes,http://www.ihtsdo.org/snomed#Structure_of_paratracheal_lymph_node,False,1.0
http://bioontology.org/projects/ontologies/fma/fmaOwlDlComponent_2_0#Neck_of_ninth_rib,http://www.ihtsdo.org/snomed#Head_of_ninth_rib_structure,False,1.0
http://bioontology.org/projects/ontologies/fma/fmaOwlDlComponent_2_0#Septomarginal_trabecula,http://www.ihtsdo.org/snomed#Structure_of_trabecula_septomarginalis,True,1.0
http://bioontology.org/projects/ontologies/fma/fmaOwlDlComponent_2_0#Neck_of_fourth_rib,http://www.ihtsdo.org/snomed#Structure_of_neck_of_fourth_rib,True,1.0
http://bioontology.org/projects/ontologies/fma/fmaOwlDlComponent_2_0#Set_of_external_nasal_veins,http://www.ihtsdo.org/snomed#Structure_of_external_nasal_vein,False,1.0
http://bioontology.org/projects/ontologies/fma/fmaOwlDlComponent_2_0#Superior_articular_process_of_sixth_thoracic_vertebra,http://www.ihtsdo.org/snomed#Structure_of_superior_articular_process_of_sixth_thoracic_vertebra,True,1.0
http://bioontology.org/projects/ontologies/fma/fmaOwlDlComponent_2_0#Middle_phalanx_of_index_finger,http://www.ihtsdo.org/snomed#Structure_of_middle_phalanx_of_index_finger,True,1.0
http://bioontology.org/projects/ontologies/fma/fmaOwlDlComponent_2_0#Thyroid_tubercle,http://www.ihtsdo.org/snomed#Structure_of_thyroid_tubercle,False,1.0
http://bioontology.org/projects/ontologies/fma/fmaOwlDlComponent_2_0#Bone_of_stapes,http://www.ihtsdo.org/snomed#Bone_structure_of_stapes,True,1.0
http://bioontology.org/projects/ontologies/fma/fmaOwlDlComponent_2_0#Anterior_quadrangular_lobule,http://www.ihtsdo.org/snomed#Structure_of_anterior_semilunar_lobule,True,1.0
http://bioontology.org/projects/ontologies/fma/fmaOwlDlComponent_2_0#Deep_transverse_metatarsal_ligament,http://www.ihtsdo.org/snomed#Structure_of_deep_transverse_metatarsal_ligament,True,1.0
http://bioontology.org/projects/ontologies/fma/fmaOwlDlComponent_2_0#Hepatovenous_segment_VII,http://www.ihtsdo.org/snomed#Couinaud_hepatic_segment_VII,True,1.0
http://bioontology.org/projects/ontologies/fma/fmaOwlDlComponent_2_0#Lumen_of_deferent_duct,http://www.ihtsdo.org/snomed#Vas_deferens_lumen_structure,True,1.0
http://bioontology.org/projects/ontologies/fma/fmaOwlDlComponent_2_0#Intercalated_duct_of_pancreas,http://www.ihtsdo.org/snomed#Structure_of_intercalated_duct_of_pancreas,True,1.0
http://bioontology.org/projects/ontologies/fma/fmaOwlDlComponent_2_0#Medial_pterygoid,http://www.ihtsdo.org/snomed#Structure_of_medial_pterygoid_muscle,True,1.0
http://bioontology.org/projects/ontologies/fma/fmaOwlDlComponent_2_0#Superior_division_of_oculomotor_nerve,http://www.ihtsdo.org/snomed#Structure_of_oculomotor_nerve_superior_division,True,1.0
http://bioontology.org/projects/ontologies/fma/fmaOwlDlComponent_2_0#Cell_coat,http://www.ihtsdo.org/snomed#Glycocalyx,True,1.0
http://bioontology.org/projects/ontologies/fma/fmaOwlDlComponent_2_0#Mesenteric_border_of_jejunum,http://www.ihtsdo.org/snomed#Structure_of_mesenteric_border_of_jejunum,True,1.0
http://bioontology.org/projects/ontologies/fma/fmaOwlDlComponent_2_0#Choroid_plexus_of_lateral_ventricle,http://www.ihtsdo.org/snomed#Structure_of_choroid_plexus_of_lateral_ventricle,True,1.0
http://bioontology.org/projects/ontologies/fma/fmaOwlDlComponent_2_0#Cephalic_vein,http://www.ihtsdo.org/snomed#Structure_of_cephalic_vein,True,1.0
http://bioontology.org/projects/ontologies/fma/fmaOwlDlComponent_2_0#Internal_iliac_artery,http://www.ihtsdo.org/snomed#Branch_of_internal_iliac_artery,False,1.0
http://bioontology.org/projects/ontologies/fma/fmaOwlDlComponent_2_0#Terminal_aorta,http://www.ihtsdo.org/snomed#Terminal_aorta_structure,True,1.0
http://bioontology.org/projects/ontologies/fma/fmaOwlDlComponent_2_0#Right_hepatic_vein,http://www.ihtsdo.org/snomed#Structure_of_right_hepatic_vein,True,1.0
http://bioontology.org/projects/ontologies/fma/fmaOwlDlComponent_2_0#Right_submandibular_gland,http://www.ihtsdo.org/snomed#Structure_of_right_submaxillary_gland,False,1.0
http://bioontology.org/projects/ontologies/fma/fmaOwlDlComponent_2_0#Superior_phrenic_vein,http://www.ihtsdo.org/snomed#Structure_of_superior_phrenic_vein,False,1.0
http://bioontology.org/projects/ontologies/fma/fmaOwlDlComponent_2_0#Thyroid_cartilage,http://www.ihtsdo.org/snomed#Thyroid_cartilage_structure,True,1.0
http://bioontology.org/projects/ontologies/fma/fmaOwlDlComponent_2_0#Medial_surface_of_thumb,http://www.ihtsdo.org/snomed#Structure_of_medial_surface_of_thumb,True,1.0
http://bioontology.org/projects/ontologies/fma/fmaOwlDlComponent_2_0#Long_vinculum_of_tendon,http://www.ihtsdo.org/snomed#Structure_of_vinculum_longum,False,1.0
http://bioontology.org/projects/ontologies/fma/fmaOwlDlComponent_2_0#Inferior_gluteal_nerve,http://www.ihtsdo.org/snomed#Structure_of_inferior_gluteal_nerve,True,1.0
http://bioontology.org/projects/ontologies/fma/fmaOwlDlComponent_2_0#Vestibule_of_lesser_sac,http://www.ihtsdo.org/snomed#Structure_of_vestibule_of_omental_bursa,True,1.0
http://bioontology.org/projects/ontologies/fma/fmaOwlDlComponent_2_0#Set_of_extrinsic_muscles_of_larynx,http://www.ihtsdo.org/snomed#Extrinsic_muscle_of_larynx,True,1.0
http://bioontology.org/projects/ontologies/fma/fmaOwlDlComponent_2_0#Skin_of_axilla,http://www.ihtsdo.org/snomed#Skin_structure_of_axilla,True,1.0
http://bioontology.org/projects/ontologies/fma/fmaOwlDlComponent_2_0#Transverse_process_of_tenth_thoracic_vertebra,http://www.ihtsdo.org/snomed#Structure_of_transverse_process_of_tenth_thoracic_vertebra,True,1.0
http://bioontology.org/projects/ontologies/fma/fmaOwlDlComponent_2_0#Transverse_process_of_axis,http://www.ihtsdo.org/snomed#Structure_of_transverse_process_of_axis,True,1.0
http://bioontology.org/projects/ontologies/fma/fmaOwlDlComponent_2_0#Median_aperture_of_fourth_ventricle,http://www.ihtsdo.org/snomed#Foramen_of_Magendie,True,1.0
http://bioontology.org/projects/ontologies/fma/fmaOwlDlComponent_2_0#Stylomandibular_ligament,http://www.ihtsdo.org/snomed#Structure_of_stylomandibular_ligament_of_temporomandibular_joint,True,1.0
http://bioontology.org/projects/ontologies/fma/fmaOwlDlComponent_2_0#Blast_cell,http://www.ihtsdo.org/snomed#Blast_cell,True,1.0
http://bioontology.org/projects/ontologies/fma/fmaOwlDlComponent_2_0#Pretracheal_layer_of_cervical_fascia,http://www.ihtsdo.org/snomed#Structure_of_pretracheal_layer_of_cervical_fascia,True,1.0
http://bioontology.org/projects/ontologies/fma/fmaOwlDlComponent_2_0#Glial_fibrillar_acidic_protein,http://www.ihtsdo.org/snomed#Glial_fibrillary_acidic_protein,True,1.0
http://bioontology.org/projects/ontologies/fma/fmaOwlDlComponent_2_0#Body_of_hyoid_bone,http://www.ihtsdo.org/snomed#Structure_of_body_of_hyoid_bone,True,1.0
http://bioontology.org/projects/ontologies/fma/fmaOwlDlComponent_2_0#Esophageal_gland,http://www.ihtsdo.org/snomed#Structure_of_esophageal_gland,False,1.0
http://bioontology.org/projects/ontologies/fma/fmaOwlDlComponent_2_0#Distal_epiphysis_of_phalanx_of_fifth_toe,http://www.ihtsdo.org/snomed#Structure_of_distal_phalanx_of_little_toe,True,1.0
http://bioontology.org/projects/ontologies/fma/fmaOwlDlComponent_2_0#Skin_of_eyelid,http://www.ihtsdo.org/snomed#Skin_structure_of_eyelid,True,1.0
http://bioontology.org/projects/ontologies/fma/fmaOwlDlComponent_2_0#Second_dorsal_interosseous_of_foot,http://www.ihtsdo.org/snomed#Second_dorsal_interosseous_muscle_of_foot,True,1.0
http://bioontology.org/projects/ontologies/fma/fmaOwlDlComponent_2_0#Inferior_surface_of_pancreas,http://www.ihtsdo.org/snomed#Structure_of_inferior_surface_of_pancreas,True,1.0
http://bioontology.org/projects/ontologies/fma/fmaOwlDlComponent_2_0#Left_external_ear,http://www.ihtsdo.org/snomed#Left_external_ear_structure,True,1.0
http://bioontology.org/projects/ontologies/fma/fmaOwlDlComponent_2_0#Pia_mater,http://www.ihtsdo.org/snomed#Pia_mater_structure,True,1.0
http://bioontology.org/projects/ontologies/fma/fmaOwlDlComponent_2_0#Right_adrenal_gland,http://www.ihtsdo.org/snomed#Structure_of_right_adrenal_gland,True,1.0
http://bioontology.org/projects/ontologies/fma/fmaOwlDlComponent_2_0#Suprarenal_aorta,http://www.ihtsdo.org/snomed#Structure_of_suprarenal_aorta,True,1.0
http://bioontology.org/projects/ontologies/fma/fmaOwlDlComponent_2_0#Set_of_tarsometatarsal_joints,http://www.ihtsdo.org/snomed#Structure_of_tarsometatarsal_joint,True,1.0
http://bioontology.org/projects/ontologies/fma/fmaOwlDlComponent_2_0#Intertransversarius_muscle,http://www.ihtsdo.org/snomed#Structure_of_intertransversarius_muscle,True,1.0
http://bioontology.org/projects/ontologies/fma/fmaOwlDlComponent_2_0#Lateral_nasal_cartilage,http://www.ihtsdo.org/snomed#Structure_of_lateral_nasal_cartilage,False,1.0
http://bioontology.org/projects/ontologies/fma/fmaOwlDlComponent_2_0#Set_of_dorsal_metacarpal_arteries,http://www.ihtsdo.org/snomed#Branch_of_dorsal_metacarpal_artery,False,1.0
http://bioontology.org/projects/ontologies/fma/fmaOwlDlComponent_2_0#Distobuccal_cusp_of_tooth,http://www.ihtsdo.org/snomed#Structure_of_distobuccal_cusp,True,1.0
http://bioontology.org/projects/ontologies/fma/fmaOwlDlComponent_2_0#Nucleus_pulposus_of_intervertebral_disk_of_thoracic_vertebra,http://www.ihtsdo.org/snomed#Structure_of_nucleus_pulposus_of_intervertebral_disc_of_thoracic_vertebra,True,1.0
http://bioontology.org/projects/ontologies/fma/fmaOwlDlComponent_2_0#Tributary_of_central_retinal_vein,http://www.ihtsdo.org/snomed#Structure_of_tributary_of_central_retinal_vein,False,1.0
http://bioontology.org/projects/ontologies/fma/fmaOwlDlComponent_2_0#Cymba_conchae_of_pinna,http://www.ihtsdo.org/snomed#Cymba_conchae_structure,True,1.0
http://bioontology.org/projects/ontologies/fma/fmaOwlDlComponent_2_0#Anterior_surface_of_pancreas,http://www.ihtsdo.org/snomed#Structure_of_anterior_surface_of_pancreas,True,1.0
http://bioontology.org/projects/ontologies/fma/fmaOwlDlComponent_2_0#Set_of_infrahyoid_muscles,http://www.ihtsdo.org/snomed#Structure_of_infrahyoid_muscle,True,1.0
http://bioontology.org/projects/ontologies/fma/fmaOwlDlComponent_2_0#Lateral_wall_of_nasopharynx,http://www.ihtsdo.org/snomed#Structure_of_lateral_nasopharynx,True,1.0
http://bioontology.org/projects/ontologies/fma/fmaOwlDlComponent_2_0#Preductal_region_of_aortic_arch,http://www.ihtsdo.org/snomed#Structure_of_preductal_region_of_aortic_arch,True,1.0
http://bioontology.org/projects/ontologies/fma/fmaOwlDlComponent_2_0#Fourth_lumbrical_of_hand,http://www.ihtsdo.org/snomed#Fourth_lumbrical_muscle_of_hand,True,1.0
http://bioontology.org/projects/ontologies/fma/fmaOwlDlComponent_2_0#Pontine_artery,http://www.ihtsdo.org/snomed#Pontine_structure,False,1.0
http://bioontology.org/projects/ontologies/fma/fmaOwlDlComponent_2_0#Set_of_anal_sinuses,http://www.ihtsdo.org/snomed#Structure_of_anal_sinus,True,1.0
http://bioontology.org/projects/ontologies/fma/fmaOwlDlComponent_2_0#Retroduodenal_recess,http://www.ihtsdo.org/snomed#Structure_of_retroduodenal_recess,True,1.0
http://bioontology.org/projects/ontologies/fma/fmaOwlDlComponent_2_0#Bicipitoradial_bursa,http://www.ihtsdo.org/snomed#Structure_of_bicipitoradial_bursa,True,1.0
http://bioontology.org/projects/ontologies/fma/fmaOwlDlComponent_2_0#Cuneus,http://www.ihtsdo.org/snomed#Structure_of_cuneus,True,1.0
http://bioontology.org/projects/ontologies/fma/fmaOwlDlComponent_2_0#Spinous_process_of_lumbar_vertebra,http://www.ihtsdo.org/snomed#Structure_of_spinous_process_of_vertebra,True,1.0
http://bioontology.org/projects/ontologies/fma/fmaOwlDlComponent_2_0#Right_lateral_wall_of_nasopharynx,http://www.ihtsdo.org/snomed#Structure_of_right_lateral_nasopharynx,True,1.0
http://bioontology.org/projects/ontologies/fma/fmaOwlDlComponent_2_0#Hair_of_trunk,http://www.ihtsdo.org/snomed#Structure_of_hair_of_trunk,False,1.0
http://bioontology.org/projects/ontologies/fma/fmaOwlDlComponent_2_0#Head_of_fourth_rib,http://www.ihtsdo.org/snomed#Structure_of_neck_of_fourth_rib,False,1.0
http://bioontology.org/projects/ontologies/fma/fmaOwlDlComponent_2_0#Keratin_plug,http://www.ihtsdo.org/snomed#Keratin_plug,False,1.0
http://bioontology.org/projects/ontologies/fma/fmaOwlDlComponent_2_0#Tributary_of_basal_vein,http://www.ihtsdo.org/snomed#Structure_of_tributary_of_basal_vein,False,1.0
http://bioontology.org/projects/ontologies/fma/fmaOwlDlComponent_2_0#Left_tenth_posterior_intercostal_vein,http://www.ihtsdo.org/snomed#Left_posterior_intercostal_vein,True,1.0
http://bioontology.org/projects/ontologies/fma/fmaOwlDlComponent_2_0#Inferior_labial_artery,http://www.ihtsdo.org/snomed#Structure_of_inferior_labial_artery,True,1.0
http://bioontology.org/projects/ontologies/fma/fmaOwlDlComponent_2_0#Set_of_pharyngeal_branches_of_glossopharyngeal_nerve,http://www.ihtsdo.org/snomed#Pharyngeal_branch_of_glossopharyngeal_nerve,True,1.0
http://bioontology.org/projects/ontologies/fma/fmaOwlDlComponent_2_0#Serous_membrane,http://www.ihtsdo.org/snomed#Serous_membrane_structure,True,1.0
http://bioontology.org/projects/ontologies/fma/fmaOwlDlComponent_2_0#Columella,http://www.ihtsdo.org/snomed#Columella_structure,True,1.0
http://bioontology.org/projects/ontologies/fma/fmaOwlDlComponent_2_0#Set_of_interlobular_bile_ducts,http://www.ihtsdo.org/snomed#Structure_of_interlobular_bile_duct,True,1.0
http://bioontology.org/projects/ontologies/fma/fmaOwlDlComponent_2_0#Dorsal_intermediate_sulcus_of_spinal_cord,http://www.ihtsdo.org/snomed#Structure_of_spinal_cord_dorsal_intermediate_sulcus,True,1.0
http://bioontology.org/projects/ontologies/fma/fmaOwlDlComponent_2_0#Chondroglossus,http://www.ihtsdo.org/snomed#Structure_of_chondroglossal_muscle,True,1.0
http://bioontology.org/projects/ontologies/fma/fmaOwlDlComponent_2_0#Parietal_lobe,http://www.ihtsdo.org/snomed#Parietal_region_structure,True,1.0
http://bioontology.org/projects/ontologies/fma/fmaOwlDlComponent_2_0#Mesial_surface_of_tooth,http://www.ihtsdo.org/snomed#Structure_of_mesial_surface_of_tooth,True,1.0
http://bioontology.org/projects/ontologies/fma/fmaOwlDlComponent_2_0#Middle_part_of_ileum,http://www.ihtsdo.org/snomed#Structure_of_middle_portion_of_ileum,True,1.0
http://bioontology.org/projects/ontologies/fma/fmaOwlDlComponent_2_0#Skin_of_breast,http://www.ihtsdo.org/snomed#Skin_structure_of_breast,True,1.0
http://bioontology.org/projects/ontologies/fma/fmaOwlDlComponent_2_0#Set_of_interlobular_arteries_of_liver,http://www.ihtsdo.org/snomed#Structure_of_interlobular_artery_of_liver,True,1.0
http://bioontology.org/projects/ontologies/fma/fmaOwlDlComponent_2_0#Ulnar_recurrent_artery,http://www.ihtsdo.org/snomed#Structure_of_recurrent_ulnar_artery,True,1.0
http://bioontology.org/projects/ontologies/fma/fmaOwlDlComponent_2_0#Retropubic_space,http://www.ihtsdo.org/snomed#Structure_of_retropubic_space,True,1.0
http://bioontology.org/projects/ontologies/fma/fmaOwlDlComponent_2_0#Superior_medullary_velum,http://www.ihtsdo.org/snomed#Structure_of_superior_medullary_velum,True,1.0
http://bioontology.org/projects/ontologies/fma/fmaOwlDlComponent_2_0#Endoderm,http://www.ihtsdo.org/snomed#Endoderm_structure,True,1.0
http://bioontology.org/projects/ontologies/fma/fmaOwlDlComponent_2_0#Superior_ligament_of_pinna,http://www.ihtsdo.org/snomed#Structure_of_superior_auricular_ligament,True,1.0
http://bioontology.org/projects/ontologies/fma/fmaOwlDlComponent_2_0#Epiglottic_tubercle,http://www.ihtsdo.org/snomed#Structure_of_epiglottic_tubercle,False,1.0
http://bioontology.org/projects/ontologies/fma/fmaOwlDlComponent_2_0#Middle_frontal_gyrus,http://www.ihtsdo.org/snomed#Structure_of_middle_frontal_gyrus,True,1.0
http://bioontology.org/projects/ontologies/fma/fmaOwlDlComponent_2_0#Bone_of_lunate,http://www.ihtsdo.org/snomed#Structure_of_lunate_bone,True,1.0
http://bioontology.org/projects/ontologies/fma/fmaOwlDlComponent_2_0#Spinous_process_of_third_thoracic_vertebra,http://www.ihtsdo.org/snomed#Structure_of_spinous_process_of_third_thoracic_vertebra,True,1.0
http://bioontology.org/projects/ontologies/fma/fmaOwlDlComponent_2_0#Spinous_process_of_fifth_cervical_vertebra,http://www.ihtsdo.org/snomed#Structure_of_spinous_process_of_fifth_cervical_vertebra,True,1.0
http://bioontology.org/projects/ontologies/fma/fmaOwlDlComponent_2_0#Cochlear_nucleus,http://www.ihtsdo.org/snomed#Cochlear_nucleus_structure,True,1.0
http://bioontology.org/projects/ontologies/fma/fmaOwlDlComponent_2_0#Proximal_epiphysis_of_radius,http://www.ihtsdo.org/snomed#Structure_of_proximal_epiphysis_of_radius,True,1.0
http://bioontology.org/projects/ontologies/fma/fmaOwlDlComponent_2_0#Diaphragmatic_pleura,http://www.ihtsdo.org/snomed#Structure_of_diaphragmatic_pleura,True,1.0
http://bioontology.org/projects/ontologies/fma/fmaOwlDlComponent_2_0#Right_anterior_cerebral_artery,http://www.ihtsdo.org/snomed#Structure_of_right_anterior_cerebral_artery,False,1.0
http://bioontology.org/projects/ontologies/fma/fmaOwlDlComponent_2_0#Lateral_occipital_sulcus,http://www.ihtsdo.org/snomed#Structure_of_lateral_occipital_sulcus,False,1.0
http://bioontology.org/projects/ontologies/fma/fmaOwlDlComponent_2_0#Tributary_of_internal_thoracic_vein,http://www.ihtsdo.org/snomed#Structure_of_tributary_of_internal_thoracic_vein,True,1.0
http://bioontology.org/projects/ontologies/fma/fmaOwlDlComponent_2_0#Thymic_branch_of_brachiocephalic_artery,http://www.ihtsdo.org/snomed#Structure_of_thymic_branch_of_brachiocephalic_artery,True,1.0
http://bioontology.org/projects/ontologies/fma/fmaOwlDlComponent_2_0#Orifice_of_prostatic_duct,http://www.ihtsdo.org/snomed#Structure_of_orifice_of_prostatic_duct,True,1.0
http://bioontology.org/projects/ontologies/fma/fmaOwlDlComponent_2_0#Proximal_epiphysis_of_fifth_metacarpal_bone,http://www.ihtsdo.org/snomed#Structure_of_base_of_fifth_metacarpal_bone,True,1.0
http://bioontology.org/projects/ontologies/fma/fmaOwlDlComponent_2_0#Pampiniform_plexus,http://www.ihtsdo.org/snomed#Structure_of_pampiniform_plexus,True,1.0
http://bioontology.org/projects/ontologies/fma/fmaOwlDlComponent_2_0#Lamina_propria_of_renal_pelvis,http://www.ihtsdo.org/snomed#Structure_of_lamina_propria_of_renal_pelvis,True,1.0
http://bioontology.org/projects/ontologies/fma/fmaOwlDlComponent_2_0#Lateral_epicondyle_of_humerus,http://www.ihtsdo.org/snomed#Structure_of_lateral_epicondyle_of_humerus,False,1.0
http://bioontology.org/projects/ontologies/fma/fmaOwlDlComponent_2_0#Hip_bone,http://www.ihtsdo.org/snomed#Bone_structure_of_hip,True,1.0
http://bioontology.org/projects/ontologies/fma/fmaOwlDlComponent_2_0#Posterior_limb_of_stapes,http://www.ihtsdo.org/snomed#Structure_of_posterior_limb_of_stapes,True,1.0
http://bioontology.org/projects/ontologies/fma/fmaOwlDlComponent_2_0#Triangular_fossa_of_antihelix,http://www.ihtsdo.org/snomed#Structure_of_fossa_triangularis_of_ear,True,1.0
http://bioontology.org/projects/ontologies/fma/fmaOwlDlComponent_2_0#Basal_zone_of_left_lung,http://www.ihtsdo.org/snomed#Structure_of_base_of_left_lung,True,1.0
http://bioontology.org/projects/ontologies/fma/fmaOwlDlComponent_2_0#Articular_capsule,http://www.ihtsdo.org/snomed#Structure_of_articular_capsule,True,1.0
http://bioontology.org/projects/ontologies/fma/fmaOwlDlComponent_2_0#Anterior_mediastinum,http://www.ihtsdo.org/snomed#Structure_of_anterior_mediastinum,True,1.0
http://bioontology.org/projects/ontologies/fma/fmaOwlDlComponent_2_0#Set_of_urethral_lacunae,http://www.ihtsdo.org/snomed#Structure_of_urethral_lacunae,False,1.0
http://bioontology.org/projects/ontologies/fma/fmaOwlDlComponent_2_0#Ventral_lateral_nucleus,http://www.ihtsdo.org/snomed#Structure_of_ventral_lateral_nucleus_of_thalamus,True,1.0
http://bioontology.org/projects/ontologies/fma/fmaOwlDlComponent_2_0#Anterior_aortic_sinus,http://www.ihtsdo.org/snomed#Structure_of_right_sinus_of_Valsalva,True,1.0
http://bioontology.org/projects/ontologies/fma/fmaOwlDlComponent_2_0#Spinous_process_of_sixth_thoracic_vertebra,http://www.ihtsdo.org/snomed#Structure_of_spinous_process_of_sixth_thoracic_vertebra,True,1.0
http://bioontology.org/projects/ontologies/fma/fmaOwlDlComponent_2_0#Right_gastroepiploic_vein,http://www.ihtsdo.org/snomed#Structure_of_right_gastroepiploic_vein,True,1.0
http://bioontology.org/projects/ontologies/fma/fmaOwlDlComponent_2_0#Zone_of_diencephalon,http://www.ihtsdo.org/snomed#H_zone,False,1.0
http://bioontology.org/projects/ontologies/fma/fmaOwlDlComponent_2_0#Set_of_renal_veins,http://www.ihtsdo.org/snomed#Structure_of_renal_vein,True,1.0
http://bioontology.org/projects/ontologies/fma/fmaOwlDlComponent_2_0#Subtendinous_prepatellar_bursa,http://www.ihtsdo.org/snomed#Structure_of_subtendinous_prepatellar_bursa,True,1.0
http://bioontology.org/projects/ontologies/fma/fmaOwlDlComponent_2_0#Left_vertebral_artery,http://www.ihtsdo.org/snomed#Structure_of_left_vertebral_artery,True,1.0
http://bioontology.org/projects/ontologies/fma/fmaOwlDlComponent_2_0#Distal_epiphysis_of_phalanx_of_hand,http://www.ihtsdo.org/snomed#Epiphysis_of_phalanx_of_hand,True,1.0
http://bioontology.org/projects/ontologies/fma/fmaOwlDlComponent_2_0#Interosseous_ligament_of_intermetacarpal_joint,http://www.ihtsdo.org/snomed#Structure_of_interosseous_metacarpal_ligaments,True,1.0
http://bioontology.org/projects/ontologies/fma/fmaOwlDlComponent_2_0#Chondrocyte,http://www.ihtsdo.org/snomed#Chondrocyte,True,1.0
http://bioontology.org/projects/ontologies/fma/fmaOwlDlComponent_2_0#Superior_articular_process_of_eighth_thoracic_vertebra,http://www.ihtsdo.org/snomed#Structure_of_superior_articular_process_of_eighth_thoracic_vertebra,True,1.0
http://bioontology.org/projects/ontologies/fma/fmaOwlDlComponent_2_0#Accessory_vertebral_vein,http://www.ihtsdo.org/snomed#Structure_of_accessory_vertebral_vein,True,1.0
http://bioontology.org/projects/ontologies/fma/fmaOwlDlComponent_2_0#Articular_part_of_tubercle_of_eighth_rib,http://www.ihtsdo.org/snomed#Structure_of_articular_part_of_tubercle_of_eighth_rib,True,1.0
http://bioontology.org/projects/ontologies/fma/fmaOwlDlComponent_2_0#Mesenteric_border_of_ileum,http://www.ihtsdo.org/snomed#Structure_of_mesenteric_border_of_ileum,True,1.0
http://bioontology.org/projects/ontologies/fma/fmaOwlDlComponent_2_0#Endolymphatic_sac,http://www.ihtsdo.org/snomed#Structure_of_endolymphatic_sac,False,1.0
http://bioontology.org/projects/ontologies/fma/fmaOwlDlComponent_2_0#Set_of_pararectal_lymph_nodes,http://www.ihtsdo.org/snomed#Structure_of_pararectal_lymph_node,False,1.0
http://bioontology.org/projects/ontologies/fma/fmaOwlDlComponent_2_0#Major_calyx,http://www.ihtsdo.org/snomed#Structure_of_major_calyx,True,1.0
http://bioontology.org/projects/ontologies/fma/fmaOwlDlComponent_2_0#Set_of_pulmonary_veins,http://www.ihtsdo.org/snomed#Pulmonary_venous_structure,True,1.0
http://bioontology.org/projects/ontologies/fma/fmaOwlDlComponent_2_0#Coracohumeral_ligament,http://www.ihtsdo.org/snomed#Structure_of_coracohumeral_ligament,False,1.0
http://bioontology.org/projects/ontologies/fma/fmaOwlDlComponent_2_0#Basal_zone_of_heart,http://www.ihtsdo.org/snomed#Structure_of_base_of_heart,True,1.0
http://bioontology.org/projects/ontologies/fma/fmaOwlDlComponent_2_0#Intervertebral_foramen_of_cervical_vertebra,http://www.ihtsdo.org/snomed#Structure_of_intervertebral_foramen_of_cervical_vertebra,True,1.0
http://bioontology.org/projects/ontologies/fma/fmaOwlDlComponent_2_0#Olfactory_sulcus,http://www.ihtsdo.org/snomed#Structure_of_olfactory_sulcus,True,1.0
http://bioontology.org/projects/ontologies/fma/fmaOwlDlComponent_2_0#Ulnar_vein,http://www.ihtsdo.org/snomed#Structure_of_ulnar_vein,False,1.0
http://bioontology.org/projects/ontologies/fma/fmaOwlDlComponent_2_0#Articular_part_of_tubercle_of_third_rib,http://www.ihtsdo.org/snomed#Structure_of_articular_part_of_tubercle_of_third_rib,True,1.0
http://bioontology.org/projects/ontologies/fma/fmaOwlDlComponent_2_0#Splenium_of_corpus_callosum,http://www.ihtsdo.org/snomed#Structure_of_splenium_of_corpus_callosum,True,1.0
http://bioontology.org/projects/ontologies/fma/fmaOwlDlComponent_2_0#Transverse_process_of_seventh_thoracic_vertebra,http://www.ihtsdo.org/snomed#Structure_of_transverse_process_of_seventh_thoracic_vertebra,True,1.0
http://bioontology.org/projects/ontologies/fma/fmaOwlDlComponent_2_0#Proximal_portion_of_right_coronary_artery,http://www.ihtsdo.org/snomed#Structure_of_proximal_portion_of_right_coronary_artery,True,1.0
http://bioontology.org/projects/ontologies/fma/fmaOwlDlComponent_2_0#Superior_nasal_concha,http://www.ihtsdo.org/snomed#Superior_nasal_turbinate_structure,True,1.0
http://bioontology.org/projects/ontologies/fma/fmaOwlDlComponent_2_0#Collateral_ligament_of_metacarpophalangeal_joint,http://www.ihtsdo.org/snomed#Structure_of_collateral_ligaments_of_metacarpophalangeal_joints,True,1.0
http://bioontology.org/projects/ontologies/fma/fmaOwlDlComponent_2_0#Lateral_geniculate_body,http://www.ihtsdo.org/snomed#Lateral_geniculate_body_structure,True,1.0
http://bioontology.org/projects/ontologies/fma/fmaOwlDlComponent_2_0#Tubercle_of_scaphoid,http://www.ihtsdo.org/snomed#Part_of_scaphoid,True,1.0
http://bioontology.org/projects/ontologies/fma/fmaOwlDlComponent_2_0#Body_of_seventh_cervical_vertebra,http://www.ihtsdo.org/snomed#Structure_of_body_of_seventh_cervical_vertebra,True,1.0
http://bioontology.org/projects/ontologies/fma/fmaOwlDlComponent_2_0#Inferior_orbital_fissure,http://www.ihtsdo.org/snomed#Structure_of_inferior_orbital_fissure,True,1.0
http://bioontology.org/projects/ontologies/fma/fmaOwlDlComponent_2_0#Communicating_branch_of_nasociliary_nerve_with_ciliary_ganglion,http://www.ihtsdo.org/snomed#Structure_of_ciliary_ganglionic_branch_of_nasociliary_nerve,True,1.0
http://bioontology.org/projects/ontologies/fma/fmaOwlDlComponent_2_0#Intermesenteric_nerve_plexus,http://www.ihtsdo.org/snomed#Structure_of_intermesenteric_plexus,True,1.0
http://bioontology.org/projects/ontologies/fma/fmaOwlDlComponent_2_0#Superficial_fascia_of_perineum,http://www.ihtsdo.org/snomed#Subcutaneous_tissue_structure_of_perineum,True,1.0
http://bioontology.org/projects/ontologies/fma/fmaOwlDlComponent_2_0#Cusp_of_aortic_valve,http://www.ihtsdo.org/snomed#Structure_of_cusp_of_aortic_valve,True,1.0
http://bioontology.org/projects/ontologies/fma/fmaOwlDlComponent_2_0#Ischial_tuberosity,http://www.ihtsdo.org/snomed#Ischial_tuberosity_structure,True,1.0
http://bioontology.org/projects/ontologies/fma/fmaOwlDlComponent_2_0#Sural_artery,http://www.ihtsdo.org/snomed#Structure_of_sural_artery,False,1.0
http://bioontology.org/projects/ontologies/fma/fmaOwlDlComponent_2_0#Angle_of_sixth_rib,http://www.ihtsdo.org/snomed#Structure_of_angle_of_sixth_rib,True,1.0
http://bioontology.org/projects/ontologies/fma/fmaOwlDlComponent_2_0#Prepyramidal_fissure_of_cerebellum,http://www.ihtsdo.org/snomed#Structure_of_prepyramidal_fissure,True,1.0
http://bioontology.org/projects/ontologies/fma/fmaOwlDlComponent_2_0#Lateral_umbilical_fold,http://www.ihtsdo.org/snomed#Structure_of_lateral_umbilical_fold,True,1.0
http://bioontology.org/projects/ontologies/fma/fmaOwlDlComponent_2_0#Segment_of_ankle,http://www.ihtsdo.org/snomed#Ankle_region_structure,True,1.0
http://bioontology.org/projects/ontologies/fma/fmaOwlDlComponent_2_0#Tributary_of_femoral_vein,http://www.ihtsdo.org/snomed#Structure_of_tributary_of_femoral_vein,True,1.0
http://bioontology.org/projects/ontologies/fma/fmaOwlDlComponent_2_0#Optic_disc,http://www.ihtsdo.org/snomed#Optic_disc_structure,True,1.0
http://bioontology.org/projects/ontologies/fma/fmaOwlDlComponent_2_0#Subcommissural_organ,http://www.ihtsdo.org/snomed#Structure_of_subcommissural_organ,True,1.0
http://bioontology.org/projects/ontologies/fma/fmaOwlDlComponent_2_0#Inferior_longitudinal_muscle_of_tongue,http://www.ihtsdo.org/snomed#Structure_of_inferior_longitudinal_muscle_of_tongue,True,1.0
http://bioontology.org/projects/ontologies/fma/fmaOwlDlComponent_2_0#Sternal_part_of_chest,http://www.ihtsdo.org/snomed#Structure_of_sternal_region,True,1.0
http://bioontology.org/projects/ontologies/fma/fmaOwlDlComponent_2_0#Set_of_deep_veins_of_clitoris,http://www.ihtsdo.org/snomed#Structure_of_deep_vein_of_clitoris,True,1.0
http://bioontology.org/projects/ontologies/fma/fmaOwlDlComponent_2_0#Superior_articular_process_of_fifth_cervical_vertebra,http://www.ihtsdo.org/snomed#Structure_of_superior_articular_process_of_fifth_cervical_vertebra,True,1.0
http://bioontology.org/projects/ontologies/fma/fmaOwlDlComponent_2_0#Palatine_process_of_maxilla,http://www.ihtsdo.org/snomed#Structure_of_palatine_process_of_maxilla,True,1.0
http://bioontology.org/projects/ontologies/fma/fmaOwlDlComponent_2_0#Transverse_process_of_twelfth_thoracic_vertebra,http://www.ihtsdo.org/snomed#Structure_of_transverse_process_of_twelfth_thoracic_vertebra,True,1.0
http://bioontology.org/projects/ontologies/fma/fmaOwlDlComponent_2_0#Tentorial_nerve,http://www.ihtsdo.org/snomed#Structure_of_ophthalmic_nerve_dorsal_branch,True,1.0
http://bioontology.org/projects/ontologies/fma/fmaOwlDlComponent_2_0#Inferior_articular_process_of_tenth_thoracic_vertebra,http://www.ihtsdo.org/snomed#Structure_of_inferior_articular_process_of_tenth_thoracic_vertebra,True,1.0
http://bioontology.org/projects/ontologies/fma/fmaOwlDlComponent_2_0#Central_sulcus,http://www.ihtsdo.org/snomed#Structure_of_central_sulcus,True,1.0
http://bioontology.org/projects/ontologies/fma/fmaOwlDlComponent_2_0#Superior_margin_of_rib,http://www.ihtsdo.org/snomed#Structure_of_upper_border_of_rib,True,1.0
http://bioontology.org/projects/ontologies/fma/fmaOwlDlComponent_2_0#Body_of_fifth_cervical_vertebra,http://www.ihtsdo.org/snomed#Structure_of_body_of_fifth_cervical_vertebra,True,1.0
http://bioontology.org/projects/ontologies/fma/fmaOwlDlComponent_2_0#Suprascapular_vein,http://www.ihtsdo.org/snomed#Structure_of_suprascapular_vein,False,1.0
http://bioontology.org/projects/ontologies/fma/fmaOwlDlComponent_2_0#Set_of_vertical_occipital_fasciculi,http://www.ihtsdo.org/snomed#Structure_of_vertical_occipital_fasciculus,True,1.0
http://bioontology.org/projects/ontologies/fma/fmaOwlDlComponent_2_0#Germinal_epithelium_of_ovary,http://www.ihtsdo.org/snomed#Structure_of_germinal_epithelium_of_ovary,True,1.0
http://bioontology.org/projects/ontologies/fma/fmaOwlDlComponent_2_0#Cerebellomedullary_cistern,http://www.ihtsdo.org/snomed#Structure_of_cisterna_magna,True,1.0
http://bioontology.org/projects/ontologies/fma/fmaOwlDlComponent_2_0#Appendicular_artery,http://www.ihtsdo.org/snomed#Structure_of_appendicular_artery,False,1.0
http://bioontology.org/projects/ontologies/fma/fmaOwlDlComponent_2_0#Articular_capsule_of_acromioclavicular_joint,http://www.ihtsdo.org/snomed#Structure_of_acromioclavicular_ligament,True,1.0
http://bioontology.org/projects/ontologies/fma/fmaOwlDlComponent_2_0#Biliary_system,http://www.ihtsdo.org/snomed#Biliary_tract_structure,True,1.0
http://bioontology.org/projects/ontologies/fma/fmaOwlDlComponent_2_0#Right_hypochondrium,http://www.ihtsdo.org/snomed#Right_hypochondriac_region_structure,True,1.0
http://bioontology.org/projects/ontologies/fma/fmaOwlDlComponent_2_0#Proximal_epiphysis_of_phalanx_of_finger,http://www.ihtsdo.org/snomed#Base_of_phalanx_of_finger,True,1.0
http://bioontology.org/projects/ontologies/fma/fmaOwlDlComponent_2_0#Laryngeal_saccule,http://www.ihtsdo.org/snomed#Structure_of_laryngeal_pouch,True,1.0
http://bioontology.org/projects/ontologies/fma/fmaOwlDlComponent_2_0#Condylar_emissary_vein,http://www.ihtsdo.org/snomed#Structure_of_condylar_emissary_vein,False,1.0
http://bioontology.org/projects/ontologies/fma/fmaOwlDlComponent_2_0#Anulus_fibrosus_of_intervertebral_disk_of_lumbar_vertebra,http://www.ihtsdo.org/snomed#Structure_of_anulus_fibrosus_of_intervertebral_disc_of_lumbar_vertebra,True,1.0
http://bioontology.org/projects/ontologies/fma/fmaOwlDlComponent_2_0#Set_of_collateral_ligaments_of_metatarsophalangeal_joints,http://www.ihtsdo.org/snomed#Structure_of_collateral_ligaments_of_metatarsophalangeal_joints,True,1.0
http://bioontology.org/projects/ontologies/fma/fmaOwlDlComponent_2_0#Foramen_spinosum,http://www.ihtsdo.org/snomed#Structure_of_foramen_spinosum,True,1.0
http://bioontology.org/projects/ontologies/fma/fmaOwlDlComponent_2_0#Lateral_mammillary_nucleus,http://www.ihtsdo.org/snomed#Structure_of_lateral_mammillary_nucleus,True,1.0
http://bioontology.org/projects/ontologies/fma/fmaOwlDlComponent_2_0#Rima_glottidis,http://www.ihtsdo.org/snomed#Rima_glottidis_structure,True,1.0
http://bioontology.org/projects/ontologies/fma/fmaOwlDlComponent_2_0#Medial_tarsal_artery,http://www.ihtsdo.org/snomed#Structure_of_medial_tarsal_artery,False,1.0
http://bioontology.org/projects/ontologies/fma/fmaOwlDlComponent_2_0#Set_of_solitary_lymphoid_nodules_of_small_intestine,http://www.ihtsdo.org/snomed#Structure_of_solitary_lymphoid_nodule_of_small_intestine,False,1.0
http://bioontology.org/projects/ontologies/fma/fmaOwlDlComponent_2_0#Lateral_funiculus_of_spinal_cord,http://www.ihtsdo.org/snomed#Lateral_funiculus_structure,True,1.0
http://bioontology.org/projects/ontologies/fma/fmaOwlDlComponent_2_0#Ary_epiglottic_fold,http://www.ihtsdo.org/snomed#Aryepiglottic_fold_structure,True,1.0
http://bioontology.org/projects/ontologies/fma/fmaOwlDlComponent_2_0#Lumen_of_small_intestine,http://www.ihtsdo.org/snomed#Structure_of_small_intestinal_lumen,True,1.0
http://bioontology.org/projects/ontologies/fma/fmaOwlDlComponent_2_0#Anulus_fibrosus_of_intervertebral_disk_of_first_lumbar_vertebra,http://www.ihtsdo.org/snomed#Structure_of_anulus_fibrosus_of_intervertebral_disc_of_first_lumbar_vertebra,True,1.0
http://bioontology.org/projects/ontologies/fma/fmaOwlDlComponent_2_0#Vein_of_olfactory_gyrus,http://www.ihtsdo.org/snomed#Olfactory_gyrus,False,1.0
http://bioontology.org/projects/ontologies/fma/fmaOwlDlComponent_2_0#Stapedial_membrane,http://www.ihtsdo.org/snomed#Structure_of_membrane_of_stapes,True,1.0
http://bioontology.org/projects/ontologies/fma/fmaOwlDlComponent_2_0#Dermatan,http://www.ihtsdo.org/snomed#Dermis_structure,False,1.0
http://bioontology.org/projects/ontologies/fma/fmaOwlDlComponent_2_0#Tendon_of_first_lumbrical_of_hand,http://www.ihtsdo.org/snomed#Tendon_of_first_lumbrical_muscle_of_hand,True,1.0
http://bioontology.org/projects/ontologies/fma/fmaOwlDlComponent_2_0#Interspinalis_muscle,http://www.ihtsdo.org/snomed#Structure_of_interspinalis_muscle,False,1.0
http://bioontology.org/projects/ontologies/fma/fmaOwlDlComponent_2_0#Lower_lobar_branch_of_pulmonary_artery,http://www.ihtsdo.org/snomed#Left_pulmonary_artery_branch,False,1.0
http://bioontology.org/projects/ontologies/fma/fmaOwlDlComponent_2_0#Supraspinous_ligament,http://www.ihtsdo.org/snomed#Structure_of_supraspinous_ligament,False,1.0
http://bioontology.org/projects/ontologies/fma/fmaOwlDlComponent_2_0#Petrosal_vein,http://www.ihtsdo.org/snomed#Structure_of_petrosal_vein,True,1.0
http://bioontology.org/projects/ontologies/fma/fmaOwlDlComponent_2_0#Olivocochlear_bundle,http://www.ihtsdo.org/snomed#Structure_of_tractus_olivocochlearis,True,1.0
http://bioontology.org/projects/ontologies/fma/fmaOwlDlComponent_2_0#Medial_umbilical_fold,http://www.ihtsdo.org/snomed#Structure_of_medial_umbilical_fold,True,1.0
http://bioontology.org/projects/ontologies/fma/fmaOwlDlComponent_2_0#Articular_part_of_tubercle_of_first_rib,http://www.ihtsdo.org/snomed#Structure_of_articular_part_of_tubercle_of_first_rib,True,1.0
http://bioontology.org/projects/ontologies/fma/fmaOwlDlComponent_2_0#Labial_part_of_mouth,http://www.ihtsdo.org/snomed#Lip_structure,True,1.0
http://bioontology.org/projects/ontologies/fma/fmaOwlDlComponent_2_0#Leaflet_of_tricuspid_valve,http://www.ihtsdo.org/snomed#Structure_of_leaflet_of_tricuspid_valve,True,1.0
http://bioontology.org/projects/ontologies/fma/fmaOwlDlComponent_2_0#Sesamoid_bone_of_foot,http://www.ihtsdo.org/snomed#Structure_of_sesamoid_bone_of_foot,False,1.0
http://bioontology.org/projects/ontologies/fma/fmaOwlDlComponent_2_0#Cuneiform_tubercle,http://www.ihtsdo.org/snomed#Structure_of_cuneiform_tubercle,False,1.0
http://bioontology.org/projects/ontologies/fma/fmaOwlDlComponent_2_0#Set_of_laryngeal_glands,http://www.ihtsdo.org/snomed#Structure_of_laryngeal_gland,True,1.0
http://bioontology.org/projects/ontologies/fma/fmaOwlDlComponent_2_0#Posterior_auricular_vein,http://www.ihtsdo.org/snomed#Structure_of_posterior_auricular_vein,True,1.0
http://bioontology.org/projects/ontologies/fma/fmaOwlDlComponent_2_0#Set_of_superior_phrenic_arteries,http://www.ihtsdo.org/snomed#Structure_of_superior_phrenic_artery,True,1.0
http://bioontology.org/projects/ontologies/fma/fmaOwlDlComponent_2_0#Septum_pellucidum,http://www.ihtsdo.org/snomed#Septum_pellucidum_structure,True,1.0
http://bioontology.org/projects/ontologies/fma/fmaOwlDlComponent_2_0#Ampulla_of_posterior_semicircular_duct_of_membranous_laybrinth,http://www.ihtsdo.org/snomed#Structure_of_posterior_membranous_ampulla,True,1.0
http://bioontology.org/projects/ontologies/fma/fmaOwlDlComponent_2_0#Anterior_rectus_sheath,http://www.ihtsdo.org/snomed#Anterior_rectus_sheath,True,1.0
http://bioontology.org/projects/ontologies/fma/fmaOwlDlComponent_2_0#Intermediate,http://www.ihtsdo.org/snomed#Intermediate,False,1.0
http://bioontology.org/projects/ontologies/fma/fmaOwlDlComponent_2_0#Inferior_bulb_of_internal_jugular_vein,http://www.ihtsdo.org/snomed#Structure_of_inferior_bulb_of_internal_jugular_vein,True,1.0
http://bioontology.org/projects/ontologies/fma/fmaOwlDlComponent_2_0#Nucleus_pulposus_of_intervertebral_disk_of_sixth_cervical_vertebra,http://www.ihtsdo.org/snomed#Structure_of_nucleus_pulposus_of_intervertebral_disc_of_sixth_cervical_vertebra,True,1.0
http://bioontology.org/projects/ontologies/fma/fmaOwlDlComponent_2_0#Body_of_corpus_callosum,http://www.ihtsdo.org/snomed#Structure_of_body_of_corpus_callosum,True,1.0
http://bioontology.org/projects/ontologies/fma/fmaOwlDlComponent_2_0#Spinous_process_of_sixth_cervical_vertebra,http://www.ihtsdo.org/snomed#Structure_of_spinous_process_of_sixth_cervical_vertebra,True,1.0
http://bioontology.org/projects/ontologies/fma/fmaOwlDlComponent_2_0#Middle_rectal_nerve_plexus,http://www.ihtsdo.org/snomed#Structure_of_middle_rectal_plexus,False,1.0
http://bioontology.org/projects/ontologies/fma/fmaOwlDlComponent_2_0#Carotid_sinus,http://www.ihtsdo.org/snomed#Structure_of_carotid_sinus,True,1.0
http://bioontology.org/projects/ontologies/fma/fmaOwlDlComponent_2_0#Dento_alveolar_joint,http://www.ihtsdo.org/snomed#Gomphosis_structure,False,1.0
http://bioontology.org/projects/ontologies/fma/fmaOwlDlComponent_2_0#Ascending_mesocolon,http://www.ihtsdo.org/snomed#Structure_of_mesentery_of_ascending_colon,True,1.0
http://bioontology.org/projects/ontologies/fma/fmaOwlDlComponent_2_0#Left_popliteal_artery,http://www.ihtsdo.org/snomed#Branch_of_popliteal_artery,False,1.0
http://bioontology.org/projects/ontologies/fma/fmaOwlDlComponent_2_0#Right_pleural_cavity,http://www.ihtsdo.org/snomed#Structure_of_right_pleural_cavity,False,1.0
http://bioontology.org/projects/ontologies/fma/fmaOwlDlComponent_2_0#Pharyngeal_recess,http://www.ihtsdo.org/snomed#Structure_of_pharyngeal_recess,True,1.0
http://bioontology.org/projects/ontologies/fma/fmaOwlDlComponent_2_0#White_commissure_of_spinal_cord,http://www.ihtsdo.org/snomed#Structure_of_white_commissure_of_spinal_cord,True,1.0
http://bioontology.org/projects/ontologies/fma/fmaOwlDlComponent_2_0#Set_of_regions_of_head,http://www.ihtsdo.org/snomed#Head_region_structure,True,1.0
http://bioontology.org/projects/ontologies/fma/fmaOwlDlComponent_2_0#Pars_flaccida_of_tympanic_membrane,http://www.ihtsdo.org/snomed#Structure_of_pars_flaccida_of_tympanic_membrane,True,1.0
http://bioontology.org/projects/ontologies/fma/fmaOwlDlComponent_2_0#Retromandibular_vein,http://www.ihtsdo.org/snomed#Structure_of_retromandibular_vein,True,1.0
http://bioontology.org/projects/ontologies/fma/fmaOwlDlComponent_2_0#Straight_gyrus,http://www.ihtsdo.org/snomed#Structure_of_gyrus_rectus,True,1.0
http://bioontology.org/projects/ontologies/fma/fmaOwlDlComponent_2_0#Nasal_skeleton,http://www.ihtsdo.org/snomed#Nasal_skeleton_structure,True,1.0
http://bioontology.org/projects/ontologies/fma/fmaOwlDlComponent_2_0#Pedicle_of_third_thoracic_vertebra,http://www.ihtsdo.org/snomed#Structure_of_pedicle_of_third_thoracic_vertebra,True,1.0
http://bioontology.org/projects/ontologies/fma/fmaOwlDlComponent_2_0#Distal_epiphysis_of_phalanx_of_middle_finger,http://www.ihtsdo.org/snomed#Head_of_middle_phalanx_of_middle_finger,True,1.0
http://bioontology.org/projects/ontologies/fma/fmaOwlDlComponent_2_0#Lymphatic_system_of_head,http://www.ihtsdo.org/snomed#Structure_of_lymphatic_system_of_neck,False,1.0
http://bioontology.org/projects/ontologies/fma/fmaOwlDlComponent_2_0#Capsule_of_sternocostal_joint,http://www.ihtsdo.org/snomed#Structure_of_capsule_of_sternocostal_joint,True,1.0
http://bioontology.org/projects/ontologies/fma/fmaOwlDlComponent_2_0#Left_lateral_basal_bronchopulmonary_segment,http://www.ihtsdo.org/snomed#Structure_of_lateral_basal_segment_of_left_lower_lobe_of_lung,True,1.0
http://bioontology.org/projects/ontologies/fma/fmaOwlDlComponent_2_0#Middle_thyroid_vein,http://www.ihtsdo.org/snomed#Structure_of_middle_thyroid_vein,True,1.0
http://bioontology.org/projects/ontologies/fma/fmaOwlDlComponent_2_0#Superior_articular_process_of_second_lumbar_vertebra,http://www.ihtsdo.org/snomed#Structure_of_superior_articular_process_of_second_lumbar_vertebra,True,1.0
http://bioontology.org/projects/ontologies/fma/fmaOwlDlComponent_2_0#Field_H1,http://www.ihtsdo.org/snomed#Structure_of_thalamic_fasciculus,True,1.0
http://bioontology.org/projects/ontologies/fma/fmaOwlDlComponent_2_0#Cartilaginous_joint,http://www.ihtsdo.org/snomed#Cartilaginous_joint_structure,False,1.0
http://bioontology.org/projects/ontologies/fma/fmaOwlDlComponent_2_0#Plantar_surface_of_fifth_toe,http://www.ihtsdo.org/snomed#Structure_of_plantar_surface_of_fifth_toe,True,1.0
http://bioontology.org/projects/ontologies/fma/fmaOwlDlComponent_2_0#Episcleral_space,http://www.ihtsdo.org/snomed#Structure_of_episcleral_space,True,1.0
http://bioontology.org/projects/ontologies/fma/fmaOwlDlComponent_2_0#Deep_temporal_nerve,http://www.ihtsdo.org/snomed#Structure_of_deep_temporal_nerve,False,1.0
http://bioontology.org/projects/ontologies/fma/fmaOwlDlComponent_2_0#Tunica_externa_of_theca_folliculi,http://www.ihtsdo.org/snomed#Structure_of_tunica_externa_of_theca_folliculi,True,1.0
http://bioontology.org/projects/ontologies/fma/fmaOwlDlComponent_2_0#Muscle_of_posterior_compartment_of_leg,http://www.ihtsdo.org/snomed#Posterior_crural_muscle_structure,True,1.0
http://bioontology.org/projects/ontologies/fma/fmaOwlDlComponent_2_0#Bronchiole,http://www.ihtsdo.org/snomed#Structure_of_lobular_bronchiole,False,1.0
http://bioontology.org/projects/ontologies/fma/fmaOwlDlComponent_2_0#Cribriform_plate,http://www.ihtsdo.org/snomed#Structure_of_cribriform_plate,True,1.0
http://bioontology.org/projects/ontologies/fma/fmaOwlDlComponent_2_0#Posterior_mediastinal_lymph_node,http://www.ihtsdo.org/snomed#Structure_of_posterior_mediastinal_lymph_node,True,1.0
http://bioontology.org/projects/ontologies/fma/fmaOwlDlComponent_2_0#Pedicle_of_first_thoracic_vertebra,http://www.ihtsdo.org/snomed#Structure_of_pedicle_of_first_thoracic_vertebra,True,1.0
http://bioontology.org/projects/ontologies/fma/fmaOwlDlComponent_2_0#Apical_ligament_of_dens,http://www.ihtsdo.org/snomed#Structure_of_apical_ligament_of_odontoid_process,True,1.0
http://bioontology.org/projects/ontologies/fma/fmaOwlDlComponent_2_0#Tributary_of_inferior_thyroid_vein,http://www.ihtsdo.org/snomed#Structure_of_tributary_of_inferior_thyroid_vein,True,1.0
http://bioontology.org/projects/ontologies/fma/fmaOwlDlComponent_2_0#Lymphatic_vessel_of_neck,http://www.ihtsdo.org/snomed#Structure_of_lymphatic_vessel_of_neck,True,1.0
http://bioontology.org/projects/ontologies/fma/fmaOwlDlComponent_2_0#Pararectal_lymph_node,http://www.ihtsdo.org/snomed#Structure_of_pararectal_lymph_node,True,1.0
http://bioontology.org/projects/ontologies/fma/fmaOwlDlComponent_2_0#Distal_phalanx_of_second_toe,http://www.ihtsdo.org/snomed#Structure_of_distal_phalanx_of_second_toe,True,1.0
http://bioontology.org/projects/ontologies/fma/fmaOwlDlComponent_2_0#Tributary_of_internal_cerebral_vein,http://www.ihtsdo.org/snomed#Structure_of_tributary_of_internal_cerebral_vein,True,1.0
http://bioontology.org/projects/ontologies/fma/fmaOwlDlComponent_2_0#Systemic_arterial_trunk,http://www.ihtsdo.org/snomed#Systemic_artery_of_trunk,True,1.0
http://bioontology.org/projects/ontologies/fma/fmaOwlDlComponent_2_0#Spiral_organ_of_cochlea,http://www.ihtsdo.org/snomed#Organ_of_Corti_structure,True,1.0
http://bioontology.org/projects/ontologies/fma/fmaOwlDlComponent_2_0#Haustra_of_colon,http://www.ihtsdo.org/snomed#Structure_of_colonic_haustra,False,1.0
http://bioontology.org/projects/ontologies/fma/fmaOwlDlComponent_2_0#Left_colic_artery,http://www.ihtsdo.org/snomed#Structure_of_left_colic_artery,True,1.0
http://bioontology.org/projects/ontologies/fma/fmaOwlDlComponent_2_0#Ligament_of_tarsometatarsal_joint,http://www.ihtsdo.org/snomed#Structure_of_ligament_of_tarsometatarsal_joint,True,1.0
http://bioontology.org/projects/ontologies/fma/fmaOwlDlComponent_2_0#Incisor_tooth,http://www.ihtsdo.org/snomed#Structure_of_incisor_tooth,False,1.0
http://bioontology.org/projects/ontologies/fma/fmaOwlDlComponent_2_0#Interstitial_cell_of_Leydig,http://www.ihtsdo.org/snomed#Structure_of_interstitial_cell_of_Leydig,False,1.0
http://bioontology.org/projects/ontologies/fma/fmaOwlDlComponent_2_0#Orifice_of_appendix,http://www.ihtsdo.org/snomed#Structure_of_ostium_appendicis_vermiformis,True,1.0
http://bioontology.org/projects/ontologies/fma/fmaOwlDlComponent_2_0#Spinothalamic_tract_of_pons,http://www.ihtsdo.org/snomed#Structure_of_spinothalamic_tract_of_pons,True,1.0
http://bioontology.org/projects/ontologies/fma/fmaOwlDlComponent_2_0#Rubrospinal_tract,http://www.ihtsdo.org/snomed#Structure_of_rubrospinal_tract,True,1.0
http://bioontology.org/projects/ontologies/fma/fmaOwlDlComponent_2_0#Set_of_basal_ganglia,http://www.ihtsdo.org/snomed#Basal_ganglion_structure,True,1.0
http://bioontology.org/projects/ontologies/fma/fmaOwlDlComponent_2_0#Juxtaglomerular_complex,http://www.ihtsdo.org/snomed#Juxtaglomerular_apparatus_structure,True,1.0
http://bioontology.org/projects/ontologies/fma/fmaOwlDlComponent_2_0#Pleural_sac,http://www.ihtsdo.org/snomed#Pleural_sac_structure,True,1.0
http://bioontology.org/projects/ontologies/fma/fmaOwlDlComponent_2_0#Set_of_conjunctival_veins,http://www.ihtsdo.org/snomed#Structure_of_conjunctival_vein,False,1.0
http://bioontology.org/projects/ontologies/fma/fmaOwlDlComponent_2_0#Superior_hypogastric_nerve_plexus,http://www.ihtsdo.org/snomed#Structure_of_superior_hypogastric_plexus,True,1.0
http://bioontology.org/projects/ontologies/fma/fmaOwlDlComponent_2_0#Orbital_sulcus,http://www.ihtsdo.org/snomed#Structure_of_orbital_sulci,True,1.0
http://bioontology.org/projects/ontologies/fma/fmaOwlDlComponent_2_0#Caroticotympanic_artery,http://www.ihtsdo.org/snomed#Structure_of_caroticotympanic_artery,True,1.0
http://bioontology.org/projects/ontologies/fma/fmaOwlDlComponent_2_0#Lateral_plantar_artery,http://www.ihtsdo.org/snomed#Structure_of_lateral_plantar_artery,True,1.0
http://bioontology.org/projects/ontologies/fma/fmaOwlDlComponent_2_0#Limbic_system,http://www.ihtsdo.org/snomed#Limbic_system_structure,True,1.0
http://bioontology.org/projects/ontologies/fma/fmaOwlDlComponent_2_0#Interarytenoid_notch,http://www.ihtsdo.org/snomed#Structure_of_interarytenoid_notch,True,1.0
http://bioontology.org/projects/ontologies/fma/fmaOwlDlComponent_2_0#Extrinsic_auricular_muscle,http://www.ihtsdo.org/snomed#Structure_of_extrinsic_auricular_muscles,True,1.0
http://bioontology.org/projects/ontologies/fma/fmaOwlDlComponent_2_0#Superior_ophthalmic_vein,http://www.ihtsdo.org/snomed#Structure_of_superior_ophthalmic_vein,True,1.0
http://bioontology.org/projects/ontologies/fma/fmaOwlDlComponent_2_0#Right_occipital_lobe,http://www.ihtsdo.org/snomed#Right_occipital_lobe_structure,True,1.0
http://bioontology.org/projects/ontologies/fma/fmaOwlDlComponent_2_0#Oculomotor_nuclear_complex,http://www.ihtsdo.org/snomed#Oculomotor_nucleus_structure,True,1.0
http://bioontology.org/projects/ontologies/fma/fmaOwlDlComponent_2_0#Spinothalamic_tract_of_medulla,http://www.ihtsdo.org/snomed#Spinothalamic_tract,True,1.0
http://bioontology.org/projects/ontologies/fma/fmaOwlDlComponent_2_0#Membrana_granulosa_of_ovarian_follicle,http://www.ihtsdo.org/snomed#Structure_of_stratum_granulosum_of_ovarian_follicle,True,1.0
http://bioontology.org/projects/ontologies/fma/fmaOwlDlComponent_2_0#Cistern_of_lamina_terminalis,http://www.ihtsdo.org/snomed#Structure_of_cisterna_lamina_terminalis,True,1.0
http://bioontology.org/projects/ontologies/fma/fmaOwlDlComponent_2_0#Internal_cervical_os,http://www.ihtsdo.org/snomed#Structure_of_internal_os,True,1.0
http://bioontology.org/projects/ontologies/fma/fmaOwlDlComponent_2_0#Endolymphatic_duct,http://www.ihtsdo.org/snomed#Endolymphatic_duct_structure,True,1.0
http://bioontology.org/projects/ontologies/fma/fmaOwlDlComponent_2_0#Lenticular_process_of_incus,http://www.ihtsdo.org/snomed#Structure_of_lenticular_process_of_incus,True,1.0
http://bioontology.org/projects/ontologies/fma/fmaOwlDlComponent_2_0#Set_of_major_salivary_glands,http://www.ihtsdo.org/snomed#Major_salivary_gland_structure,True,1.0
http://bioontology.org/projects/ontologies/fma/fmaOwlDlComponent_2_0#Fibular_lymph_node,http://www.ihtsdo.org/snomed#Structure_of_fibular_lymph_node,True,1.0
http://bioontology.org/projects/ontologies/fma/fmaOwlDlComponent_2_0#Transverse_process_of_second_lumbar_vertebra,http://www.ihtsdo.org/snomed#Structure_of_transverse_process_of_second_lumbar_vertebra,True,1.0
http://bioontology.org/projects/ontologies/fma/fmaOwlDlComponent_2_0#Set_of_occipital_branches_of_occipital_artery,http://www.ihtsdo.org/snomed#Structure_of_occipital_branch_of_occipital_artery,False,1.0
http://bioontology.org/projects/ontologies/fma/fmaOwlDlComponent_2_0#Alar_ligament,http://www.ihtsdo.org/snomed#Structure_of_alar_ligaments,True,1.0
http://bioontology.org/projects/ontologies/fma/fmaOwlDlComponent_2_0#Superior_cervical_ganglion,http://www.ihtsdo.org/snomed#Structure_of_superior_cervical_ganglion,True,1.0
http://bioontology.org/projects/ontologies/fma/fmaOwlDlComponent_2_0#Perineal_body,http://www.ihtsdo.org/snomed#Structure_of_perineal_body,True,1.0
http://bioontology.org/projects/ontologies/fma/fmaOwlDlComponent_2_0#Body_of_sternum,http://www.ihtsdo.org/snomed#Structure_of_body_of_sternum,True,1.0
http://bioontology.org/projects/ontologies/fma/fmaOwlDlComponent_2_0#Set_of_metacarpophalangeal_joints,http://www.ihtsdo.org/snomed#Metacarpophalangeal_joint_structure,True,1.0
http://bioontology.org/projects/ontologies/fma/fmaOwlDlComponent_2_0#Secondary_molar_tooth,http://www.ihtsdo.org/snomed#Structure_of_permanent_molar_tooth,False,1.0
http://bioontology.org/projects/ontologies/fma/fmaOwlDlComponent_2_0#Anterior_scrotal_vein,http://www.ihtsdo.org/snomed#Structure_of_anterior_scrotal_vein,True,1.0
http://bioontology.org/projects/ontologies/fma/fmaOwlDlComponent_2_0#Female_urethra,http://www.ihtsdo.org/snomed#Female_urethral_structure,True,1.0
http://bioontology.org/projects/ontologies/fma/fmaOwlDlComponent_2_0#Basophil_cell_of_pars_distalis_of_adenohypophysis,http://www.ihtsdo.org/snomed#Pituitary_beta_cell,False,1.0
http://bioontology.org/projects/ontologies/fma/fmaOwlDlComponent_2_0#Deep_auricular_artery,http://www.ihtsdo.org/snomed#Structure_of_deep_auricular_artery,True,1.0
http://bioontology.org/projects/ontologies/fma/fmaOwlDlComponent_2_0#Superior_suprarenal_artery,http://www.ihtsdo.org/snomed#Structure_of_superior_suprarenal_artery,True,1.0
http://bioontology.org/projects/ontologies/fma/fmaOwlDlComponent_2_0#Proper_plantar_digital_nerve,http://www.ihtsdo.org/snomed#Structure_of_proper_plantar_digital_nerves,True,1.0
http://bioontology.org/projects/ontologies/fma/fmaOwlDlComponent_2_0#Tributary_of_anterior_ciliary_vein,http://www.ihtsdo.org/snomed#Structure_of_tributary_of_anterior_ciliary_vein,True,1.0
http://bioontology.org/projects/ontologies/fma/fmaOwlDlComponent_2_0#Capsule_of_parotid_gland,http://www.ihtsdo.org/snomed#Structure_of_parotid_gland_capsule,True,1.0
http://bioontology.org/projects/ontologies/fma/fmaOwlDlComponent_2_0#Common_tendinous_ring,http://www.ihtsdo.org/snomed#Structure_of_anulus_tendineus_communis,True,1.0
http://bioontology.org/projects/ontologies/fma/fmaOwlDlComponent_2_0#Set_of_lateral_axillary_lymph_nodes,http://www.ihtsdo.org/snomed#Structure_of_lateral_axillary_lymph_node,False,1.0
http://bioontology.org/projects/ontologies/fma/fmaOwlDlComponent_2_0#Superior_laryngeal_vein,http://www.ihtsdo.org/snomed#Structure_of_superior_laryngeal_vein,True,1.0
http://bioontology.org/projects/ontologies/fma/fmaOwlDlComponent_2_0#Habenular_commissure,http://www.ihtsdo.org/snomed#Structure_of_habenular_commissure,True,1.0
http://bioontology.org/projects/ontologies/fma/fmaOwlDlComponent_2_0#Internal_oblique,http://www.ihtsdo.org/snomed#Obliquus_internus_abdominis_muscle,True,1.0
http://bioontology.org/projects/ontologies/fma/fmaOwlDlComponent_2_0#Anterior_inferior_cerebellar_artery,http://www.ihtsdo.org/snomed#Structure_of_anterior_inferior_cerebellar_artery,True,1.0
http://bioontology.org/projects/ontologies/fma/fmaOwlDlComponent_2_0#Superior_temporal_gyrus,http://www.ihtsdo.org/snomed#Structure_of_superior_temporal_gyrus,True,1.0
http://bioontology.org/projects/ontologies/fma/fmaOwlDlComponent_2_0#Skin_of_perineum,http://www.ihtsdo.org/snomed#Skin_structure_of_perineum,True,1.0
http://bioontology.org/projects/ontologies/fma/fmaOwlDlComponent_2_0#Posterior_intercostal_arteries,http://www.ihtsdo.org/snomed#Tenth_posterior_intercostal_artery,False,1.0
http://bioontology.org/projects/ontologies/fma/fmaOwlDlComponent_2_0#Distal_tendon,http://www.ihtsdo.org/snomed#Structure_of_tendon_insertion,True,1.0
http://bioontology.org/projects/ontologies/fma/fmaOwlDlComponent_2_0#Ileocecal_valve,http://www.ihtsdo.org/snomed#Ileocecal_valve_structure,True,1.0
http://bioontology.org/projects/ontologies/fma/fmaOwlDlComponent_2_0#Posterior_surface_of_thigh,http://www.ihtsdo.org/snomed#Structure_of_posterior_surface_of_thigh,True,1.0
http://bioontology.org/projects/ontologies/fma/fmaOwlDlComponent_2_0#Trapezoid_part_of_coracoclavicular_ligament,http://www.ihtsdo.org/snomed#Structure_of_trapezoid_ligament,True,1.0
http://bioontology.org/projects/ontologies/fma/fmaOwlDlComponent_2_0#Surface_of_kidney,http://www.ihtsdo.org/snomed#Structure_of_surface_of_kidney,True,1.0
http://bioontology.org/projects/ontologies/fma/fmaOwlDlComponent_2_0#Lateral_circumflex_femoral_vein,http://www.ihtsdo.org/snomed#Structure_of_lateral_circumflex_femoral_vein,True,1.0
http://bioontology.org/projects/ontologies/fma/fmaOwlDlComponent_2_0#Atretic_follicle_of_ovary,http://www.ihtsdo.org/snomed#Structure_of_atretic_follicle_of_ovary,True,1.0
http://bioontology.org/projects/ontologies/fma/fmaOwlDlComponent_2_0#Intervertebral_foramen_of_ninth_thoracic_vertebra,http://www.ihtsdo.org/snomed#Structure_of_intervertebral_foramen_of_ninth_thoracic_vertebra,True,1.0
http://bioontology.org/projects/ontologies/fma/fmaOwlDlComponent_2_0#Uterine_paracervical_lymph_node,http://www.ihtsdo.org/snomed#Structure_of_uterine_paracervical_lymph_node,True,1.0
http://bioontology.org/projects/ontologies/fma/fmaOwlDlComponent_2_0#Muscle_of_back,http://www.ihtsdo.org/snomed#Tendon_of_back,False,1.0
http://bioontology.org/projects/ontologies/fma/fmaOwlDlComponent_2_0#Anatomical_line,http://www.ihtsdo.org/snomed#Anatomical_line,True,1.0
http://bioontology.org/projects/ontologies/fma/fmaOwlDlComponent_2_0#Dorsal_lingual_artery,http://www.ihtsdo.org/snomed#Structure_of_dorsal_lingual_branch_of_lingual_artery,True,1.0
http://bioontology.org/projects/ontologies/fma/fmaOwlDlComponent_2_0#Skin_of_labium_minus,http://www.ihtsdo.org/snomed#Skin_structure_of_labium_minus,True,1.0
http://bioontology.org/projects/ontologies/fma/fmaOwlDlComponent_2_0#Cardiac_notch_of_left_lung,http://www.ihtsdo.org/snomed#Structure_of_cardiac_notch_of_left_lung,True,1.0
http://bioontology.org/projects/ontologies/fma/fmaOwlDlComponent_2_0#Ciliary_vein,http://www.ihtsdo.org/snomed#Structure_of_ciliary_vein,True,1.0
http://bioontology.org/projects/ontologies/fma/fmaOwlDlComponent_2_0#Round_ligament_of_uterus,http://www.ihtsdo.org/snomed#Structure_of_round_ligament_of_uterus,True,1.0
http://bioontology.org/projects/ontologies/fma/fmaOwlDlComponent_2_0#Superficial_fascia_of_penis,http://www.ihtsdo.org/snomed#Structure_of_superficial_penile_fascia,True,1.0
http://bioontology.org/projects/ontologies/fma/fmaOwlDlComponent_2_0#Peripheral_nervous_system,http://www.ihtsdo.org/snomed#Peripheral_nervous_system_structure,True,1.0
http://bioontology.org/projects/ontologies/fma/fmaOwlDlComponent_2_0#Marginal_ridge_of_tooth,http://www.ihtsdo.org/snomed#Marginal_ridge_of_tooth,True,1.0
http://bioontology.org/projects/ontologies/fma/fmaOwlDlComponent_2_0#Inferior_mesenteric_artery,http://www.ihtsdo.org/snomed#Structure_of_inferior_mesenteric_artery,True,1.0
http://bioontology.org/projects/ontologies/fma/fmaOwlDlComponent_2_0#Dorsal_cuneonavicular_ligament,http://www.ihtsdo.org/snomed#Structure_of_dorsal_cuneonavicular_ligaments,True,1.0
http://bioontology.org/projects/ontologies/fma/fmaOwlDlComponent_2_0#Sternocleidomastoid_vein,http://www.ihtsdo.org/snomed#Structure_of_sternocleidomastoid_vein,True,1.0
http://bioontology.org/projects/ontologies/fma/fmaOwlDlComponent_2_0#Inferior_gluteal_artery,http://www.ihtsdo.org/snomed#Structure_of_inferior_gluteal_artery,True,1.0
http://bioontology.org/projects/ontologies/fma/fmaOwlDlComponent_2_0#Right_colic_artery,http://www.ihtsdo.org/snomed#Structure_of_right_colic_artery,True,1.0
http://bioontology.org/projects/ontologies/fma/fmaOwlDlComponent_2_0#Epitympanic_recess,http://www.ihtsdo.org/snomed#Recessus_epitympanicus_structure,True,1.0
http://bioontology.org/projects/ontologies/fma/fmaOwlDlComponent_2_0#External_surface_of_sclera,http://www.ihtsdo.org/snomed#Structure_of_external_surface_of_sclera,True,1.0
http://bioontology.org/projects/ontologies/fma/fmaOwlDlComponent_2_0#Ileal_diverticulum,http://www.ihtsdo.org/snomed#Meckel_s_diverticulum,True,1.0
http://bioontology.org/projects/ontologies/fma/fmaOwlDlComponent_2_0#Anterior_commissure_of_labium_majus,http://www.ihtsdo.org/snomed#Structure_of_anterior_commissure_of_labia_majora,True,1.0
http://bioontology.org/projects/ontologies/fma/fmaOwlDlComponent_2_0#Palmar_branch_of_ulnar_nerve,http://www.ihtsdo.org/snomed#Structure_of_ulnar_nerve_palmar_branch,True,1.0
http://bioontology.org/projects/ontologies/fma/fmaOwlDlComponent_2_0#Mastoid_angle_of_parietal_bone,http://www.ihtsdo.org/snomed#Structure_of_mastoid_angle_of_parietal_bone,True,1.0
http://bioontology.org/projects/ontologies/fma/fmaOwlDlComponent_2_0#Superior_articular_process_of_third_cervical_vertebra,http://www.ihtsdo.org/snomed#Structure_of_superior_articular_process_of_third_cervical_vertebra,True,1.0
http://bioontology.org/projects/ontologies/fma/fmaOwlDlComponent_2_0#Posterior_cutaneous_nerve_of_arm,http://www.ihtsdo.org/snomed#Structure_of_posterior_cutaneous_nerve_of_arm,True,1.0
http://bioontology.org/projects/ontologies/fma/fmaOwlDlComponent_2_0#Sixth_costal_cartilage,http://www.ihtsdo.org/snomed#Structure_of_sixth_costal_cartilage,True,1.0
http://bioontology.org/projects/ontologies/fma/fmaOwlDlComponent_2_0#Tibialis_posterior,http://www.ihtsdo.org/snomed#Tibial_artery,False,1.0
http://bioontology.org/projects/ontologies/fma/fmaOwlDlComponent_2_0#Interureteric_crest,http://www.ihtsdo.org/snomed#Structure_of_plica_interureterica,True,1.0
http://bioontology.org/projects/ontologies/fma/fmaOwlDlComponent_2_0#Anterior_intra_occipital_synchondrosis,http://www.ihtsdo.org/snomed#Structure_of_anterior_intraoccipital_synchondrosis,True,1.0
http://bioontology.org/projects/ontologies/fma/fmaOwlDlComponent_2_0#Set_of_conjunctival_glands,http://www.ihtsdo.org/snomed#Conjunctival_glands,True,1.0
http://bioontology.org/projects/ontologies/fma/fmaOwlDlComponent_2_0#Right_superior_parathyroid_gland,http://www.ihtsdo.org/snomed#Structure_of_right_superior_parathyroid_gland,True,1.0
http://bioontology.org/projects/ontologies/fma/fmaOwlDlComponent_2_0#Lateral_vesicular_lymph_node,http://www.ihtsdo.org/snomed#Structure_of_lateral_vesicular_lymph_node,False,1.0
http://bioontology.org/projects/ontologies/fma/fmaOwlDlComponent_2_0#Rotator_muscle,http://www.ihtsdo.org/snomed#Structure_of_rotator_muscle,False,1.0
http://bioontology.org/projects/ontologies/fma/fmaOwlDlComponent_2_0#Pudendal_nerve,http://www.ihtsdo.org/snomed#Structure_of_pudendal_nerve,True,1.0
http://bioontology.org/projects/ontologies/fma/fmaOwlDlComponent_2_0#Lamina_of_fifth_lumbar_vertebra,http://www.ihtsdo.org/snomed#Structure_of_lamina_of_fifth_lumbar_vertebra,True,1.0
http://bioontology.org/projects/ontologies/fma/fmaOwlDlComponent_2_0#Set_of_paravaginal_lymph_nodes,http://www.ihtsdo.org/snomed#Structure_of_paravaginal_lymph_node,True,1.0
http://bioontology.org/projects/ontologies/fma/fmaOwlDlComponent_2_0#Right_ulnar_artery,http://www.ihtsdo.org/snomed#Structure_of_right_ulnar_artery,False,1.0
http://bioontology.org/projects/ontologies/fma/fmaOwlDlComponent_2_0#Set_of_eyebrows,http://www.ihtsdo.org/snomed#Eyebrow_structure,True,1.0
http://bioontology.org/projects/ontologies/fma/fmaOwlDlComponent_2_0#Pharyngeal_branch_of_inferior_thyroid_artery,http://www.ihtsdo.org/snomed#Structure_of_pharyngeal_branch_of_inferior_thyroid_artery,True,1.0
http://bioontology.org/projects/ontologies/fma/fmaOwlDlComponent_2_0#Parietal_pleura,http://www.ihtsdo.org/snomed#Parietal_pleura_structure,True,1.0
http://bioontology.org/projects/ontologies/fma/fmaOwlDlComponent_2_0#Metathalamus,http://www.ihtsdo.org/snomed#Structure_of_metathalamus,True,1.0
http://bioontology.org/projects/ontologies/fma/fmaOwlDlComponent_2_0#Inferior_temporal_retinal_artery,http://www.ihtsdo.org/snomed#Structure_of_inferior_retinal_temporal_artery,True,1.0
http://bioontology.org/projects/ontologies/fma/fmaOwlDlComponent_2_0#Distal_epiphysis_of_phalanx_of_fourth_toe,http://www.ihtsdo.org/snomed#Structure_of_head_of_phalanx_of_fourth_toe,True,1.0
http://bioontology.org/projects/ontologies/fma/fmaOwlDlComponent_2_0#Vasopressin,http://www.ihtsdo.org/snomed#Antidiuretic_hormone,True,1.0
http://bioontology.org/projects/ontologies/fma/fmaOwlDlComponent_2_0#Set_of_stellate_veins_of_kidney,http://www.ihtsdo.org/snomed#Structure_of_stellate_vein_of_kidney,True,1.0
http://bioontology.org/projects/ontologies/fma/fmaOwlDlComponent_2_0#Utricle_of_membranous_labyrinth,http://www.ihtsdo.org/snomed#Utricle_structure,True,1.0
http://bioontology.org/projects/ontologies/fma/fmaOwlDlComponent_2_0#Plantar_digital_artery,http://www.ihtsdo.org/snomed#Structure_of_plantar_digital_artery,False,1.0
http://bioontology.org/projects/ontologies/fma/fmaOwlDlComponent_2_0#Medial_surface_of_thigh,http://www.ihtsdo.org/snomed#Structure_of_medial_surface_of_thigh,True,1.0
http://bioontology.org/projects/ontologies/fma/fmaOwlDlComponent_2_0#Fimbriodentate_fissure,http://www.ihtsdo.org/snomed#Structure_of_fimbriodentate_sulcus,True,1.0
http://bioontology.org/projects/ontologies/fma/fmaOwlDlComponent_2_0#Diaphysis_of_third_metacarpal_bone,http://www.ihtsdo.org/snomed#Structure_of_shaft_of_third_metacarpal_bone,True,1.0
http://bioontology.org/projects/ontologies/fma/fmaOwlDlComponent_2_0#Set_of_renal_segments,http://www.ihtsdo.org/snomed#Structure_of_renal_segment,True,1.0
http://bioontology.org/projects/ontologies/fma/fmaOwlDlComponent_2_0#Suspensory_ligament_of_lens,http://www.ihtsdo.org/snomed#Structure_of_suspensory_ligament_of_lens,True,1.0
http://bioontology.org/projects/ontologies/fma/fmaOwlDlComponent_2_0#Median_cubital_vein,http://www.ihtsdo.org/snomed#Structure_of_median_cubital_vein,False,1.0
http://bioontology.org/projects/ontologies/fma/fmaOwlDlComponent_2_0#Anterior_arch_of_atlas,http://www.ihtsdo.org/snomed#Structure_of_anterior_arch_of_atlas,True,1.0
http://bioontology.org/projects/ontologies/fma/fmaOwlDlComponent_2_0#Body_of_uterus,http://www.ihtsdo.org/snomed#Body_of_uterus_structure,True,1.0
http://bioontology.org/projects/ontologies/fma/fmaOwlDlComponent_2_0#Stroma_of_parathyroid_gland,http://www.ihtsdo.org/snomed#Structure_of_fibroadipose_stroma_of_parathyroid_gland,True,1.0
http://bioontology.org/projects/ontologies/fma/fmaOwlDlComponent_2_0#Intercuneiform_interosseous_ligament,http://www.ihtsdo.org/snomed#Structure_of_interosseous_intercuneiform_ligaments,True,1.0
http://bioontology.org/projects/ontologies/fma/fmaOwlDlComponent_2_0#Left_gastric_artery,http://www.ihtsdo.org/snomed#Structure_of_gastric_artery,False,1.0
http://bioontology.org/projects/ontologies/fma/fmaOwlDlComponent_2_0#Right_medial_basal_segmental_bronchus,http://www.ihtsdo.org/snomed#Structure_of_right_lower_lobe_medial_segmental_bronchus,True,1.0
http://bioontology.org/projects/ontologies/fma/fmaOwlDlComponent_2_0#Right_parotid_gland,http://www.ihtsdo.org/snomed#Structure_of_right_parotid_gland,False,1.0
http://bioontology.org/projects/ontologies/fma/fmaOwlDlComponent_2_0#Lower_lip,http://www.ihtsdo.org/snomed#Lower_lip_structure,True,1.0
http://bioontology.org/projects/ontologies/fma/fmaOwlDlComponent_2_0#Hepatoduodenal_ligament,http://www.ihtsdo.org/snomed#Hepatoduodenal_ligament_structure,True,1.0
http://bioontology.org/projects/ontologies/fma/fmaOwlDlComponent_2_0#Distal_phalanx_of_little_toe,http://www.ihtsdo.org/snomed#Structure_of_distal_phalanx_of_little_toe,True,1.0
http://bioontology.org/projects/ontologies/fma/fmaOwlDlComponent_2_0#Neural_lobe_of_neurohypophysis,http://www.ihtsdo.org/snomed#Structure_of_neural_lobe_of_neurohypophysis,True,1.0
http://bioontology.org/projects/ontologies/fma/fmaOwlDlComponent_2_0#Set_of_parotid_veins,http://www.ihtsdo.org/snomed#Structure_of_parotid_vein,True,1.0
http://bioontology.org/projects/ontologies/fma/fmaOwlDlComponent_2_0#Deep_cervical_artery,http://www.ihtsdo.org/snomed#Structure_of_deep_cervical_artery,True,1.0
http://bioontology.org/projects/ontologies/fma/fmaOwlDlComponent_2_0#Lobe_of_lung,http://www.ihtsdo.org/snomed#Structure_of_lobe_of_lung,True,1.0
http://bioontology.org/projects/ontologies/fma/fmaOwlDlComponent_2_0#Joint_of_L5_S1_vertebrae,http://www.ihtsdo.org/snomed#Structure_of_lumbosacral_joint,True,1.0
http://bioontology.org/projects/ontologies/fma/fmaOwlDlComponent_2_0#Mucosa_of_appendix,http://www.ihtsdo.org/snomed#Appendiceal_mucous_membrane_structure,True,1.0
http://bioontology.org/projects/ontologies/fma/fmaOwlDlComponent_2_0#Set_of_dental_branches_of_inferior_alveolar_artery,http://www.ihtsdo.org/snomed#Structure_of_dental_branch_of_inferior_alveolar_artery,False,1.0
http://bioontology.org/projects/ontologies/fma/fmaOwlDlComponent_2_0#Thalamic_reticular_nucleus,http://www.ihtsdo.org/snomed#Structure_of_thalamic_reticular_nucleus,True,1.0
http://bioontology.org/projects/ontologies/fma/fmaOwlDlComponent_2_0#Cuneometatarsal_interosseous_ligament,http://www.ihtsdo.org/snomed#Structure_of_interosseous_cuneometatarsal_ligaments,True,1.0
http://bioontology.org/projects/ontologies/fma/fmaOwlDlComponent_2_0#Supramammillary_commissure,http://www.ihtsdo.org/snomed#Structure_of_supramammillary_decussation,True,1.0
http://bioontology.org/projects/ontologies/fma/fmaOwlDlComponent_2_0#Cricotracheal_ligament,http://www.ihtsdo.org/snomed#Structure_of_cricotracheal_ligament,True,1.0
http://bioontology.org/projects/ontologies/fma/fmaOwlDlComponent_2_0#Fifth_cervical_vertebral_arch,http://www.ihtsdo.org/snomed#Structure_of_arch_of_fifth_cervical_vertebra,True,1.0
http://bioontology.org/projects/ontologies/fma/fmaOwlDlComponent_2_0#Fascia_of_brachialis,http://www.ihtsdo.org/snomed#Structure_of_brachial_fascia,True,1.0
http://bioontology.org/projects/ontologies/fma/fmaOwlDlComponent_2_0#Major_sublingual_duct,http://www.ihtsdo.org/snomed#Structure_of_major_sublingual_duct,True,1.0
http://bioontology.org/projects/ontologies/fma/fmaOwlDlComponent_2_0#Medial_inguinal_fossa,http://www.ihtsdo.org/snomed#Structure_of_medial_inguinal_fossa,False,1.0
http://bioontology.org/projects/ontologies/fma/fmaOwlDlComponent_2_0#Internal_urethral_orifice,http://www.ihtsdo.org/snomed#Internal_urethral_orifice_structure,True,1.0
http://bioontology.org/projects/ontologies/fma/fmaOwlDlComponent_2_0#Internal_jugular_vein,http://www.ihtsdo.org/snomed#Internal_jugular_vein_structure,True,1.0
http://bioontology.org/projects/ontologies/fma/fmaOwlDlComponent_2_0#Zona_incerta,http://www.ihtsdo.org/snomed#Structure_of_zona_incerta,True,1.0
http://bioontology.org/projects/ontologies/fma/fmaOwlDlComponent_2_0#Nasal_vestibule,http://www.ihtsdo.org/snomed#Structure_of_nasal_vestibule,True,1.0
http://bioontology.org/projects/ontologies/fma/fmaOwlDlComponent_2_0#Scala_vestibuli,http://www.ihtsdo.org/snomed#Scala_vestibuli_structure,True,1.0
http://bioontology.org/projects/ontologies/fma/fmaOwlDlComponent_2_0#Right_thigh,http://www.ihtsdo.org/snomed#Structure_of_right_thigh,False,1.0
http://bioontology.org/projects/ontologies/fma/fmaOwlDlComponent_2_0#Intertrochanteric_crest_of_femur,http://www.ihtsdo.org/snomed#Structure_of_intertrochanteric_crest_of_femur,True,1.0
http://bioontology.org/projects/ontologies/fma/fmaOwlDlComponent_2_0#Set_of_medial_circumflex_femoral_veins,http://www.ihtsdo.org/snomed#Structure_of_medial_circumflex_femoral_vein,True,1.0
http://bioontology.org/projects/ontologies/fma/fmaOwlDlComponent_2_0#Cingulum_of_tooth,http://www.ihtsdo.org/snomed#Structure_of_cingulum_dentis,True,1.0
http://bioontology.org/projects/ontologies/fma/fmaOwlDlComponent_2_0#Geniculate_ganglion,http://www.ihtsdo.org/snomed#Structure_of_geniculate_ganglion,True,1.0
http://bioontology.org/projects/ontologies/fma/fmaOwlDlComponent_2_0#Collicular_part_of_prostatic_urethra,http://www.ihtsdo.org/snomed#Seminal_colliculus_structure,True,1.0
http://bioontology.org/projects/ontologies/fma/fmaOwlDlComponent_2_0#Superior_articular_process_of_eleventh_thoracic_vertebra,http://www.ihtsdo.org/snomed#Structure_of_superior_articular_process_of_eleventh_thoracic_vertebra,True,1.0
http://bioontology.org/projects/ontologies/fma/fmaOwlDlComponent_2_0#Corneal_epithelium,http://www.ihtsdo.org/snomed#Structure_of_corneal_epithelium,True,1.0
http://bioontology.org/projects/ontologies/fma/fmaOwlDlComponent_2_0#Palmar_metacarpal_vein,http://www.ihtsdo.org/snomed#Structure_of_palmar_metacarpal_vein,False,1.0
http://bioontology.org/projects/ontologies/fma/fmaOwlDlComponent_2_0#Ampulla_of_deferent_duct,http://www.ihtsdo.org/snomed#Structure_of_ampulla_of_vas_deferens,True,1.0
http://bioontology.org/projects/ontologies/fma/fmaOwlDlComponent_2_0#Mesiolingual_cusp_of_tooth,http://www.ihtsdo.org/snomed#Structure_of_mesiolingual_cusp,True,1.0
http://bioontology.org/projects/ontologies/fma/fmaOwlDlComponent_2_0#Rhodopsin,http://www.ihtsdo.org/snomed#Rhodopsin,True,1.0
http://bioontology.org/projects/ontologies/fma/fmaOwlDlComponent_2_0#Longitudinal_duct_of_epoophoron,http://www.ihtsdo.org/snomed#Gartner_s_duct,True,1.0
http://bioontology.org/projects/ontologies/fma/fmaOwlDlComponent_2_0#Set_of_renal_pyramids,http://www.ihtsdo.org/snomed#Renal_pyramid_structure,True,1.0
http://bioontology.org/projects/ontologies/fma/fmaOwlDlComponent_2_0#Tentorium_cerebelli,http://www.ihtsdo.org/snomed#Structure_of_tentorium_cerebelli,True,1.0
http://bioontology.org/projects/ontologies/fma/fmaOwlDlComponent_2_0#Set_of_palmar_metacarpal_veins,http://www.ihtsdo.org/snomed#Structure_of_palmar_metacarpal_vein,False,1.0
http://bioontology.org/projects/ontologies/fma/fmaOwlDlComponent_2_0#Right_parietal_pleura,http://www.ihtsdo.org/snomed#Structure_of_right_parietal_pleura,False,1.0
http://bioontology.org/projects/ontologies/fma/fmaOwlDlComponent_2_0#Thymus,http://www.ihtsdo.org/snomed#Thymus_gland_structure,True,1.0
http://bioontology.org/projects/ontologies/fma/fmaOwlDlComponent_2_0#Tibialis_anterior,http://www.ihtsdo.org/snomed#Tibial_artery,False,1.0
http://bioontology.org/projects/ontologies/fma/fmaOwlDlComponent_2_0#Tracheal_gland,http://www.ihtsdo.org/snomed#Structure_of_tracheal_gland,False,1.0
http://bioontology.org/projects/ontologies/fma/fmaOwlDlComponent_2_0#Superior_duodenal_fold,http://www.ihtsdo.org/snomed#Structure_of_superior_duodenal_fold,True,1.0
http://bioontology.org/projects/ontologies/fma/fmaOwlDlComponent_2_0#Accessory_cephalic_vein,http://www.ihtsdo.org/snomed#Structure_of_accessory_cephalic_vein,False,1.0
http://bioontology.org/projects/ontologies/fma/fmaOwlDlComponent_2_0#Basilar_venous_plexus,http://www.ihtsdo.org/snomed#Structure_of_basilar_sinus,False,1.0
http://bioontology.org/projects/ontologies/fma/fmaOwlDlComponent_2_0#Tenth_costotransverse_joint,http://www.ihtsdo.org/snomed#Tenth_costotransverse_joint,True,1.0
http://bioontology.org/projects/ontologies/fma/fmaOwlDlComponent_2_0#Artery_of_pterygoid_canal,http://www.ihtsdo.org/snomed#Structure_of_artery_of_the_pterygoid_canal,True,1.0
http://bioontology.org/projects/ontologies/fma/fmaOwlDlComponent_2_0#Atlanto_axial_joint,http://www.ihtsdo.org/snomed#Structure_of_atlantoaxial_joint,True,1.0
http://bioontology.org/projects/ontologies/fma/fmaOwlDlComponent_2_0#Intergluteal_cleft,http://www.ihtsdo.org/snomed#Natal_cleft,True,1.0
http://bioontology.org/projects/ontologies/fma/fmaOwlDlComponent_2_0#Thyroid_follicle,http://www.ihtsdo.org/snomed#Structure_of_thyroid_follicle,True,1.0
http://bioontology.org/projects/ontologies/fma/fmaOwlDlComponent_2_0#Paravesical_fossa,http://www.ihtsdo.org/snomed#Structure_of_paravesical_fossa,True,1.0
http://bioontology.org/projects/ontologies/fma/fmaOwlDlComponent_2_0#Superior_frontal_gyrus,http://www.ihtsdo.org/snomed#Structure_of_superior_frontal_gyrus,True,1.0
http://bioontology.org/projects/ontologies/fma/fmaOwlDlComponent_2_0#External_urethral_orifice,http://www.ihtsdo.org/snomed#Structure_of_urethral_meatus,True,1.0
http://bioontology.org/projects/ontologies/fma/fmaOwlDlComponent_2_0#Posterior_surface_of_body_of_sternum,http://www.ihtsdo.org/snomed#Structure_of_posterior_surface_of_body_of_sternum,True,1.0
http://bioontology.org/projects/ontologies/fma/fmaOwlDlComponent_2_0#Intervertebral_foramen_of_twelfth_thoracic_vertebra,http://www.ihtsdo.org/snomed#Structure_of_intervertebral_foramen_of_twelfth_thoracic_vertebra,True,1.0
http://bioontology.org/projects/ontologies/fma/fmaOwlDlComponent_2_0#Deep_anterior_cervical_lymph_node,http://www.ihtsdo.org/snomed#Structure_of_deep_anterior_cervical_lymph_node,True,1.0
http://bioontology.org/projects/ontologies/fma/fmaOwlDlComponent_2_0#Inferolateral_surface_of_prostate,http://www.ihtsdo.org/snomed#Structure_of_inferolateral_surface_of_prostate,True,1.0
http://bioontology.org/projects/ontologies/fma/fmaOwlDlComponent_2_0#Horizontal_fissure_of_right_lung_space_,http://www.ihtsdo.org/snomed#Structure_of_horizontal_interlobar_fissure_of_right_lung,True,1.0
http://bioontology.org/projects/ontologies/fma/fmaOwlDlComponent_2_0#Interstitial_tissue_of_liver,http://www.ihtsdo.org/snomed#Structure_of_interstitial_tissue_of_liver,True,1.0
http://bioontology.org/projects/ontologies/fma/fmaOwlDlComponent_2_0#Superior_renal_segment,http://www.ihtsdo.org/snomed#Structure_of_superior_renal_segment,True,1.0
http://bioontology.org/projects/ontologies/fma/fmaOwlDlComponent_2_0#Angle_of_eighth_rib,http://www.ihtsdo.org/snomed#Structure_of_angle_of_eighth_rib,False,1.0
http://bioontology.org/projects/ontologies/fma/fmaOwlDlComponent_2_0#Anterior_commissure,http://www.ihtsdo.org/snomed#Structure_of_anterior_commissure,True,1.0
http://bioontology.org/projects/ontologies/fma/fmaOwlDlComponent_2_0#Interstitial_nucleus_of_medial_longitudinal_fasciculus,http://www.ihtsdo.org/snomed#Structure_of_interstitial_nucleus_of_Cajal,True,1.0
http://bioontology.org/projects/ontologies/fma/fmaOwlDlComponent_2_0#Diaphysis_of_second_metatarsal_bone,http://www.ihtsdo.org/snomed#Structure_of_shaft_of_second_metatarsal_bone,True,1.0
http://bioontology.org/projects/ontologies/fma/fmaOwlDlComponent_2_0#Phrenicosplenic_ligament,http://www.ihtsdo.org/snomed#Structure_of_phrenicosplenic_ligament,True,1.0
http://bioontology.org/projects/ontologies/fma/fmaOwlDlComponent_2_0#Plantar_surface_of_third_toe,http://www.ihtsdo.org/snomed#Structure_of_plantar_surface_of_third_toe,True,1.0
http://bioontology.org/projects/ontologies/fma/fmaOwlDlComponent_2_0#Crus_of_helical_part_of_auricular_cartilage,http://www.ihtsdo.org/snomed#Structure_of_crus_of_helix,True,1.0
http://bioontology.org/projects/ontologies/fma/fmaOwlDlComponent_2_0#Venous_plexus_of_foramen_ovale,http://www.ihtsdo.org/snomed#Structure_of_venous_plexus_of_the_foramen_ovale_basis_cranii,True,1.0
http://bioontology.org/projects/ontologies/fma/fmaOwlDlComponent_2_0#Inferior_ophthalmic_vein,http://www.ihtsdo.org/snomed#Structure_of_inferior_ophthalmic_vein,True,1.0
http://bioontology.org/projects/ontologies/fma/fmaOwlDlComponent_2_0#Nasal_muscle,http://www.ihtsdo.org/snomed#Nasalis_muscle_structure,True,1.0
http://bioontology.org/projects/ontologies/fma/fmaOwlDlComponent_2_0#Set_of_intercarpal_joints,http://www.ihtsdo.org/snomed#Structure_of_intercarpal_joint,True,1.0
http://bioontology.org/projects/ontologies/fma/fmaOwlDlComponent_2_0#Deep_artery_of_clitoris,http://www.ihtsdo.org/snomed#Structure_of_deep_artery_of_clitoris,True,1.0
http://bioontology.org/projects/ontologies/fma/fmaOwlDlComponent_2_0#Anal_sinus,http://www.ihtsdo.org/snomed#Anal_crypt_structure,True,1.0
http://bioontology.org/projects/ontologies/fma/fmaOwlDlComponent_2_0#Lymphatic_trunk,http://www.ihtsdo.org/snomed#Structure_of_lymphatic_trunk,True,1.0
http://bioontology.org/projects/ontologies/fma/fmaOwlDlComponent_2_0#Popliteal_part_of_knee,http://www.ihtsdo.org/snomed#Popliteal_region_structure,True,1.0
http://bioontology.org/projects/ontologies/fma/fmaOwlDlComponent_2_0#External_nasal_vein,http://www.ihtsdo.org/snomed#Structure_of_external_nasal_vein,True,1.0
http://bioontology.org/projects/ontologies/fma/fmaOwlDlComponent_2_0#Basilar_membrane_of_cochlea,http://www.ihtsdo.org/snomed#Structure_of_basilar_membrane_of_cochlea,True,1.0
http://bioontology.org/projects/ontologies/fma/fmaOwlDlComponent_2_0#Left_lobe_of_thymus,http://www.ihtsdo.org/snomed#Structure_of_left_lobe_of_thymus,True,1.0
http://bioontology.org/projects/ontologies/fma/fmaOwlDlComponent_2_0#Hippocampal_formation,http://www.ihtsdo.org/snomed#Structure_of_hippocampal_formation,True,1.0
http://bioontology.org/projects/ontologies/fma/fmaOwlDlComponent_2_0#Falx_cerebri,http://www.ihtsdo.org/snomed#Structure_of_falx_cerebri,True,1.0
http://bioontology.org/projects/ontologies/fma/fmaOwlDlComponent_2_0#Body_of_eighth_rib,http://www.ihtsdo.org/snomed#Structure_of_shaft_of_eighth_rib,True,1.0
http://bioontology.org/projects/ontologies/fma/fmaOwlDlComponent_2_0#Body_of_caudate_nucleus,http://www.ihtsdo.org/snomed#Structure_of_body_of_caudate_nucleus,True,1.0
http://bioontology.org/projects/ontologies/fma/fmaOwlDlComponent_2_0#Mammillothalamic_tract_of_hypothalamus,http://www.ihtsdo.org/snomed#Structure_of_mammillothalamic_tract_of_hypothalamus,True,1.0
http://bioontology.org/projects/ontologies/fma/fmaOwlDlComponent_2_0#Masseteric_artery,http://www.ihtsdo.org/snomed#Structure_of_masseteric_artery,True,1.0
http://bioontology.org/projects/ontologies/fma/fmaOwlDlComponent_2_0#Head_of_seventh_rib,http://www.ihtsdo.org/snomed#Structure_of_neck_of_seventh_rib,False,1.0
http://bioontology.org/projects/ontologies/fma/fmaOwlDlComponent_2_0#Upper_limb,http://www.ihtsdo.org/snomed#Both_upper_extremities,False,1.0
http://bioontology.org/projects/ontologies/fma/fmaOwlDlComponent_2_0#Interlobar_surface_of_lobe_of_lung,http://www.ihtsdo.org/snomed#Structure_of_interlobar_surfaces_of_lung,True,1.0
http://bioontology.org/projects/ontologies/fma/fmaOwlDlComponent_2_0#Right_posterior_basal_bronchopulmonary_segment,http://www.ihtsdo.org/snomed#Structure_of_posterior_basal_segment_of_right_lower_lobe_of_lung,True,1.0
http://bioontology.org/projects/ontologies/fma/fmaOwlDlComponent_2_0#Cricothyroid_ligament,http://www.ihtsdo.org/snomed#Structure_of_cricothyroid_ligament,True,1.0
http://bioontology.org/projects/ontologies/fma/fmaOwlDlComponent_2_0#Spinal_dura_mater,http://www.ihtsdo.org/snomed#Spinal_dura_mater_structure,True,1.0
http://bioontology.org/projects/ontologies/fma/fmaOwlDlComponent_2_0#Intervertebral_disk_of_first_lumbar_vertebra,http://www.ihtsdo.org/snomed#Intervertebral_disc_structure_of_first_lumbar_vertebra,True,1.0
http://bioontology.org/projects/ontologies/fma/fmaOwlDlComponent_2_0#Supra_orbital_vein,http://www.ihtsdo.org/snomed#Structure_of_supraorbital_vein,False,1.0
http://bioontology.org/projects/ontologies/fma/fmaOwlDlComponent_2_0#Left_hypochondrium,http://www.ihtsdo.org/snomed#Left_hypochondriac_region_structure,True,1.0
http://bioontology.org/projects/ontologies/fma/fmaOwlDlComponent_2_0#Distal_interphalangeal_joint_of_second_toe,http://www.ihtsdo.org/snomed#Distal_interphalangeal_joint_structure_of_second_toe,True,1.0
http://bioontology.org/projects/ontologies/fma/fmaOwlDlComponent_2_0#Styloid_process_of_third_metacarpal_bone,http://www.ihtsdo.org/snomed#Structure_of_styloid_process_of_third_metacarpal_bone,True,1.0
http://bioontology.org/projects/ontologies/fma/fmaOwlDlComponent_2_0#Set_of_pericardial_veins,http://www.ihtsdo.org/snomed#Structure_of_pericardial_vein,False,1.0
http://bioontology.org/projects/ontologies/fma/fmaOwlDlComponent_2_0#Superior_pubic_ramus,http://www.ihtsdo.org/snomed#Structure_of_superior_ramus_of_pubis,True,1.0
http://bioontology.org/projects/ontologies/fma/fmaOwlDlComponent_2_0#Medial_accessory_inferior_olivary_nucleus,http://www.ihtsdo.org/snomed#Structure_of_medial_accessory_olivary_nucleus,True,1.0
http://bioontology.org/projects/ontologies/fma/fmaOwlDlComponent_2_0#Subtendinous_bursa_of_infraspinatus_muscle,http://www.ihtsdo.org/snomed#Structure_of_subtendinous_bursa_of_infraspinatus_muscle,True,1.0
http://bioontology.org/projects/ontologies/fma/fmaOwlDlComponent_2_0#Thoracic_part_of_esophagus,http://www.ihtsdo.org/snomed#Thoracic_esophagus_structure,True,1.0
http://bioontology.org/projects/ontologies/fma/fmaOwlDlComponent_2_0#Fundiform_ligament_of_penis,http://www.ihtsdo.org/snomed#Structure_of_fundiform_ligament_of_penis,True,1.0
http://bioontology.org/projects/ontologies/fma/fmaOwlDlComponent_2_0#Temporal_process_of_zygomatic_bone,http://www.ihtsdo.org/snomed#Temporal_process_of_zygomatic_bone,True,1.0
http://bioontology.org/projects/ontologies/fma/fmaOwlDlComponent_2_0#Proximal_epiphysis_of_phalanx_of_little_finger,http://www.ihtsdo.org/snomed#Structure_of_base_of_phalanx_of_little_finger,True,1.0
http://bioontology.org/projects/ontologies/fma/fmaOwlDlComponent_2_0#Left_common_iliac_artery,http://www.ihtsdo.org/snomed#Structure_of_left_common_iliac_artery,False,1.0
http://bioontology.org/projects/ontologies/fma/fmaOwlDlComponent_2_0#Anulus_fibrosus_of_intervertebral_disk_of_fifth_cervical_vertebra,http://www.ihtsdo.org/snomed#Structure_of_anulus_fibrosus_of_intervertebral_disc_of_fifth_cervical_vertebra,True,1.0
http://bioontology.org/projects/ontologies/fma/fmaOwlDlComponent_2_0#Left_external_iliac_artery,http://www.ihtsdo.org/snomed#Structure_of_left_external_iliac_artery,True,1.0
http://bioontology.org/projects/ontologies/fma/fmaOwlDlComponent_2_0#Intervertebral_disk_of_fifth_cervical_vertebra,http://www.ihtsdo.org/snomed#Intervertebral_disc_structure_of_fifth_cervical_vertebra,True,1.0
http://bioontology.org/projects/ontologies/fma/fmaOwlDlComponent_2_0#Plantar_surface_of_fourth_toe,http://www.ihtsdo.org/snomed#Structure_of_plantar_surface_of_fourth_toe,True,1.0
http://bioontology.org/projects/ontologies/fma/fmaOwlDlComponent_2_0#Pinna,http://www.ihtsdo.org/snomed#Pinna_structure,True,1.0
http://bioontology.org/projects/ontologies/fma/fmaOwlDlComponent_2_0#Neurophysin,http://www.ihtsdo.org/snomed#Neurophysin,True,1.0
http://bioontology.org/projects/ontologies/fma/fmaOwlDlComponent_2_0#Endothelium_of_anterior_chamber_of_eyeball,http://www.ihtsdo.org/snomed#Endothelium_of_anterior_chamber_of_eye,True,1.0
http://bioontology.org/projects/ontologies/fma/fmaOwlDlComponent_2_0#Posterior_longitudinal_ligament,http://www.ihtsdo.org/snomed#Posterior_longitudinal_ligament_structure,True,1.0
http://bioontology.org/projects/ontologies/fma/fmaOwlDlComponent_2_0#Lactiferous_duct,http://www.ihtsdo.org/snomed#Lactiferous_duct_structure,True,1.0
http://bioontology.org/projects/ontologies/fma/fmaOwlDlComponent_2_0#Set_of_central_veins_of_liver,http://www.ihtsdo.org/snomed#Structure_of_central_vein_of_liver,True,1.0
http://bioontology.org/projects/ontologies/fma/fmaOwlDlComponent_2_0#Middle_phalanx_of_third_toe,http://www.ihtsdo.org/snomed#Structure_of_middle_phalanx_of_third_toe,True,1.0
http://bioontology.org/projects/ontologies/fma/fmaOwlDlComponent_2_0#Left_pleural_cavity,http://www.ihtsdo.org/snomed#Structure_of_left_pleural_cavity,False,1.0
http://bioontology.org/projects/ontologies/fma/fmaOwlDlComponent_2_0#Epiploic_foramen,http://www.ihtsdo.org/snomed#Structure_of_epiploic_foramen,True,1.0
http://bioontology.org/projects/ontologies/fma/fmaOwlDlComponent_2_0#Right_deferent_duct,http://www.ihtsdo.org/snomed#Structure_of_right_vas_deferens,True,1.0
http://bioontology.org/projects/ontologies/fma/fmaOwlDlComponent_2_0#Obturator_foramen,http://www.ihtsdo.org/snomed#Obturator_foramen_structure,True,1.0
http://bioontology.org/projects/ontologies/fma/fmaOwlDlComponent_2_0#Plantar_calcaneocuboid_ligament,http://www.ihtsdo.org/snomed#Structure_of_plantar_calcaneocuboidal_ligament,True,1.0
http://bioontology.org/projects/ontologies/fma/fmaOwlDlComponent_2_0#Anterior_ascending_branch_of_left_pulmonary_artery,http://www.ihtsdo.org/snomed#Structure_of_anterior_ascending_branch_of_left_pulmonary_artery,True,1.0
http://bioontology.org/projects/ontologies/fma/fmaOwlDlComponent_2_0#Venous_plexus,http://www.ihtsdo.org/snomed#Structure_of_venous_network,True,1.0
http://bioontology.org/projects/ontologies/fma/fmaOwlDlComponent_2_0#Thoracic_viscus,http://www.ihtsdo.org/snomed#Structure_of_thoracic_viscus,False,1.0
http://bioontology.org/projects/ontologies/fma/fmaOwlDlComponent_2_0#Root_of_brachial_plexus,http://www.ihtsdo.org/snomed#Root_of_brachial_plexus,True,1.0
http://bioontology.org/projects/ontologies/fma/fmaOwlDlComponent_2_0#Anterolateral_central_branch_of_middle_cerebral_artery,http://www.ihtsdo.org/snomed#Lenticulostriate_artery,True,1.0
http://bioontology.org/projects/ontologies/fma/fmaOwlDlComponent_2_0#Rectouterine_fold,http://www.ihtsdo.org/snomed#Structure_of_posterior_ligament_of_uterus,True,1.0
http://bioontology.org/projects/ontologies/fma/fmaOwlDlComponent_2_0#Internal_carotid_nerve_plexus,http://www.ihtsdo.org/snomed#Structure_of_internal_carotid_plexus,True,1.0
http://bioontology.org/projects/ontologies/fma/fmaOwlDlComponent_2_0#Distal_interphalangeal_joint_of_little_toe,http://www.ihtsdo.org/snomed#Distal_interphalangeal_joint_structure_of_fifth_toe,True,1.0
http://bioontology.org/projects/ontologies/fma/fmaOwlDlComponent_2_0#Fold_of_chorda_tympani,http://www.ihtsdo.org/snomed#Structure_of_fold_of_chorda_tympani,True,1.0
http://bioontology.org/projects/ontologies/fma/fmaOwlDlComponent_2_0#Lateral_surface_of_index_finger,http://www.ihtsdo.org/snomed#Structure_of_lateral_surface_of_index_finger,False,1.0
http://bioontology.org/projects/ontologies/fma/fmaOwlDlComponent_2_0#Left_femoral_artery,http://www.ihtsdo.org/snomed#Structure_of_left_femoral_artery,False,1.0
http://bioontology.org/projects/ontologies/fma/fmaOwlDlComponent_2_0#Nucleus_pulposus_of_intervertebral_disk_of_eighth_thoracic_vertebra,http://www.ihtsdo.org/snomed#Structure_of_nucleus_pulposus_of_intervertebral_disc_of_eighth_thoracic_vertebra,True,1.0
http://bioontology.org/projects/ontologies/fma/fmaOwlDlComponent_2_0#Vomeronasal_organ,http://www.ihtsdo.org/snomed#Vomeronasal_organ_structure,True,1.0
http://bioontology.org/projects/ontologies/fma/fmaOwlDlComponent_2_0#Body_of_clitoris,http://www.ihtsdo.org/snomed#Structure_of_body_of_clitoris,True,1.0
http://bioontology.org/projects/ontologies/fma/fmaOwlDlComponent_2_0#Sternocleidomastoid_artery,http://www.ihtsdo.org/snomed#Structure_of_sternocleidomastoid_branch_of_superior_thyroid_artery,True,1.0
http://bioontology.org/projects/ontologies/fma/fmaOwlDlComponent_2_0#Lamina_of_thyroid_cartilage,http://www.ihtsdo.org/snomed#Structure_of_lamina_of_thyroid_cartilage,True,1.0
http://bioontology.org/projects/ontologies/fma/fmaOwlDlComponent_2_0#Body_of_lateral_ventricle,http://www.ihtsdo.org/snomed#Structure_of_body_of_lateral_ventricle,True,1.0
http://bioontology.org/projects/ontologies/fma/fmaOwlDlComponent_2_0#Nerve_to_inferior_oblique,http://www.ihtsdo.org/snomed#Structure_of_oculomotor_nerve_obliquus_inferior_branch,True,1.0
http://bioontology.org/projects/ontologies/fma/fmaOwlDlComponent_2_0#Superior_sternopericardial_ligament,http://www.ihtsdo.org/snomed#Structure_of_superior_sternopericardial_ligament,True,1.0
http://bioontology.org/projects/ontologies/fma/fmaOwlDlComponent_2_0#Left_anterior_tibial_artery,http://www.ihtsdo.org/snomed#Branch_of_anterior_tibial_artery,False,1.0
http://bioontology.org/projects/ontologies/fma/fmaOwlDlComponent_2_0#Set_of_cords_of_brachial_nerve_plexus,http://www.ihtsdo.org/snomed#Cord_of_brachial_plexus,True,1.0
http://bioontology.org/projects/ontologies/fma/fmaOwlDlComponent_2_0#Prevertebral_layer_of_cervical_fascia,http://www.ihtsdo.org/snomed#Structure_of_prevertebral_layer_of_cervical_fascia,True,1.0
http://bioontology.org/projects/ontologies/fma/fmaOwlDlComponent_2_0#Medial_root_of_optic_tract,http://www.ihtsdo.org/snomed#Structure_of_medial_root_of_optic_tract,True,1.0
http://bioontology.org/projects/ontologies/fma/fmaOwlDlComponent_2_0#Superior_articular_process_of_first_lumbar_vertebra,http://www.ihtsdo.org/snomed#Structure_of_superior_articular_process_of_first_lumbar_vertebra,True,1.0
http://bioontology.org/projects/ontologies/fma/fmaOwlDlComponent_2_0#Glossopharyngeal_nerve,http://www.ihtsdo.org/snomed#Glossopharyngeal_nerve_structure,True,1.0
http://bioontology.org/projects/ontologies/fma/fmaOwlDlComponent_2_0#Meningeal_branch_of_occipital_artery,http://www.ihtsdo.org/snomed#Structure_of_meningeal_branch_of_occipital_artery,True,1.0
http://bioontology.org/projects/ontologies/fma/fmaOwlDlComponent_2_0#Posterior_sternoclavicular_ligament,http://www.ihtsdo.org/snomed#Structure_of_posterior_sternoclavicular_ligament,True,1.0
http://bioontology.org/projects/ontologies/fma/fmaOwlDlComponent_2_0#Iridocorneal_angle,http://www.ihtsdo.org/snomed#Structure_of_iridocorneal_angle,True,1.0
http://bioontology.org/projects/ontologies/fma/fmaOwlDlComponent_2_0#Orifice_of_duct_of_salivary_gland,http://www.ihtsdo.org/snomed#Structure_of_orifice_of_salivary_gland_duct,False,1.0
http://bioontology.org/projects/ontologies/fma/fmaOwlDlComponent_2_0#Subdivision_of_surface_of_foot,http://www.ihtsdo.org/snomed#Surface_region_of_foot,True,1.0
http://bioontology.org/projects/ontologies/fma/fmaOwlDlComponent_2_0#Arcuate_popliteal_ligament,http://www.ihtsdo.org/snomed#Structure_of_arcuate_popliteal_ligament,False,1.0
http://bioontology.org/projects/ontologies/fma/fmaOwlDlComponent_2_0#Lobar_renal_artery,http://www.ihtsdo.org/snomed#Structure_of_right_renal_artery,False,1.0
http://bioontology.org/projects/ontologies/fma/fmaOwlDlComponent_2_0#Middle_nasal_meatus,http://www.ihtsdo.org/snomed#Middle_nasal_meatus_structure,True,1.0
http://bioontology.org/projects/ontologies/fma/fmaOwlDlComponent_2_0#Transversalis_fascia,http://www.ihtsdo.org/snomed#Transversalis_fascia_structure,True,1.0
http://bioontology.org/projects/ontologies/fma/fmaOwlDlComponent_2_0#Set_of_aberrant_ductules_of_epididymis,http://www.ihtsdo.org/snomed#Structure_of_aberrant_ductule_of_epididymis,True,1.0
http://bioontology.org/projects/ontologies/fma/fmaOwlDlComponent_2_0#Ninth_costal_cartilage,http://www.ihtsdo.org/snomed#Structure_of_ninth_costal_cartilage,True,1.0
http://bioontology.org/projects/ontologies/fma/fmaOwlDlComponent_2_0#Cerebral_cortex,http://www.ihtsdo.org/snomed#Structure_of_pallium,True,1.0
http://bioontology.org/projects/ontologies/fma/fmaOwlDlComponent_2_0#Posterior_inferior_iliac_spine,http://www.ihtsdo.org/snomed#Structure_of_posterior_inferior_iliac_spine,True,1.0
http://bioontology.org/projects/ontologies/fma/fmaOwlDlComponent_2_0#Femoral_nerve,http://www.ihtsdo.org/snomed#Structure_of_femoral_nerve,True,1.0
http://bioontology.org/projects/ontologies/fma/fmaOwlDlComponent_2_0#Ostium_of_inferior_vena_cava,http://www.ihtsdo.org/snomed#Structure_of_ostium_of_inferior_vena_cava,True,1.0
http://bioontology.org/projects/ontologies/fma/fmaOwlDlComponent_2_0#Posterior_superior_iliac_spine,http://www.ihtsdo.org/snomed#Structure_of_posterior_superior_iliac_spine,True,1.0
http://bioontology.org/projects/ontologies/fma/fmaOwlDlComponent_2_0#Occipital_horn_of_lateral_ventricle,http://www.ihtsdo.org/snomed#Structure_of_posterior_horn_of_lateral_ventricle,True,1.0
http://bioontology.org/projects/ontologies/fma/fmaOwlDlComponent_2_0#Dorsal_surface_of_toe,http://www.ihtsdo.org/snomed#Structure_of_dorsal_surface_of_toe,True,1.0
http://bioontology.org/projects/ontologies/fma/fmaOwlDlComponent_2_0#Meningeal_vein,http://www.ihtsdo.org/snomed#Meninges_structure,False,1.0
http://bioontology.org/projects/ontologies/fma/fmaOwlDlComponent_2_0#Head_of_mandible,http://www.ihtsdo.org/snomed#Head_of_mandible,True,1.0
http://bioontology.org/projects/ontologies/fma/fmaOwlDlComponent_2_0#Set_of_bursae_of_upper_limb,http://www.ihtsdo.org/snomed#Structure_of_bursa_of_upper_limb,False,1.0
http://bioontology.org/projects/ontologies/fma/fmaOwlDlComponent_2_0#Triquetral,http://www.ihtsdo.org/snomed#Structure_of_triangular_bone,True,1.0
http://bioontology.org/projects/ontologies/fma/fmaOwlDlComponent_2_0#Suspensory_ligament_of_ovary,http://www.ihtsdo.org/snomed#Structure_of_suspensory_ligament_of_ovary,True,1.0
http://bioontology.org/projects/ontologies/fma/fmaOwlDlComponent_2_0#Jugular_nerve,http://www.ihtsdo.org/snomed#Structure_of_jugular_nerve,True,1.0
http://bioontology.org/projects/ontologies/fma/fmaOwlDlComponent_2_0#Long_thoracic_nerve,http://www.ihtsdo.org/snomed#Structure_of_long_thoracic_nerve,True,1.0
http://bioontology.org/projects/ontologies/fma/fmaOwlDlComponent_2_0#Conjunctival_sac,http://www.ihtsdo.org/snomed#Conjunctival_sac_structure,True,1.0
http://bioontology.org/projects/ontologies/fma/fmaOwlDlComponent_2_0#Inferior_articular_process_of_cervical_vertebra,http://www.ihtsdo.org/snomed#Structure_of_inferior_articular_process_of_cervical_vertebra,True,1.0
http://bioontology.org/projects/ontologies/fma/fmaOwlDlComponent_2_0#Lateral_patellar_retinaculum,http://www.ihtsdo.org/snomed#Structure_of_lateral_patellar_retinaculum,False,1.0
http://bioontology.org/projects/ontologies/fma/fmaOwlDlComponent_2_0#Stapes,http://www.ihtsdo.org/snomed#Stapes_structure,True,1.0
http://bioontology.org/projects/ontologies/fma/fmaOwlDlComponent_2_0#Set_of_dorsal_tarsometatarsal_ligaments,http://www.ihtsdo.org/snomed#Structure_of_dorsal_tarsometatarsal_ligaments,True,1.0
http://bioontology.org/projects/ontologies/fma/fmaOwlDlComponent_2_0#Tenth_thoracic_spinal_ganglion,http://www.ihtsdo.org/snomed#Thoracic_spinal_ganglion,True,1.0
http://bioontology.org/projects/ontologies/fma/fmaOwlDlComponent_2_0#Articular_part_of_tubercle_of_sixth_rib,http://www.ihtsdo.org/snomed#Structure_of_articular_part_of_tubercle_of_sixth_rib,True,1.0
http://bioontology.org/projects/ontologies/fma/fmaOwlDlComponent_2_0#Infraclavicular_part_of_chest,http://www.ihtsdo.org/snomed#Infraclavicular_region_structure,True,1.0
http://bioontology.org/projects/ontologies/fma/fmaOwlDlComponent_2_0#Surface_of_subdivision_of_trunk,http://www.ihtsdo.org/snomed#Surface_region_of_trunk,True,1.0
http://bioontology.org/projects/ontologies/fma/fmaOwlDlComponent_2_0#Sclera_proper,http://www.ihtsdo.org/snomed#Structure_of_sclera_proper,True,1.0
http://bioontology.org/projects/ontologies/fma/fmaOwlDlComponent_2_0#Trapezium,http://www.ihtsdo.org/snomed#Bone_structure_of_trapezium,True,1.0
http://bioontology.org/projects/ontologies/fma/fmaOwlDlComponent_2_0#Set_of_minor_renal_calyces,http://www.ihtsdo.org/snomed#Structure_of_minor_calyx,True,1.0
http://bioontology.org/projects/ontologies/fma/fmaOwlDlComponent_2_0#Cervical_vertebral_canal,http://www.ihtsdo.org/snomed#Cervical_canal_structure,False,1.0
http://bioontology.org/projects/ontologies/fma/fmaOwlDlComponent_2_0#Inferior_lacrimal_punctum,http://www.ihtsdo.org/snomed#Lower_lacrimal_punctum,True,1.0
http://bioontology.org/projects/ontologies/fma/fmaOwlDlComponent_2_0#Supraoptic_nucleus,http://www.ihtsdo.org/snomed#Structure_of_supraoptic_nucleus,True,1.0
http://bioontology.org/projects/ontologies/fma/fmaOwlDlComponent_2_0#Superior_mesenteric_artery,http://www.ihtsdo.org/snomed#Superior_mesenteric_artery_structure,True,1.0
http://bioontology.org/projects/ontologies/fma/fmaOwlDlComponent_2_0#Vocal_ligament,http://www.ihtsdo.org/snomed#Structure_of_vocal_ligament_of_larynx,True,1.0
http://bioontology.org/projects/ontologies/fma/fmaOwlDlComponent_2_0#Dorsal_white_commissure_of_spinal_cord,http://www.ihtsdo.org/snomed#Structure_of_dorsal_white_commissure_of_spinal_cord,False,1.0
http://bioontology.org/projects/ontologies/fma/fmaOwlDlComponent_2_0#Set_of_vaginal_nerves,http://www.ihtsdo.org/snomed#Structure_of_vaginal_nerves,False,1.0
http://bioontology.org/projects/ontologies/fma/fmaOwlDlComponent_2_0#Myofibril,http://www.ihtsdo.org/snomed#Myofibril,True,1.0
http://bioontology.org/projects/ontologies/fma/fmaOwlDlComponent_2_0#Cilium,http://www.ihtsdo.org/snomed#Cilium,True,1.0
http://bioontology.org/projects/ontologies/fma/fmaOwlDlComponent_2_0#Lymphatic_vessel,http://www.ihtsdo.org/snomed#Iliac_vessel,False,1.0
http://bioontology.org/projects/ontologies/fma/fmaOwlDlComponent_2_0#Descending_genicular_artery,http://www.ihtsdo.org/snomed#Structure_of_descending_genicular_artery,True,1.0
http://bioontology.org/projects/ontologies/fma/fmaOwlDlComponent_2_0#Rostrum_of_corpus_callosum,http://www.ihtsdo.org/snomed#Structure_of_rostrum_of_corpus_callosum,True,1.0
http://bioontology.org/projects/ontologies/fma/fmaOwlDlComponent_2_0#Pharyngeal_raphe,http://www.ihtsdo.org/snomed#Structure_of_pharyngeal_raphe,True,1.0
http://bioontology.org/projects/ontologies/fma/fmaOwlDlComponent_2_0#Metacarpophalangeal_joint_of_ring_finger,http://www.ihtsdo.org/snomed#Metacarpophalangeal_joint_structure_of_ring_finger,True,1.0
http://bioontology.org/projects/ontologies/fma/fmaOwlDlComponent_2_0#Lateral_margin_of_kidney,http://www.ihtsdo.org/snomed#Structure_of_lateral_border_of_kidney,True,1.0
http://bioontology.org/projects/ontologies/fma/fmaOwlDlComponent_2_0#Lumbar_lymph_node,http://www.ihtsdo.org/snomed#Structure_of_lumbar_lymph_node,False,1.0
http://bioontology.org/projects/ontologies/fma/fmaOwlDlComponent_2_0#Deep_fascia_of_penis,http://www.ihtsdo.org/snomed#Structure_of_deep_penile_fascia,True,1.0
http://bioontology.org/projects/ontologies/fma/fmaOwlDlComponent_2_0#Neutrophil,http://www.ihtsdo.org/snomed#Polymorphonuclear_leukocyte,True,1.0
http://bioontology.org/projects/ontologies/fma/fmaOwlDlComponent_2_0#Mucosa_of_small_intestine,http://www.ihtsdo.org/snomed#Small_intestine_mucous_membrane_structure,True,1.0
http://bioontology.org/projects/ontologies/fma/fmaOwlDlComponent_2_0#Esophageal_vein,http://www.ihtsdo.org/snomed#Structure_of_esophageal_vein,True,1.0
http://bioontology.org/projects/ontologies/fma/fmaOwlDlComponent_2_0#Pulvinar,http://www.ihtsdo.org/snomed#Pulvinar_structure,True,1.0
http://bioontology.org/projects/ontologies/fma/fmaOwlDlComponent_2_0#Medial_surface_of_great_toe,http://www.ihtsdo.org/snomed#Structure_of_medial_surface_of_great_toe,True,1.0
http://bioontology.org/projects/ontologies/fma/fmaOwlDlComponent_2_0#Prelaminar_part_of_intra_ocular_part_of_optic_nerve,http://www.ihtsdo.org/snomed#Structure_of_prelaminar_part_of_optic_nerve,True,1.0
http://bioontology.org/projects/ontologies/fma/fmaOwlDlComponent_2_0#Sigmoid_mesocolon,http://www.ihtsdo.org/snomed#Structure_of_mesentery_of_sigmoid_colon,True,1.0
http://bioontology.org/projects/ontologies/fma/fmaOwlDlComponent_2_0#Distal_epiphysis_of_phalanx_of_ring_finger,http://www.ihtsdo.org/snomed#Structure_of_distal_phalanx_of_ring_finger,True,1.0
http://bioontology.org/projects/ontologies/fma/fmaOwlDlComponent_2_0#Renal_pyramid,http://www.ihtsdo.org/snomed#Renal_pyramid_structure,True,1.0
http://bioontology.org/projects/ontologies/fma/fmaOwlDlComponent_2_0#Set_of_meridional_fibers_of_ciliary_muscle,http://www.ihtsdo.org/snomed#Structure_of_meridional_fibers_of_ciliary_muscle,True,1.0
http://bioontology.org/projects/ontologies/fma/fmaOwlDlComponent_2_0#Region_of_plantar_aponeurosis,http://www.ihtsdo.org/snomed#Part_of_plantar_aponeurosis,True,1.0
http://bioontology.org/projects/ontologies/fma/fmaOwlDlComponent_2_0#Styloid_process_of_radius,http://www.ihtsdo.org/snomed#Structure_of_styloid_process_of_radius,True,1.0
http://bioontology.org/projects/ontologies/fma/fmaOwlDlComponent_2_0#Posterior_tibial_recurrent_artery,http://www.ihtsdo.org/snomed#Structure_of_posterior_recurrent_tibial_artery,True,1.0
http://bioontology.org/projects/ontologies/fma/fmaOwlDlComponent_2_0#Right_medial_basal_bronchopulmonary_segment,http://www.ihtsdo.org/snomed#Structure_of_medial_basal_segment_of_right_lower_lobe_of_lung,True,1.0
http://bioontology.org/projects/ontologies/fma/fmaOwlDlComponent_2_0#Subscapular_nerve,http://www.ihtsdo.org/snomed#Structure_of_subscapular_nerve,True,1.0
http://bioontology.org/projects/ontologies/fma/fmaOwlDlComponent_2_0#Obturator_lymph_node,http://www.ihtsdo.org/snomed#Structure_of_obturator_lymph_node,True,1.0
http://bioontology.org/projects/ontologies/fma/fmaOwlDlComponent_2_0#Dorsal_surface_of_index_finger,http://www.ihtsdo.org/snomed#Structure_of_dorsal_surface_of_index_finger,False,1.0
http://bioontology.org/projects/ontologies/fma/fmaOwlDlComponent_2_0#Abducens_nucleus,http://www.ihtsdo.org/snomed#Structure_of_abducens_nucleus,True,1.0
http://bioontology.org/projects/ontologies/fma/fmaOwlDlComponent_2_0#Paraaortic_body,http://www.ihtsdo.org/snomed#Structure_of_paraaortic_body,True,1.0
http://bioontology.org/projects/ontologies/fma/fmaOwlDlComponent_2_0#Nerve_fiber_layer_of_retina,http://www.ihtsdo.org/snomed#Structure_of_nerve_fiber_layer_of_retina,True,1.0
http://bioontology.org/projects/ontologies/fma/fmaOwlDlComponent_2_0#Ethmoidal_vein,http://www.ihtsdo.org/snomed#Structure_of_ethmoidal_vein,True,1.0
http://bioontology.org/projects/ontologies/fma/fmaOwlDlComponent_2_0#Chorion,http://www.ihtsdo.org/snomed#Chorionic_structure,True,1.0
http://bioontology.org/projects/ontologies/fma/fmaOwlDlComponent_2_0#Renal_tubule,http://www.ihtsdo.org/snomed#Renal_tubule_structure,True,1.0
http://bioontology.org/projects/ontologies/fma/fmaOwlDlComponent_2_0#Posterior_surface_of_forearm,http://www.ihtsdo.org/snomed#Structure_of_posterior_surface_of_forearm,True,1.0
http://bioontology.org/projects/ontologies/fma/fmaOwlDlComponent_2_0#Seventh_cervical_vertebral_arch,http://www.ihtsdo.org/snomed#Structure_of_arch_of_seventh_cervical_vertebra,True,1.0
http://bioontology.org/projects/ontologies/fma/fmaOwlDlComponent_2_0#Proximal_epiphysis_of_third_metatarsal_bone,http://www.ihtsdo.org/snomed#Structure_of_proximal_third_of_shaft_of_bone,False,1.0
http://bioontology.org/projects/ontologies/fma/fmaOwlDlComponent_2_0#Hepatovenous_segment_VI,http://www.ihtsdo.org/snomed#Couinaud_hepatic_segment_VI,True,1.0
http://bioontology.org/projects/ontologies/fma/fmaOwlDlComponent_2_0#Left_eye,http://www.ihtsdo.org/snomed#Left_eye_structure,True,1.0
http://bioontology.org/projects/ontologies/fma/fmaOwlDlComponent_2_0#Postcentral_sulcus,http://www.ihtsdo.org/snomed#Structure_of_postcentral_sulcus,True,1.0
http://bioontology.org/projects/ontologies/fma/fmaOwlDlComponent_2_0#Dorsolateral_sulcus_of_medulla_oblongata,http://www.ihtsdo.org/snomed#Medulla_oblongata_dorsal_lateral_sulcus,True,1.0
http://bioontology.org/projects/ontologies/fma/fmaOwlDlComponent_2_0#Proximal_epiphysis_of_ulna,http://www.ihtsdo.org/snomed#Structure_of_head_of_ulna,False,1.0
http://bioontology.org/projects/ontologies/fma/fmaOwlDlComponent_2_0#Lateral_wall_of_urinary_bladder,http://www.ihtsdo.org/snomed#Structure_of_lateral_wall_of_urinary_bladder,True,1.0
http://bioontology.org/projects/ontologies/fma/fmaOwlDlComponent_2_0#Septum_secundum,http://www.ihtsdo.org/snomed#Structure_of_septum_secundum,True,1.0
http://bioontology.org/projects/ontologies/fma/fmaOwlDlComponent_2_0#Cartilage_of_external_acoustic_meatus,http://www.ihtsdo.org/snomed#Structure_of_cartilage_of_auditory_canal,True,1.0
http://bioontology.org/projects/ontologies/fma/fmaOwlDlComponent_2_0#Left_palatine_tonsil,http://www.ihtsdo.org/snomed#Left_faucial_tonsil_structure,True,1.0
http://bioontology.org/projects/ontologies/fma/fmaOwlDlComponent_2_0#Set_of_peroneal_veins,http://www.ihtsdo.org/snomed#Structure_of_peroneal_vein,False,1.0
http://bioontology.org/projects/ontologies/fma/fmaOwlDlComponent_2_0#Cardiac_vein,http://www.ihtsdo.org/snomed#Structure_of_cardiac_vein,True,1.0
http://bioontology.org/projects/ontologies/fma/fmaOwlDlComponent_2_0#Parotid_branch_of_auriculotemporal_nerve,http://www.ihtsdo.org/snomed#Parotid_branch_of_auriculotemporal_nerve,True,1.0
http://bioontology.org/projects/ontologies/fma/fmaOwlDlComponent_2_0#Lens_substance,http://www.ihtsdo.org/snomed#Structure_of_substance_of_lens,True,1.0
http://bioontology.org/projects/ontologies/fma/fmaOwlDlComponent_2_0#Palmar_surface_of_finger,http://www.ihtsdo.org/snomed#Structure_of_palmar_surface_of_finger,True,1.0
http://bioontology.org/projects/ontologies/fma/fmaOwlDlComponent_2_0#Areola,http://www.ihtsdo.org/snomed#Areola_structure,True,1.0
http://bioontology.org/projects/ontologies/fma/fmaOwlDlComponent_2_0#Lateral_hypothalamic_nucleus,http://www.ihtsdo.org/snomed#Structure_of_lateral_hypothalamic_nucleus,True,1.0
http://bioontology.org/projects/ontologies/fma/fmaOwlDlComponent_2_0#Tributary_of_uterine_vein,http://www.ihtsdo.org/snomed#Structure_of_tributary_of_uterine_vein,True,1.0
http://bioontology.org/projects/ontologies/fma/fmaOwlDlComponent_2_0#Ventral_gray_column_of_spinal_cord,http://www.ihtsdo.org/snomed#Structure_of_anterior_gray_horn_of_spinal_cord,True,1.0
http://bioontology.org/projects/ontologies/fma/fmaOwlDlComponent_2_0#Periamygdaloid_area,http://www.ihtsdo.org/snomed#Gyrus_semilunaris,True,1.0
http://bioontology.org/projects/ontologies/fma/fmaOwlDlComponent_2_0#Cavity_of_body_of_uterus,http://www.ihtsdo.org/snomed#Endometrial_cavity_structure,True,1.0
http://bioontology.org/projects/ontologies/fma/fmaOwlDlComponent_2_0#Suprahyoid_muscle,http://www.ihtsdo.org/snomed#Structure_of_suprahyoid_muscle,False,1.0
http://bioontology.org/projects/ontologies/fma/fmaOwlDlComponent_2_0#Set_of_medial_common_iliac_lymph_nodes,http://www.ihtsdo.org/snomed#Structure_of_medial_common_iliac_lymph_node,False,1.0
http://bioontology.org/projects/ontologies/fma/fmaOwlDlComponent_2_0#Humeral_head_of_pronator_teres,http://www.ihtsdo.org/snomed#Structure_of_ulnar_head_of_pronator_teres_muscle,True,1.0
http://bioontology.org/projects/ontologies/fma/fmaOwlDlComponent_2_0#Palatine_bone,http://www.ihtsdo.org/snomed#Palatine_bone_structure,True,1.0
http://bioontology.org/projects/ontologies/fma/fmaOwlDlComponent_2_0#Set_of_olfactory_nerves,http://www.ihtsdo.org/snomed#Olfactory_nerve_structure,True,1.0
http://bioontology.org/projects/ontologies/fma/fmaOwlDlComponent_2_0#Episcleral_layer_of_eyeball,http://www.ihtsdo.org/snomed#Structure_of_lamina_episcleralis,True,1.0
http://bioontology.org/projects/ontologies/fma/fmaOwlDlComponent_2_0#Cardiac_sphincter,http://www.ihtsdo.org/snomed#Inferior_esophageal_sphincter_structure,True,1.0
http://bioontology.org/projects/ontologies/fma/fmaOwlDlComponent_2_0#Auricle_of_heart,http://www.ihtsdo.org/snomed#Structure_of_auricular_appendage,True,1.0
http://bioontology.org/projects/ontologies/fma/fmaOwlDlComponent_2_0#Bronchopulmonary_segment,http://www.ihtsdo.org/snomed#Bronchopulmonary_segment_structure,True,1.0
http://bioontology.org/projects/ontologies/fma/fmaOwlDlComponent_2_0#Skin_of_upper_lip,http://www.ihtsdo.org/snomed#Skin_structure_of_upper_lip,True,1.0
http://bioontology.org/projects/ontologies/fma/fmaOwlDlComponent_2_0#Medial_cutaneous_nerve_of_arm,http://www.ihtsdo.org/snomed#Structure_of_medial_cutaneous_nerve_of_arm,True,1.0
http://bioontology.org/projects/ontologies/fma/fmaOwlDlComponent_2_0#Paraventricular_nucleus_of_hypothalamus,http://www.ihtsdo.org/snomed#Structure_of_paraventricular_nucleus,True,1.0
http://bioontology.org/projects/ontologies/fma/fmaOwlDlComponent_2_0#Cingulate_sulcus,http://www.ihtsdo.org/snomed#Structure_of_cingulate_sulcus,True,1.0
http://bioontology.org/projects/ontologies/fma/fmaOwlDlComponent_2_0#Long_limb_of_incus,http://www.ihtsdo.org/snomed#Structure_of_long_process_of_incus,True,1.0
http://bioontology.org/projects/ontologies/fma/fmaOwlDlComponent_2_0#Short_gastric_vein,http://www.ihtsdo.org/snomed#Structure_of_short_gastric_vein,True,1.0
http://bioontology.org/projects/ontologies/fma/fmaOwlDlComponent_2_0#Uterine_extremity_of_ovary,http://www.ihtsdo.org/snomed#Structure_of_uterine_end_of_ovary,True,1.0
http://bioontology.org/projects/ontologies/fma/fmaOwlDlComponent_2_0#Pancreatic_duct,http://www.ihtsdo.org/snomed#Pancreatic_duct_structure,True,1.0
http://bioontology.org/projects/ontologies/fma/fmaOwlDlComponent_2_0#Medial_segmental_bronchus,http://www.ihtsdo.org/snomed#Structure_of_right_middle_lobe_medial_segmental_bronchus,True,1.0
http://bioontology.org/projects/ontologies/fma/fmaOwlDlComponent_2_0#Right_coronary_artery,http://www.ihtsdo.org/snomed#Right_coronary_artery_structure,True,1.0
http://bioontology.org/projects/ontologies/fma/fmaOwlDlComponent_2_0#Insular_vein,http://www.ihtsdo.org/snomed#Structure_of_insular_vein,True,1.0
http://bioontology.org/projects/ontologies/fma/fmaOwlDlComponent_2_0#Postlaminar_part_of_intra_ocular_part_of_optic_nerve,http://www.ihtsdo.org/snomed#Structure_of_postlaminar_part_of_optic_nerve,True,1.0
http://bioontology.org/projects/ontologies/fma/fmaOwlDlComponent_2_0#Ninth_thoracic_vertebral_arch,http://www.ihtsdo.org/snomed#Structure_of_arch_of_ninth_thoracic_vertebra,True,1.0
http://bioontology.org/projects/ontologies/fma/fmaOwlDlComponent_2_0#Deep_brachial_artery,http://www.ihtsdo.org/snomed#Structure_of_deep_brachial_artery,False,1.0
http://bioontology.org/projects/ontologies/fma/fmaOwlDlComponent_2_0#Right_sphenoidal_sinus,http://www.ihtsdo.org/snomed#Right_sphenoid_sinus_structure,True,1.0
http://bioontology.org/projects/ontologies/fma/fmaOwlDlComponent_2_0#Inferior_hypogastric_nerve_plexus,http://www.ihtsdo.org/snomed#Inferior_hypogastric_plexus_structure,True,1.0
http://bioontology.org/projects/ontologies/fma/fmaOwlDlComponent_2_0#Serratus_anterior,http://www.ihtsdo.org/snomed#Structure_of_serratus_anterior_muscle,True,1.0
http://bioontology.org/projects/ontologies/fma/fmaOwlDlComponent_2_0#Deep_facial_vein,http://www.ihtsdo.org/snomed#Structure_of_deep_facial_vein,True,1.0
http://bioontology.org/projects/ontologies/fma/fmaOwlDlComponent_2_0#Set_of_intrarenal_veins,http://www.ihtsdo.org/snomed#Structure_of_renal_vein,False,1.0
http://bioontology.org/projects/ontologies/fma/fmaOwlDlComponent_2_0#Subcutaneous_prepatellar_bursa,http://www.ihtsdo.org/snomed#Structure_of_subcutaneous_prepatellar_bursa,True,1.0
http://bioontology.org/projects/ontologies/fma/fmaOwlDlComponent_2_0#Apex_of_tongue,http://www.ihtsdo.org/snomed#Structure_of_tip_of_tongue,True,1.0
http://bioontology.org/projects/ontologies/fma/fmaOwlDlComponent_2_0#Set_of_plantar_surfaces_of_toes,http://www.ihtsdo.org/snomed#Structure_of_plantar_surface_of_toe,True,1.0
http://bioontology.org/projects/ontologies/fma/fmaOwlDlComponent_2_0#Sacro_iliac_joint,http://www.ihtsdo.org/snomed#Sacroiliac_joint_structure,True,1.0
http://bioontology.org/projects/ontologies/fma/fmaOwlDlComponent_2_0#Tuber_cinereum,http://www.ihtsdo.org/snomed#Tuber_cinereum_structure,True,1.0
http://bioontology.org/projects/ontologies/fma/fmaOwlDlComponent_2_0#Fourth_metacarpal_bone,http://www.ihtsdo.org/snomed#Bone_structure_of_fourth_metacarpal,True,1.0
http://bioontology.org/projects/ontologies/fma/fmaOwlDlComponent_2_0#Central,http://www.ihtsdo.org/snomed#Central,False,1.0
http://bioontology.org/projects/ontologies/fma/fmaOwlDlComponent_2_0#Synovial_tendon_sheath_of_extensor_pollicis_longus,http://www.ihtsdo.org/snomed#Structure_of_extensor_pollicis_longus_muscle_tendon_sheath,True,1.0
http://bioontology.org/projects/ontologies/fma/fmaOwlDlComponent_2_0#Body_of_tenth_rib,http://www.ihtsdo.org/snomed#Structure_of_shaft_of_tenth_rib,True,1.0
http://bioontology.org/projects/ontologies/fma/fmaOwlDlComponent_2_0#Colic_flexure,http://www.ihtsdo.org/snomed#Structure_of_colic_flexure,True,1.0
http://bioontology.org/projects/ontologies/fma/fmaOwlDlComponent_2_0#Superior_articular_process_of_second_thoracic_vertebra,http://www.ihtsdo.org/snomed#Structure_of_superior_articular_process_of_second_thoracic_vertebra,True,1.0
http://bioontology.org/projects/ontologies/fma/fmaOwlDlComponent_2_0#Tendon_of_gluteus_minimus,http://www.ihtsdo.org/snomed#Structure_of_tendon_of_gluteus_minimus,True,1.0
http://bioontology.org/projects/ontologies/fma/fmaOwlDlComponent_2_0#Olfactory_trigone,http://www.ihtsdo.org/snomed#Structure_of_olfactory_trigone,True,1.0
http://bioontology.org/projects/ontologies/fma/fmaOwlDlComponent_2_0#Hepatic_duct_of_caudate_lobe,http://www.ihtsdo.org/snomed#Tributary_of_right_hepatic_duct,False,1.0
http://bioontology.org/projects/ontologies/fma/fmaOwlDlComponent_2_0#Body_of_first_thoracic_vertebra,http://www.ihtsdo.org/snomed#Structure_of_body_of_first_thoracic_vertebra,True,1.0
http://bioontology.org/projects/ontologies/fma/fmaOwlDlComponent_2_0#Nail_of_middle_finger,http://www.ihtsdo.org/snomed#Structure_of_nail_of_middle_finger,True,1.0
http://bioontology.org/projects/ontologies/fma/fmaOwlDlComponent_2_0#Angular_vein,http://www.ihtsdo.org/snomed#Structure_of_angular_vein,True,1.0
http://bioontology.org/projects/ontologies/fma/fmaOwlDlComponent_2_0#Membranous_part_of_interventricular_septum,http://www.ihtsdo.org/snomed#Structure_of_membranous_portion_of_interventricular_septum,True,1.0
http://bioontology.org/projects/ontologies/fma/fmaOwlDlComponent_2_0#Lateral_crus_of_superficial_inguinal_ring,http://www.ihtsdo.org/snomed#Structure_of_lateral_crus_of_superficial_inguinal_ring,True,1.0
http://bioontology.org/projects/ontologies/fma/fmaOwlDlComponent_2_0#Anulus_fibrosus_of_intervertebral_disk_of_thoracic_vertebra,http://www.ihtsdo.org/snomed#Structure_of_anulus_fibrosus_of_intervertebral_disc_of_tenth_thoracic_vertebra,False,1.0
http://bioontology.org/projects/ontologies/fma/fmaOwlDlComponent_2_0#Carotid_sinus_nerve,http://www.ihtsdo.org/snomed#Carotid_sinus_nerve,True,1.0
http://bioontology.org/projects/ontologies/fma/fmaOwlDlComponent_2_0#Region_of_serous_membrane,http://www.ihtsdo.org/snomed#Serous_membrane_part,True,1.0
http://bioontology.org/projects/ontologies/fma/fmaOwlDlComponent_2_0#Articular_facet_of_atlas,http://www.ihtsdo.org/snomed#Structure_of_articular_facet_of_atlas,True,1.0
http://bioontology.org/projects/ontologies/fma/fmaOwlDlComponent_2_0#Prefrontal_vein,http://www.ihtsdo.org/snomed#Prefrontal_vein,True,1.0
http://bioontology.org/projects/ontologies/fma/fmaOwlDlComponent_2_0#Apicoposterior_bronchopulmonary_segment,http://www.ihtsdo.org/snomed#Structure_of_apicoposterior_segment_of_upper_division_of_left_upper_lobe_of_lung,True,1.0
http://bioontology.org/projects/ontologies/fma/fmaOwlDlComponent_2_0#Ventral_posteroinferior_nucleus,http://www.ihtsdo.org/snomed#Structure_of_ventral_posterior_inferior_nucleus,True,1.0
http://bioontology.org/projects/ontologies/fma/fmaOwlDlComponent_2_0#Ventral_funiculus_of_spinal_cord,http://www.ihtsdo.org/snomed#Ventral_funiculus_structure,True,1.0
http://bioontology.org/projects/ontologies/fma/fmaOwlDlComponent_2_0#Common_bile_duct,http://www.ihtsdo.org/snomed#Common_bile_duct_structure,True,1.0
http://bioontology.org/projects/ontologies/fma/fmaOwlDlComponent_2_0#Arch_of_aorta,http://www.ihtsdo.org/snomed#Aortic_arch_structure,True,1.0
http://bioontology.org/projects/ontologies/fma/fmaOwlDlComponent_2_0#Ciliary_ganglion,http://www.ihtsdo.org/snomed#Structure_of_ciliary_ganglion,True,1.0
http://bioontology.org/projects/ontologies/fma/fmaOwlDlComponent_2_0#Reticular_formation,http://www.ihtsdo.org/snomed#Reticular_formation_structure,True,1.0
http://bioontology.org/projects/ontologies/fma/fmaOwlDlComponent_2_0#Mental_artery,http://www.ihtsdo.org/snomed#Structure_of_mental_artery,True,1.0
http://bioontology.org/projects/ontologies/fma/fmaOwlDlComponent_2_0#Plantar_cuneonavicular_ligament,http://www.ihtsdo.org/snomed#Structure_of_plantar_cuneonavicular_ligament,True,1.0
http://bioontology.org/projects/ontologies/fma/fmaOwlDlComponent_2_0#Set_of_ulnar_veins,http://www.ihtsdo.org/snomed#Structure_of_ulnar_vein,False,1.0
http://bioontology.org/projects/ontologies/fma/fmaOwlDlComponent_2_0#Pericardial_vein,http://www.ihtsdo.org/snomed#Structure_of_pericardial_vein,False,1.0
http://bioontology.org/projects/ontologies/fma/fmaOwlDlComponent_2_0#Laryngeal_prominence,http://www.ihtsdo.org/snomed#Laryngeal_prominence_structure,True,1.0
http://bioontology.org/projects/ontologies/fma/fmaOwlDlComponent_2_0#Femoral_fossa,http://www.ihtsdo.org/snomed#Structure_of_femoral_fossa,True,1.0
http://bioontology.org/projects/ontologies/fma/fmaOwlDlComponent_2_0#Medial_condyle_of_tibia,http://www.ihtsdo.org/snomed#Structure_of_medial_condyle_of_tibia,True,1.0
http://bioontology.org/projects/ontologies/fma/fmaOwlDlComponent_2_0#Tunica_albuginea_of_ovary,http://www.ihtsdo.org/snomed#Structure_of_tunica_albuginea_of_ovary,True,1.0
http://bioontology.org/projects/ontologies/fma/fmaOwlDlComponent_2_0#First_posterior_intercostal_artery,http://www.ihtsdo.org/snomed#Structure_of_first_posterior_intercostal_artery,True,1.0
http://bioontology.org/projects/ontologies/fma/fmaOwlDlComponent_2_0#Glomerular_mesangium,http://www.ihtsdo.org/snomed#Structure_of_glomerular_mesangium,True,1.0
http://bioontology.org/projects/ontologies/fma/fmaOwlDlComponent_2_0#Anterior_mediastinum,http://www.ihtsdo.org/snomed#Artery_of_mediastinum,False,1.0
http://bioontology.org/projects/ontologies/fma/fmaOwlDlComponent_2_0#Skin_of_nipple,http://www.ihtsdo.org/snomed#Nipple_part,True,1.0
http://bioontology.org/projects/ontologies/fma/fmaOwlDlComponent_2_0#Set_of_eyelashes,http://www.ihtsdo.org/snomed#Structure_of_eyelash,False,1.0
http://bioontology.org/projects/ontologies/fma/fmaOwlDlComponent_2_0#Muscular_branch_of_ulnar_nerve,http://www.ihtsdo.org/snomed#Structure_of_ulnar_nerve_muscular_branches,True,1.0
http://bioontology.org/projects/ontologies/fma/fmaOwlDlComponent_2_0#Head_of_malleus,http://www.ihtsdo.org/snomed#Structure_of_head_of_malleus,True,1.0
http://bioontology.org/projects/ontologies/fma/fmaOwlDlComponent_2_0#Metatarsophalangeal_joint_of_little_toe,http://www.ihtsdo.org/snomed#Metatarsophalangeal_joint_structure_of_fifth_toe,True,1.0
http://bioontology.org/projects/ontologies/fma/fmaOwlDlComponent_2_0#Upper_lip,http://www.ihtsdo.org/snomed#Upper_lip_structure,True,1.0
http://bioontology.org/projects/ontologies/fma/fmaOwlDlComponent_2_0#Lateral_surface_of_third_toe,http://www.ihtsdo.org/snomed#Structure_of_lateral_surface_of_third_toe,True,1.0
http://bioontology.org/projects/ontologies/fma/fmaOwlDlComponent_2_0#Set_of_ciliary_muscle_fibers,http://www.ihtsdo.org/snomed#Fiber_of_ciliary_muscle,True,1.0
http://bioontology.org/projects/ontologies/fma/fmaOwlDlComponent_2_0#Pretectal_region,http://www.ihtsdo.org/snomed#Pretectal_area,True,1.0
http://bioontology.org/projects/ontologies/fma/fmaOwlDlComponent_2_0#Body_of_stomach,http://www.ihtsdo.org/snomed#Gastric_corpus_structure,True,1.0
http://bioontology.org/projects/ontologies/fma/fmaOwlDlComponent_2_0#Prostatic_urethra,http://www.ihtsdo.org/snomed#Prostatic_urethra_structure,True,1.0
http://bioontology.org/projects/ontologies/fma/fmaOwlDlComponent_2_0#Distal_portion_of_circumflex_branch_of_left_coronary_artery,http://www.ihtsdo.org/snomed#Structure_of_distal_portion_of_circumflex_branch_of_left_coronary_artery,True,1.0
http://bioontology.org/projects/ontologies/fma/fmaOwlDlComponent_2_0#Superior_articular_process_of_seventh_thoracic_vertebra,http://www.ihtsdo.org/snomed#Structure_of_superior_articular_process_of_seventh_thoracic_vertebra,True,1.0
http://bioontology.org/projects/ontologies/fma/fmaOwlDlComponent_2_0#Least_splanchnic_nerve,http://www.ihtsdo.org/snomed#Splanchnic_nerve,False,1.0
http://bioontology.org/projects/ontologies/fma/fmaOwlDlComponent_2_0#Tributary_of_vertebral_vein,http://www.ihtsdo.org/snomed#Structure_of_tributary_of_vertebral_vein,False,1.0
http://bioontology.org/projects/ontologies/fma/fmaOwlDlComponent_2_0#Neck_of_tenth_rib,http://www.ihtsdo.org/snomed#Structure_of_neck_of_tenth_rib,True,1.0
http://bioontology.org/projects/ontologies/fma/fmaOwlDlComponent_2_0#Subserosa_of_uterine_tube,http://www.ihtsdo.org/snomed#Structure_of_uterine_tubal_subserosa,True,1.0
http://bioontology.org/projects/ontologies/fma/fmaOwlDlComponent_2_0#Set_of_dorsal_intercarpal_ligaments,http://www.ihtsdo.org/snomed#Structure_of_dorsal_intercarpal_ligaments,True,1.0
http://bioontology.org/projects/ontologies/fma/fmaOwlDlComponent_2_0#Transverse_process_of_fourth_cervical_vertebra,http://www.ihtsdo.org/snomed#Structure_of_transverse_process_of_fourth_cervical_vertebra,True,1.0
http://bioontology.org/projects/ontologies/fma/fmaOwlDlComponent_2_0#Intercondylar_eminence_of_tibia,http://www.ihtsdo.org/snomed#Structure_of_intercondylar_spine_of_tibia,True,1.0
http://bioontology.org/projects/ontologies/fma/fmaOwlDlComponent_2_0#Middle_phalanx_of_fourth_toe,http://www.ihtsdo.org/snomed#Structure_of_middle_phalanx_of_fourth_toe,True,1.0
http://bioontology.org/projects/ontologies/fma/fmaOwlDlComponent_2_0#Dorsal_artery_of_clitoris,http://www.ihtsdo.org/snomed#Structure_of_dorsal_artery_of_clitoris,True,1.0
http://bioontology.org/projects/ontologies/fma/fmaOwlDlComponent_2_0#Meningeal_vein,http://www.ihtsdo.org/snomed#Structure_of_meningeal_vein,True,1.0
http://bioontology.org/projects/ontologies/fma/fmaOwlDlComponent_2_0#Inferior_nasal_retinal_artery,http://www.ihtsdo.org/snomed#Structure_of_inferior_nasal_retinal_artery,True,1.0
http://bioontology.org/projects/ontologies/fma/fmaOwlDlComponent_2_0#Set_of_interosseous_intercarpal_ligaments,http://www.ihtsdo.org/snomed#Structure_of_intercarpal_interosseous_ligaments,True,1.0
http://bioontology.org/projects/ontologies/fma/fmaOwlDlComponent_2_0#Lateral_surface_of_leg,http://www.ihtsdo.org/snomed#Structure_of_lateral_surface_of_leg,True,1.0
http://bioontology.org/projects/ontologies/fma/fmaOwlDlComponent_2_0#Set_of_muscular_branches_of_musculocutaneous_nerve,http://www.ihtsdo.org/snomed#Structure_of_musculocutaneous_nerve_muscular_branches,True,1.0
http://bioontology.org/projects/ontologies/fma/fmaOwlDlComponent_2_0#Femoral_vein,http://www.ihtsdo.org/snomed#Femoral_vein_structure,True,1.0
http://bioontology.org/projects/ontologies/fma/fmaOwlDlComponent_2_0#Deep_branch_of_cervical_nerve_plexus,http://www.ihtsdo.org/snomed#Deep_branch_of_cervical_plexus,True,1.0
http://bioontology.org/projects/ontologies/fma/fmaOwlDlComponent_2_0#Lateral_malleolar_arterial_network,http://www.ihtsdo.org/snomed#Lateral_malleolar_arterial_network_structure,True,1.0
http://bioontology.org/projects/ontologies/fma/fmaOwlDlComponent_2_0#Head_of_tenth_rib,http://www.ihtsdo.org/snomed#Structure_of_neck_of_tenth_rib,False,1.0
http://bioontology.org/projects/ontologies/fma/fmaOwlDlComponent_2_0#Thyroidea_ima_artery__variant_,http://www.ihtsdo.org/snomed#Structure_of_thyroidea_ima_artery,True,1.0
http://bioontology.org/projects/ontologies/fma/fmaOwlDlComponent_2_0#Root_of_cervical_plexus,http://www.ihtsdo.org/snomed#Root_of_cervical_plexus,True,1.0
http://bioontology.org/projects/ontologies/fma/fmaOwlDlComponent_2_0#Diaphysis_of_phalanx_of_middle_finger,http://www.ihtsdo.org/snomed#Shaft_of_middle_phalanx_of_middle_finger,True,1.0
http://bioontology.org/projects/ontologies/fma/fmaOwlDlComponent_2_0#Right_crus_of_lumbar_part_of_diaphragm,http://www.ihtsdo.org/snomed#Structure_of_right_crus_of_diaphragm,False,1.0
http://bioontology.org/projects/ontologies/fma/fmaOwlDlComponent_2_0#Anterior_interventricular_sulcus,http://www.ihtsdo.org/snomed#Structure_of_anterior_interventricular_sulcus,True,1.0
http://bioontology.org/projects/ontologies/fma/fmaOwlDlComponent_2_0#Foramen_rotundum,http://www.ihtsdo.org/snomed#Structure_of_foramen_rotundum,True,1.0
http://bioontology.org/projects/ontologies/fma/fmaOwlDlComponent_2_0#Pupillary_margin_of_iris,http://www.ihtsdo.org/snomed#Structure_of_pupillary_margin_of_iris,True,1.0
http://bioontology.org/projects/ontologies/fma/fmaOwlDlComponent_2_0#Anulus_fibrosus_of_intervertebral_disk_of_third_cervical_vertebra,http://www.ihtsdo.org/snomed#Structure_of_anulus_fibrosus_of_intervertebral_disc_of_third_cervical_vertebra,True,1.0
http://bioontology.org/projects/ontologies/fma/fmaOwlDlComponent_2_0#Mucosa_of_tongue,http://www.ihtsdo.org/snomed#Structure_of_mucous_membrane_of_tongue,True,1.0
http://bioontology.org/projects/ontologies/fma/fmaOwlDlComponent_2_0#Celiac_ganglion,http://www.ihtsdo.org/snomed#Celiac_ganglion_structure,True,1.0
http://bioontology.org/projects/ontologies/fma/fmaOwlDlComponent_2_0#Anulus_fibrosus_of_intervertebral_disk_of_eleventh_thoracic_vertebra,http://www.ihtsdo.org/snomed#Structure_of_anulus_fibrosus_of_intervertebral_disc_of_eleventh_thoracic_vertebra,True,1.0
http://bioontology.org/projects/ontologies/fma/fmaOwlDlComponent_2_0#Left_popliteal_artery,http://www.ihtsdo.org/snomed#Left_popliteal_artery_structure,True,1.0
http://bioontology.org/projects/ontologies/fma/fmaOwlDlComponent_2_0#Set_of_anterior_intercostal_veins,http://www.ihtsdo.org/snomed#Tenth_anterior_intercostal_vein,False,1.0
http://bioontology.org/projects/ontologies/fma/fmaOwlDlComponent_2_0#Pubic_tubercle,http://www.ihtsdo.org/snomed#Structure_of_pubic_tubercle,False,1.0
http://bioontology.org/projects/ontologies/fma/fmaOwlDlComponent_2_0#Pelvic_surface_of_sacrum,http://www.ihtsdo.org/snomed#Structure_of_pelvic_aspect_of_sacrum,True,1.0
http://bioontology.org/projects/ontologies/fma/fmaOwlDlComponent_2_0#Alveus_of_hippocampus,http://www.ihtsdo.org/snomed#Structure_of_alveus_of_hippocampus,True,1.0
http://bioontology.org/projects/ontologies/fma/fmaOwlDlComponent_2_0#Parafollicular_cell_of_thyroid_gland,http://www.ihtsdo.org/snomed#Structure_of_thyroid_parafollicular_cell,True,1.0
http://bioontology.org/projects/ontologies/fma/fmaOwlDlComponent_2_0#Fifth_thoracic_vertebral_arch,http://www.ihtsdo.org/snomed#Structure_of_arch_of_fifth_thoracic_vertebra,True,1.0
http://bioontology.org/projects/ontologies/fma/fmaOwlDlComponent_2_0#Distal_epiphysis_of_fourth_metacarpal_bone,http://www.ihtsdo.org/snomed#Structure_of_head_of_fourth_metacarpal_bone,True,1.0
http://bioontology.org/projects/ontologies/fma/fmaOwlDlComponent_2_0#Outer_nuclear_layer_of_retina,http://www.ihtsdo.org/snomed#Structure_of_outer_nuclear_layer_of_retina,True,1.0
http://bioontology.org/projects/ontologies/fma/fmaOwlDlComponent_2_0#Posterior_process_of_septal_nasal_cartilage,http://www.ihtsdo.org/snomed#Structure_of_posterior_process_of_nasal_septal_cartilage,True,1.0
http://bioontology.org/projects/ontologies/fma/fmaOwlDlComponent_2_0#Right_upper_limb,http://www.ihtsdo.org/snomed#Right_upper_extremity_structure,True,1.0
http://bioontology.org/projects/ontologies/fma/fmaOwlDlComponent_2_0#Proximal_epiphysis_of_third_metatarsal_bone,http://www.ihtsdo.org/snomed#Structure_of_base_of_third_metatarsal_bone,True,1.0
http://bioontology.org/projects/ontologies/fma/fmaOwlDlComponent_2_0#Dorsal_nasal_artery,http://www.ihtsdo.org/snomed#Structure_of_dorsal_nasal_artery,True,1.0
http://bioontology.org/projects/ontologies/fma/fmaOwlDlComponent_2_0#Set_of_plantar_intercuneiform_ligaments,http://www.ihtsdo.org/snomed#Structure_of_plantar_intercuneiform_ligaments,True,1.0
http://bioontology.org/projects/ontologies/fma/fmaOwlDlComponent_2_0#Intralaminar_part_of_intra_ocular_part_of_optic_nerve,http://www.ihtsdo.org/snomed#Structure_of_intralaminar_part_of_optic_nerve,True,1.0
http://bioontology.org/projects/ontologies/fma/fmaOwlDlComponent_2_0#Osteocyte,http://www.ihtsdo.org/snomed#Cell_of_bone,True,1.0
http://bioontology.org/projects/ontologies/fma/fmaOwlDlComponent_2_0#Set_of_ciliary_plicae,http://www.ihtsdo.org/snomed#Structure_of_ciliary_plicae,True,1.0
http://bioontology.org/projects/ontologies/fma/fmaOwlDlComponent_2_0#Ninth_intercostal_nerve,http://www.ihtsdo.org/snomed#Ninth_intercostal_nerve,True,1.0
http://bioontology.org/projects/ontologies/fma/fmaOwlDlComponent_2_0#Tendon_of_piriformis,http://www.ihtsdo.org/snomed#Structure_of_tendon_of_piriformis,False,1.0
http://bioontology.org/projects/ontologies/fma/fmaOwlDlComponent_2_0#Finger,http://www.ihtsdo.org/snomed#Digit_of_hand_structure,True,1.0
http://bioontology.org/projects/ontologies/fma/fmaOwlDlComponent_2_0#Substantia_propria_of_sclera,http://www.ihtsdo.org/snomed#Structure_of_substantia_propria_of_sclera,True,1.0
http://bioontology.org/projects/ontologies/fma/fmaOwlDlComponent_2_0#Costotransverse_ligament,http://www.ihtsdo.org/snomed#Costotransverse_ligament_structure,True,1.0
http://bioontology.org/projects/ontologies/fma/fmaOwlDlComponent_2_0#Sternoclavicular_joint,http://www.ihtsdo.org/snomed#Sternoclavicular_joint_structure,True,1.0
http://bioontology.org/projects/ontologies/fma/fmaOwlDlComponent_2_0#Set_of_interphalangeal_joints_of_hand,http://www.ihtsdo.org/snomed#Interphalangeal_joint_of_hand_structure,True,1.0
http://bioontology.org/projects/ontologies/fma/fmaOwlDlComponent_2_0#Mediastinal_artery,http://www.ihtsdo.org/snomed#Structure_of_mediastinal_branch_of_internal_thoracic_artery,True,1.0
http://bioontology.org/projects/ontologies/fma/fmaOwlDlComponent_2_0#Set_of_jejunal_arteries,http://www.ihtsdo.org/snomed#Structure_of_jejunal_artery,False,1.0
http://bioontology.org/projects/ontologies/fma/fmaOwlDlComponent_2_0#Posterior_tympanic_artery,http://www.ihtsdo.org/snomed#Structure_of_posterior_tympanic_artery,False,1.0
http://bioontology.org/projects/ontologies/fma/fmaOwlDlComponent_2_0#Talocalcaneal_interosseous_ligament,http://www.ihtsdo.org/snomed#Structure_of_interosseous_talocalcaneal_ligament,True,1.0
http://bioontology.org/projects/ontologies/fma/fmaOwlDlComponent_2_0#Corpus_luteum_of_pregnancy,http://www.ihtsdo.org/snomed#Corpus_luteum_of_pregnancy,True,1.0
http://bioontology.org/projects/ontologies/fma/fmaOwlDlComponent_2_0#Inferior_medial_genicular_artery,http://www.ihtsdo.org/snomed#Structure_of_inferior_medial_genicular_artery,True,1.0
http://bioontology.org/projects/ontologies/fma/fmaOwlDlComponent_2_0#Anterior_root_of_spinal_nerve,http://www.ihtsdo.org/snomed#Ventral_spinal_nerve_root_structure,True,1.0
http://bioontology.org/projects/ontologies/fma/fmaOwlDlComponent_2_0#Ansa_lenticularis,http://www.ihtsdo.org/snomed#Structure_of_ansa_lenticularis,False,1.0
http://bioontology.org/projects/ontologies/fma/fmaOwlDlComponent_2_0#Basal_cell_layer_of_epidermis,http://www.ihtsdo.org/snomed#Stratum_germinativum_structure,True,1.0
http://bioontology.org/projects/ontologies/fma/fmaOwlDlComponent_2_0#First_dorsal_metacarpal_artery,http://www.ihtsdo.org/snomed#Structure_of_first_dorsal_metacarpal_artery,False,1.0
http://bioontology.org/projects/ontologies/fma/fmaOwlDlComponent_2_0#Set_of_intermediate_external_iliac_lymph_nodes,http://www.ihtsdo.org/snomed#Intermediate_external_iliac_lymph_node,False,1.0
http://bioontology.org/projects/ontologies/fma/fmaOwlDlComponent_2_0#Anterior_tibial_artery,http://www.ihtsdo.org/snomed#Structure_of_anterior_tibial_artery,True,1.0
http://bioontology.org/projects/ontologies/fma/fmaOwlDlComponent_2_0#Parietal_bone,http://www.ihtsdo.org/snomed#Parietal_bone_structure,True,1.0
http://bioontology.org/projects/ontologies/fma/fmaOwlDlComponent_2_0#Lateral_condyle_of_tibia,http://www.ihtsdo.org/snomed#Structure_of_lateral_condyle_of_tibia,True,1.0
http://bioontology.org/projects/ontologies/fma/fmaOwlDlComponent_2_0#Nucleus_pulposus_of_intervertebral_disk_of_lumbar_vertebra,http://www.ihtsdo.org/snomed#Structure_of_nucleus_pulposus_of_intervertebral_disc_of_lumbar_vertebra,True,1.0
http://bioontology.org/projects/ontologies/fma/fmaOwlDlComponent_2_0#Pulmonary_alveolus,http://www.ihtsdo.org/snomed#Pulmonary_alveolar_structure,True,1.0
http://bioontology.org/projects/ontologies/fma/fmaOwlDlComponent_2_0#Skin_of_lower_lip,http://www.ihtsdo.org/snomed#Skin_structure_of_lower_lip,True,1.0
http://bioontology.org/projects/ontologies/fma/fmaOwlDlComponent_2_0#Set_of_bursae_of_lower_limb,http://www.ihtsdo.org/snomed#Structure_of_bursa_of_lower_limb,False,1.0
http://bioontology.org/projects/ontologies/fma/fmaOwlDlComponent_2_0#Superficial_branch_of_radial_nerve,http://www.ihtsdo.org/snomed#Structure_of_radial_nerve_superficial_branch,True,1.0
http://bioontology.org/projects/ontologies/fma/fmaOwlDlComponent_2_0#Posterior_talofibular_ligament,http://www.ihtsdo.org/snomed#Structure_of_posterior_talofibular_ligament,False,1.0
http://bioontology.org/projects/ontologies/fma/fmaOwlDlComponent_2_0#Occipital_diploic_vein,http://www.ihtsdo.org/snomed#Structure_of_occipital_diploic_vein,False,1.0
http://bioontology.org/projects/ontologies/fma/fmaOwlDlComponent_2_0#Cerebral_arterial_circle,http://www.ihtsdo.org/snomed#Artery_of_circle_of_Willis,True,1.0
http://bioontology.org/projects/ontologies/fma/fmaOwlDlComponent_2_0#Thyrotropin_releasing_factor,http://www.ihtsdo.org/snomed#Thyrotropin_releasing_factor,True,1.0
http://bioontology.org/projects/ontologies/fma/fmaOwlDlComponent_2_0#Lateral_semicircular_canal,http://www.ihtsdo.org/snomed#Structure_of_lateral_semicircular_canal,False,1.0
http://bioontology.org/projects/ontologies/fma/fmaOwlDlComponent_2_0#Set_of_accessory_phrenic_nerves,http://www.ihtsdo.org/snomed#Structure_of_accessory_phrenic_nerves,True,1.0
http://bioontology.org/projects/ontologies/fma/fmaOwlDlComponent_2_0#Popliteal_vein,http://www.ihtsdo.org/snomed#Structure_of_popliteal_vein,True,1.0
http://bioontology.org/projects/ontologies/fma/fmaOwlDlComponent_2_0#Thyroglossal_duct,http://www.ihtsdo.org/snomed#Structure_of_thyroglossal_duct,True,1.0
http://bioontology.org/projects/ontologies/fma/fmaOwlDlComponent_2_0#Hypogastric_nerve,http://www.ihtsdo.org/snomed#Structure_of_hypogastric_nerves,True,1.0
http://bioontology.org/projects/ontologies/fma/fmaOwlDlComponent_2_0#Ileal_vein,http://www.ihtsdo.org/snomed#Ileal_vein_structure,True,1.0
http://bioontology.org/projects/ontologies/fma/fmaOwlDlComponent_2_0#Lumbar_vein,http://www.ihtsdo.org/snomed#Structure_of_lumbar_vein,True,1.0
http://bioontology.org/projects/ontologies/fma/fmaOwlDlComponent_2_0#Aortic_isthmus,http://www.ihtsdo.org/snomed#Structure_of_aortic_isthmus,True,1.0
http://bioontology.org/projects/ontologies/fma/fmaOwlDlComponent_2_0#Carpometacarpal_joint,http://www.ihtsdo.org/snomed#Carpometacarpal_joint_structure,True,1.0
http://bioontology.org/projects/ontologies/fma/fmaOwlDlComponent_2_0#Left_internal_carotid_artery,http://www.ihtsdo.org/snomed#Structure_of_left_internal_carotid_artery,True,1.0
http://bioontology.org/projects/ontologies/fma/fmaOwlDlComponent_2_0#Lobar_renal_artery,http://www.ihtsdo.org/snomed#Structure_of_left_renal_artery,False,1.0
http://bioontology.org/projects/ontologies/fma/fmaOwlDlComponent_2_0#Midcarpal_joint,http://www.ihtsdo.org/snomed#Midcarpal_joint_structure,True,1.0
http://bioontology.org/projects/ontologies/fma/fmaOwlDlComponent_2_0#Set_of_tracheal_veins,http://www.ihtsdo.org/snomed#Structure_of_tracheal_vein,True,1.0
http://bioontology.org/projects/ontologies/fma/fmaOwlDlComponent_2_0#Superficial_cardiac_nerve_plexus,http://www.ihtsdo.org/snomed#Superficial_cardiac_plexus,False,1.0
http://bioontology.org/projects/ontologies/fma/fmaOwlDlComponent_2_0#Mesovarium,http://www.ihtsdo.org/snomed#Structure_of_mesovarium,True,1.0
http://bioontology.org/projects/ontologies/fma/fmaOwlDlComponent_2_0#Interspinalis_cervicis,http://www.ihtsdo.org/snomed#Structure_of_interspinalis_cervicis_muscle,True,1.0
http://bioontology.org/projects/ontologies/fma/fmaOwlDlComponent_2_0#Tibial_tuberosity,http://www.ihtsdo.org/snomed#Structure_of_tibial_tuberosity,True,1.0
http://bioontology.org/projects/ontologies/fma/fmaOwlDlComponent_2_0#Set_of_branches_of_right_coronary_artery,http://www.ihtsdo.org/snomed#Branch_of_right_coronary_artery,True,1.0
http://bioontology.org/projects/ontologies/fma/fmaOwlDlComponent_2_0#Anterior_papillary_muscle_of_right_ventricle,http://www.ihtsdo.org/snomed#Structure_of_anterior_papillary_muscle_of_right_ventricle,True,1.0
http://bioontology.org/projects/ontologies/fma/fmaOwlDlComponent_2_0#Male_urethra,http://www.ihtsdo.org/snomed#Male_urethral_structure,True,1.0
http://bioontology.org/projects/ontologies/fma/fmaOwlDlComponent_2_0#Cuboid_bone,http://www.ihtsdo.org/snomed#Bone_structure_of_cuboid,True,1.0
http://bioontology.org/projects/ontologies/fma/fmaOwlDlComponent_2_0#Set_of_mastoid_cells,http://www.ihtsdo.org/snomed#Structure_of_mastoid_cell,False,1.0
http://bioontology.org/projects/ontologies/fma/fmaOwlDlComponent_2_0#Thymic_artery,http://www.ihtsdo.org/snomed#Structure_of_thymic_branch_of_internal_thoracic_artery,True,1.0
http://bioontology.org/projects/ontologies/fma/fmaOwlDlComponent_2_0#Branch_of_inferior_branch_of_oculomotor_nerve,http://www.ihtsdo.org/snomed#Structure_of_inferior_branch_of_oculomotor_nerve,True,1.0
http://bioontology.org/projects/ontologies/fma/fmaOwlDlComponent_2_0#Set_of_dorsal_metacarpal_ligaments,http://www.ihtsdo.org/snomed#Structure_of_dorsal_metacarpal_ligaments,True,1.0
http://bioontology.org/projects/ontologies/fma/fmaOwlDlComponent_2_0#Right_superior_segmental_bronchus,http://www.ihtsdo.org/snomed#Structure_of_right_lower_lobe_apical_segmental_bronchus,True,1.0
http://bioontology.org/projects/ontologies/fma/fmaOwlDlComponent_2_0#Posterior_labial_artery,http://www.ihtsdo.org/snomed#Structure_of_posterior_labial_branch_of_internal_pudendal_artery,True,1.0
http://bioontology.org/projects/ontologies/fma/fmaOwlDlComponent_2_0#Meningeal_branch_of_ascending_pharyngeal_artery,http://www.ihtsdo.org/snomed#Structure_of_meningeal_branch_of_ascending_pharyngeal_artery,True,1.0
http://bioontology.org/projects/ontologies/fma/fmaOwlDlComponent_2_0#Fascia_of_trunk,http://www.ihtsdo.org/snomed#Structure_of_fascia_of_trunk,True,1.0
http://bioontology.org/projects/ontologies/fma/fmaOwlDlComponent_2_0#Fasciolar_gyrus,http://www.ihtsdo.org/snomed#Structure_of_fasciolar_gyrus,False,1.0
http://bioontology.org/projects/ontologies/fma/fmaOwlDlComponent_2_0#Common_fibular_nerve,http://www.ihtsdo.org/snomed#Structure_of_common_peroneal_nerve,True,1.0
http://bioontology.org/projects/ontologies/fma/fmaOwlDlComponent_2_0#Skin_of_lower_eyelid,http://www.ihtsdo.org/snomed#Skin_structure_of_lower_eyelid,True,1.0
http://bioontology.org/projects/ontologies/fma/fmaOwlDlComponent_2_0#Parenchyma_of_kidney,http://www.ihtsdo.org/snomed#Structure_of_parenchyma_of_kidney,True,1.0
http://bioontology.org/projects/ontologies/fma/fmaOwlDlComponent_2_0#Anal_skin,http://www.ihtsdo.org/snomed#Skin_structure_of_anus,True,1.0
http://bioontology.org/projects/ontologies/fma/fmaOwlDlComponent_2_0#Inferior_articular_process_of_sixth_thoracic_vertebra,http://www.ihtsdo.org/snomed#Structure_of_inferior_articular_process_of_sixth_thoracic_vertebra,True,1.0
http://bioontology.org/projects/ontologies/fma/fmaOwlDlComponent_2_0#Oculomotor_nerve,http://www.ihtsdo.org/snomed#Oculomotor_nerve_structure,True,1.0
http://bioontology.org/projects/ontologies/fma/fmaOwlDlComponent_2_0#Distal_phalanx_of_middle_finger,http://www.ihtsdo.org/snomed#Structure_of_distal_phalanx_of_middle_finger,True,1.0
http://bioontology.org/projects/ontologies/fma/fmaOwlDlComponent_2_0#Anterior_longitudinal_ligament,http://www.ihtsdo.org/snomed#Anterior_longitudinal_ligament_structure,True,1.0
http://bioontology.org/projects/ontologies/fma/fmaOwlDlComponent_2_0#Set_of_ciliary_processes,http://www.ihtsdo.org/snomed#Structure_of_ciliary_processes,False,1.0
http://bioontology.org/projects/ontologies/fma/fmaOwlDlComponent_2_0#Straight_sinus,http://www.ihtsdo.org/snomed#Structure_of_straight_sinus,False,1.0
http://bioontology.org/projects/ontologies/fma/fmaOwlDlComponent_2_0#External_orifice_of_female_urethra,http://www.ihtsdo.org/snomed#Female_external_urethral_orifice,True,1.0
http://bioontology.org/projects/ontologies/fma/fmaOwlDlComponent_2_0#Subcostal_vein,http://www.ihtsdo.org/snomed#Structure_of_subcostal_vein,True,1.0
http://bioontology.org/projects/ontologies/fma/fmaOwlDlComponent_2_0#External_oblique,http://www.ihtsdo.org/snomed#Obliquus_externus_abdominis_muscle,True,1.0
http://bioontology.org/projects/ontologies/fma/fmaOwlDlComponent_2_0#Medial_pterygoid,http://www.ihtsdo.org/snomed#Medial_pterygoid_nerve,False,1.0
http://bioontology.org/projects/ontologies/fma/fmaOwlDlComponent_2_0#White_matter_of_cerebellum,http://www.ihtsdo.org/snomed#Cerebellar_white_matter_structure,True,1.0
http://bioontology.org/projects/ontologies/fma/fmaOwlDlComponent_2_0#Spinous_process_of_eighth_thoracic_vertebra,http://www.ihtsdo.org/snomed#Structure_of_spinous_process_of_eighth_thoracic_vertebra,True,1.0
http://bioontology.org/projects/ontologies/fma/fmaOwlDlComponent_2_0#Inferior_nasal_retinal_vein,http://www.ihtsdo.org/snomed#Structure_of_inferior_nasal_retinal_vein,True,1.0
http://bioontology.org/projects/ontologies/fma/fmaOwlDlComponent_2_0#Lumbar_artery,http://www.ihtsdo.org/snomed#Structure_of_lumbar_artery,False,1.0
http://bioontology.org/projects/ontologies/fma/fmaOwlDlComponent_2_0#Medullary_raphe_nuclear_complex,http://www.ihtsdo.org/snomed#Structure_of_raphe_of_medulla_oblongata,True,1.0
http://bioontology.org/projects/ontologies/fma/fmaOwlDlComponent_2_0#Medial_circumflex_femoral_vein,http://www.ihtsdo.org/snomed#Structure_of_medial_circumflex_femoral_vein,True,1.0
http://bioontology.org/projects/ontologies/fma/fmaOwlDlComponent_2_0#Left_leg,http://www.ihtsdo.org/snomed#Both_lower_legs,False,1.0
http://bioontology.org/projects/ontologies/fma/fmaOwlDlComponent_2_0#Subtendinous_bursa,http://www.ihtsdo.org/snomed#Structure_of_subtendinous_bursa,True,1.0
http://bioontology.org/projects/ontologies/fma/fmaOwlDlComponent_2_0#Body_of_fourth_cervical_vertebra,http://www.ihtsdo.org/snomed#Structure_of_body_of_fourth_cervical_vertebra,True,1.0
http://bioontology.org/projects/ontologies/fma/fmaOwlDlComponent_2_0#Lenticular_fasciculus_of_telencephalon,http://www.ihtsdo.org/snomed#Structure_of_lenticular_fasciculus,True,1.0
http://bioontology.org/projects/ontologies/fma/fmaOwlDlComponent_2_0#Serotonin,http://www.ihtsdo.org/snomed#Serotonin,True,1.0
http://bioontology.org/projects/ontologies/fma/fmaOwlDlComponent_2_0#Decussation_of_superior_cerebellar_peduncle,http://www.ihtsdo.org/snomed#Structure_of_decussation_of_superior_cerebellar_peduncles,True,1.0
http://bioontology.org/projects/ontologies/fma/fmaOwlDlComponent_2_0#Subdivision_of_splenic_artery,http://www.ihtsdo.org/snomed#Structure_of_splenic_branch_of_splenic_artery,True,1.0
http://bioontology.org/projects/ontologies/fma/fmaOwlDlComponent_2_0#Piriform_fossa,http://www.ihtsdo.org/snomed#Structure_of_piriform_recess,True,1.0
http://bioontology.org/projects/ontologies/fma/fmaOwlDlComponent_2_0#Mesothelium_of_peritoneum,http://www.ihtsdo.org/snomed#Structure_of_peritoneal_mesothelium,True,1.0
http://bioontology.org/projects/ontologies/fma/fmaOwlDlComponent_2_0#Tarsal_plate_of_eyelid,http://www.ihtsdo.org/snomed#Tarsal_plate_structure,True,1.0
http://bioontology.org/projects/ontologies/fma/fmaOwlDlComponent_2_0#Set_of_lentiform_nuclei,http://www.ihtsdo.org/snomed#Lentiform_nucleus_structure,True,1.0
http://bioontology.org/projects/ontologies/fma/fmaOwlDlComponent_2_0#Set_of_labial_glands,http://www.ihtsdo.org/snomed#Structure_of_labial_gland,True,1.0
http://bioontology.org/projects/ontologies/fma/fmaOwlDlComponent_2_0#Body_of_tenth_thoracic_vertebra,http://www.ihtsdo.org/snomed#Structure_of_body_of_tenth_thoracic_vertebra,True,1.0
http://bioontology.org/projects/ontologies/fma/fmaOwlDlComponent_2_0#Body_of_first_lumbar_vertebra,http://www.ihtsdo.org/snomed#Structure_of_body_of_first_lumbar_vertebra,True,1.0
http://bioontology.org/projects/ontologies/fma/fmaOwlDlComponent_2_0#Great_cardiac_vein,http://www.ihtsdo.org/snomed#Great_cardiac_vein_structure,True,1.0
http://bioontology.org/projects/ontologies/fma/fmaOwlDlComponent_2_0#Carpal_bone,http://www.ihtsdo.org/snomed#Bone_structure_of_carpus,True,1.0
http://bioontology.org/projects/ontologies/fma/fmaOwlDlComponent_2_0#Eccrine_sweat_gland,http://www.ihtsdo.org/snomed#Eccrine_gland_structure,True,1.0
http://bioontology.org/projects/ontologies/fma/fmaOwlDlComponent_2_0#Spinous_process_of_fifth_thoracic_vertebra,http://www.ihtsdo.org/snomed#Structure_of_spinous_process_of_fifth_thoracic_vertebra,True,1.0
http://bioontology.org/projects/ontologies/fma/fmaOwlDlComponent_2_0#Variant_segmental_bronchus,http://www.ihtsdo.org/snomed#Segmental_bronchus_structure,True,1.0
http://bioontology.org/projects/ontologies/fma/fmaOwlDlComponent_2_0#Angle_of_second_rib,http://www.ihtsdo.org/snomed#Structure_of_angle_of_second_rib,True,1.0
http://bioontology.org/projects/ontologies/fma/fmaOwlDlComponent_2_0#Superior_tympanic_artery,http://www.ihtsdo.org/snomed#Structure_of_superior_tympanic_artery,True,1.0
http://bioontology.org/projects/ontologies/fma/fmaOwlDlComponent_2_0#Glandular_cell_of_endometrium,http://www.ihtsdo.org/snomed#Structure_of_endometrial_glandular_cell,False,1.0
http://bioontology.org/projects/ontologies/fma/fmaOwlDlComponent_2_0#Posterior_part_of_leg,http://www.ihtsdo.org/snomed#Structure_of_calf_of_leg,True,1.0
http://bioontology.org/projects/ontologies/fma/fmaOwlDlComponent_2_0#Set_of_branches_of_brachial_nerve_plexus,http://www.ihtsdo.org/snomed#Branch_of_brachial_plexus,True,1.0
http://bioontology.org/projects/ontologies/fma/fmaOwlDlComponent_2_0#Ligament_of_glenohumeral_joint,http://www.ihtsdo.org/snomed#Structure_of_ligament_of_shoulder_joint,False,1.0
http://bioontology.org/projects/ontologies/fma/fmaOwlDlComponent_2_0#Wall_of_vein,http://www.ihtsdo.org/snomed#Structure_of_wall_of_vein,True,1.0
http://bioontology.org/projects/ontologies/fma/fmaOwlDlComponent_2_0#Lobule_of_epididymis,http://www.ihtsdo.org/snomed#Structure_of_lobule_of_epididymis,True,1.0
http://bioontology.org/projects/ontologies/fma/fmaOwlDlComponent_2_0#Lateral_nuclear_group_of_thalamus,http://www.ihtsdo.org/snomed#Structure_of_lateral_nuclear_group_of_thalamus,True,1.0
http://bioontology.org/projects/ontologies/fma/fmaOwlDlComponent_2_0#Decidua_capsularis,http://www.ihtsdo.org/snomed#Structure_of_decidua_capsularis,True,1.0
http://bioontology.org/projects/ontologies/fma/fmaOwlDlComponent_2_0#Descending_colon,http://www.ihtsdo.org/snomed#Descending_colon_structure,True,1.0
http://bioontology.org/projects/ontologies/fma/fmaOwlDlComponent_2_0#Parotid_fascia,http://www.ihtsdo.org/snomed#Structure_of_parotid_fascia,True,1.0
http://bioontology.org/projects/ontologies/fma/fmaOwlDlComponent_2_0#Palmar_radiocarpal_ligament,http://www.ihtsdo.org/snomed#Structure_of_palmar_radiocarpal_ligament,True,1.0
http://bioontology.org/projects/ontologies/fma/fmaOwlDlComponent_2_0#Conoid_part_of_coracoclavicular_ligament,http://www.ihtsdo.org/snomed#Structure_of_conoid_ligament,True,1.0
http://bioontology.org/projects/ontologies/fma/fmaOwlDlComponent_2_0#Uterine_artery,http://www.ihtsdo.org/snomed#Structure_of_uterine_artery,True,1.0
http://bioontology.org/projects/ontologies/fma/fmaOwlDlComponent_2_0#Bronchiole,http://www.ihtsdo.org/snomed#Bronchiole_structure,True,1.0
http://bioontology.org/projects/ontologies/fma/fmaOwlDlComponent_2_0#Caudate_process_of_caudate_lobe_of_liver,http://www.ihtsdo.org/snomed#Structure_of_caudate_process_of_caudate_lobe_of_liver,True,1.0
http://bioontology.org/projects/ontologies/fma/fmaOwlDlComponent_2_0#Myelin_sheath,http://www.ihtsdo.org/snomed#Myelin_sheath_structure,True,1.0
http://bioontology.org/projects/ontologies/fma/fmaOwlDlComponent_2_0#Left_axilla,http://www.ihtsdo.org/snomed#Structure_of_left_axillary_region,True,1.0
http://bioontology.org/projects/ontologies/fma/fmaOwlDlComponent_2_0#Right_apical_segmental_vein,http://www.ihtsdo.org/snomed#Structure_of_apical_branch_of_superior_right_pulmonary_vein,True,1.0
http://bioontology.org/projects/ontologies/fma/fmaOwlDlComponent_2_0#Lateral_lemniscus,http://www.ihtsdo.org/snomed#Lateral_lemniscus_structure,True,1.0
http://bioontology.org/projects/ontologies/fma/fmaOwlDlComponent_2_0#Apex_of_cusp_of_tooth,http://www.ihtsdo.org/snomed#Structure_of_apex_of_cusp_of_tooth,True,1.0
http://bioontology.org/projects/ontologies/fma/fmaOwlDlComponent_2_0#Leaf_of_epiglottis,http://www.ihtsdo.org/snomed#Structure_of_leaf_of_epiglottis,True,1.0
http://bioontology.org/projects/ontologies/fma/fmaOwlDlComponent_2_0#Epidermis,http://www.ihtsdo.org/snomed#Epidermis_structure,True,1.0
http://bioontology.org/projects/ontologies/fma/fmaOwlDlComponent_2_0#Jugular_notch_of_sternum,http://www.ihtsdo.org/snomed#Structure_of_jugular_notch_of_sternum,True,1.0
http://bioontology.org/projects/ontologies/fma/fmaOwlDlComponent_2_0#Posterior_external_jugular_vein,http://www.ihtsdo.org/snomed#Structure_of_posterior_external_jugular_vein,True,1.0
http://bioontology.org/projects/ontologies/fma/fmaOwlDlComponent_2_0#Globus_pallidus,http://www.ihtsdo.org/snomed#Globus_pallidus_structure,False,1.0
http://bioontology.org/projects/ontologies/fma/fmaOwlDlComponent_2_0#Acetabular_labrum,http://www.ihtsdo.org/snomed#Structure_of_labrum_of_acetabulum,True,1.0
http://bioontology.org/projects/ontologies/fma/fmaOwlDlComponent_2_0#Lesser_sciatic_foramen,http://www.ihtsdo.org/snomed#Structure_of_lesser_sciatic_foramen,True,1.0
http://bioontology.org/projects/ontologies/fma/fmaOwlDlComponent_2_0#Phalanx_of_second_toe,http://www.ihtsdo.org/snomed#Structure_of_phalanx_of_second_toe,True,1.0
http://bioontology.org/projects/ontologies/fma/fmaOwlDlComponent_2_0#Angle_of_eleventh_rib,http://www.ihtsdo.org/snomed#Structure_of_angle_of_eleventh_rib,False,1.0
http://bioontology.org/projects/ontologies/fma/fmaOwlDlComponent_2_0#Superior_cerebellar_peduncle,http://www.ihtsdo.org/snomed#Structure_of_superior_cerebellar_peduncle,True,1.0
http://bioontology.org/projects/ontologies/fma/fmaOwlDlComponent_2_0#Inferior_petrosal_sinus,http://www.ihtsdo.org/snomed#Structure_of_inferior_petrosal_sinus,True,1.0
http://bioontology.org/projects/ontologies/fma/fmaOwlDlComponent_2_0#Tonsillar_artery,http://www.ihtsdo.org/snomed#Structure_of_tonsillar_artery,True,1.0
http://bioontology.org/projects/ontologies/fma/fmaOwlDlComponent_2_0#Superficial_cervical_artery,http://www.ihtsdo.org/snomed#Structure_of_superficial_cervical_artery,True,1.0
http://bioontology.org/projects/ontologies/fma/fmaOwlDlComponent_2_0#Eighth_intercostal_nerve,http://www.ihtsdo.org/snomed#Eighth_intercostal_nerve,True,1.0
http://bioontology.org/projects/ontologies/fma/fmaOwlDlComponent_2_0#Subtendinous_bursa_of_iliacus,http://www.ihtsdo.org/snomed#Structure_of_subtendinous_iliac_bursa,True,1.0
http://bioontology.org/projects/ontologies/fma/fmaOwlDlComponent_2_0#Lower_pole_of_spleen,http://www.ihtsdo.org/snomed#Lower_pole_of_spleen,True,1.0
http://bioontology.org/projects/ontologies/fma/fmaOwlDlComponent_2_0#Intratendinous_olecranon_bursa,http://www.ihtsdo.org/snomed#Structure_of_intratendinous_bursa_of_olecranon,True,1.0
http://bioontology.org/projects/ontologies/fma/fmaOwlDlComponent_2_0#Intervertebral_disk,http://www.ihtsdo.org/snomed#Structure_of_intervertebral_disc,True,1.0
http://bioontology.org/projects/ontologies/fma/fmaOwlDlComponent_2_0#Hepatic_acinus,http://www.ihtsdo.org/snomed#Structure_of_hepatic_acinus,True,1.0
http://bioontology.org/projects/ontologies/fma/fmaOwlDlComponent_2_0#Inferior_genicular_artery,http://www.ihtsdo.org/snomed#Structure_of_inferior_genicular_artery,True,1.0
http://bioontology.org/projects/ontologies/fma/fmaOwlDlComponent_2_0#Posterior_intra_occipital_synchondrosis,http://www.ihtsdo.org/snomed#Structure_of_posterior_intraoccipital_synchondrosis,True,1.0
http://bioontology.org/projects/ontologies/fma/fmaOwlDlComponent_2_0#Endocardium_of_left_ventricle,http://www.ihtsdo.org/snomed#Structure_of_endocardium_of_left_ventricle,True,1.0
http://bioontology.org/projects/ontologies/fma/fmaOwlDlComponent_2_0#Ulnar_notch_of_radius,http://www.ihtsdo.org/snomed#Structure_of_ulnar_notch_of_radius,True,1.0
http://bioontology.org/projects/ontologies/fma/fmaOwlDlComponent_2_0#Suspensory_ligament_of_duodenum,http://www.ihtsdo.org/snomed#Structure_of_suspensory_muscle_of_duodenum,True,1.0
http://bioontology.org/projects/ontologies/fma/fmaOwlDlComponent_2_0#Body_of_sacral_segment,http://www.ihtsdo.org/snomed#Structure_of_body_of_sacral_vertebra,True,1.0
http://bioontology.org/projects/ontologies/fma/fmaOwlDlComponent_2_0#Squamous_suture,http://www.ihtsdo.org/snomed#Squamous_suture_structure,True,1.0
http://bioontology.org/projects/ontologies/fma/fmaOwlDlComponent_2_0#Atrioventricular_node_branch_of_right_coronary_artery,http://www.ihtsdo.org/snomed#Structure_of_atrioventricular_node_branch_of_right_coronary_artery,True,1.0
http://bioontology.org/projects/ontologies/fma/fmaOwlDlComponent_2_0#Philtrum,http://www.ihtsdo.org/snomed#Philtrum_structure,True,1.0
http://bioontology.org/projects/ontologies/fma/fmaOwlDlComponent_2_0#Skin_of_little_finger,http://www.ihtsdo.org/snomed#Skin_structure_of_little_finger,True,1.0
http://bioontology.org/projects/ontologies/fma/fmaOwlDlComponent_2_0#Yolk_sac,http://www.ihtsdo.org/snomed#Yolk_sac_structure,True,1.0
http://bioontology.org/projects/ontologies/fma/fmaOwlDlComponent_2_0#Left_anterior_cerebral_artery,http://www.ihtsdo.org/snomed#Structure_of_left_anterior_cerebral_artery,True,1.0
http://bioontology.org/projects/ontologies/fma/fmaOwlDlComponent_2_0#Right_internal_carotid_artery,http://www.ihtsdo.org/snomed#Structure_of_right_internal_carotid_artery,True,1.0
http://bioontology.org/projects/ontologies/fma/fmaOwlDlComponent_2_0#Left_anterior_bronchopulmonary_segment,http://www.ihtsdo.org/snomed#Structure_of_anterior_segment_of_upper_division_of_left_upper_lobe_of_lung,True,1.0
http://bioontology.org/projects/ontologies/fma/fmaOwlDlComponent_2_0#Lateral_surface_of_thigh,http://www.ihtsdo.org/snomed#Structure_of_lateral_surface_of_thigh,True,1.0
http://bioontology.org/projects/ontologies/fma/fmaOwlDlComponent_2_0#Pleural_cavity,http://www.ihtsdo.org/snomed#Pleural_cavity_structure,True,1.0
http://bioontology.org/projects/ontologies/fma/fmaOwlDlComponent_2_0#Set_of_skin_sulci,http://www.ihtsdo.org/snomed#Structure_of_sulci_cutis,True,1.0
http://bioontology.org/projects/ontologies/fma/fmaOwlDlComponent_2_0#Set_of_intermediate_supraclavicular_nerves,http://www.ihtsdo.org/snomed#Intermediate_supraclavicular_nerve,False,1.0
http://bioontology.org/projects/ontologies/fma/fmaOwlDlComponent_2_0#Frontal_process_of_zygomatic_bone,http://www.ihtsdo.org/snomed#Frontal_process_of_zygomatic_bone,True,1.0
http://bioontology.org/projects/ontologies/fma/fmaOwlDlComponent_2_0#Distal_epiphysis_of_phalanx_of_index_finger,http://www.ihtsdo.org/snomed#Structure_of_head_of_phalanx_of_index_finger,False,1.0
http://bioontology.org/projects/ontologies/fma/fmaOwlDlComponent_2_0#Set_of_interosseous_metacarpal_ligaments,http://www.ihtsdo.org/snomed#Structure_of_interosseous_metacarpal_ligaments,True,1.0
http://bioontology.org/projects/ontologies/fma/fmaOwlDlComponent_2_0#Non_articular_part_of_tubercle_of_first_rib,http://www.ihtsdo.org/snomed#Structure_of_articular_part_of_tubercle_of_first_rib,False,1.0
http://bioontology.org/projects/ontologies/fma/fmaOwlDlComponent_2_0#Auricular_cartilage,http://www.ihtsdo.org/snomed#Auricular_cartilage_structure,True,1.0
http://bioontology.org/projects/ontologies/fma/fmaOwlDlComponent_2_0#Foot,http://www.ihtsdo.org/snomed#Both_feet,False,1.0
http://bioontology.org/projects/ontologies/fma/fmaOwlDlComponent_2_0#Set_of_joints_of_foot,http://www.ihtsdo.org/snomed#Foot_joint_structure,True,1.0
http://bioontology.org/projects/ontologies/fma/fmaOwlDlComponent_2_0#Aortic_valve,http://www.ihtsdo.org/snomed#Aortic_valve_structure,True,1.0
http://bioontology.org/projects/ontologies/fma/fmaOwlDlComponent_2_0#Renal_artery,http://www.ihtsdo.org/snomed#Structure_of_renal_artery,True,1.0
http://bioontology.org/projects/ontologies/fma/fmaOwlDlComponent_2_0#Lesser_curvature_of_stomach,http://www.ihtsdo.org/snomed#Structure_of_lesser_curvature_of_stomach,True,1.0
http://bioontology.org/projects/ontologies/fma/fmaOwlDlComponent_2_0#Tributary_of_internal_iliac_vein,http://www.ihtsdo.org/snomed#Structure_of_tributary_of_internal_iliac_vein,False,1.0
http://bioontology.org/projects/ontologies/fma/fmaOwlDlComponent_2_0#Right_maxillary_sinus,http://www.ihtsdo.org/snomed#Right_maxillary_sinus_structure,True,1.0
http://bioontology.org/projects/ontologies/fma/fmaOwlDlComponent_2_0#Accessory_spleen,http://www.ihtsdo.org/snomed#Accessory_spleen,True,1.0
http://bioontology.org/projects/ontologies/fma/fmaOwlDlComponent_2_0#Posterior_interosseous_nerve,http://www.ihtsdo.org/snomed#Posterior_interosseous_nerve_structure,True,1.0
http://bioontology.org/projects/ontologies/fma/fmaOwlDlComponent_2_0#Set_of_minor_salivary_glands,http://www.ihtsdo.org/snomed#Minor_salivary_gland_structure,True,1.0
http://bioontology.org/projects/ontologies/fma/fmaOwlDlComponent_2_0#Set_of_crypts_of_pharyngeal_tonsil,http://www.ihtsdo.org/snomed#Structure_of_crypt_of_pharyngeal_tonsil,True,1.0
http://bioontology.org/projects/ontologies/fma/fmaOwlDlComponent_2_0#Set_of_palmar_intercarpal_ligaments,http://www.ihtsdo.org/snomed#Structure_of_palmar_intercarpal_ligaments,True,1.0
http://bioontology.org/projects/ontologies/fma/fmaOwlDlComponent_2_0#Brachiocephalic_vein,http://www.ihtsdo.org/snomed#Structure_of_brachiocephalic_vein,True,1.0
http://bioontology.org/projects/ontologies/fma/fmaOwlDlComponent_2_0#Pisometacarpal_ligament,http://www.ihtsdo.org/snomed#Structure_of_pisometacarpal_ligament,True,1.0
http://bioontology.org/projects/ontologies/fma/fmaOwlDlComponent_2_0#Set_of_intercuneiform_interosseous_ligaments,http://www.ihtsdo.org/snomed#Structure_of_interosseous_intercuneiform_ligaments,True,1.0
http://bioontology.org/projects/ontologies/fma/fmaOwlDlComponent_2_0#Costal_groove_of_third_rib,http://www.ihtsdo.org/snomed#Structure_of_costal_groove_of_third_rib,True,1.0
http://bioontology.org/projects/ontologies/fma/fmaOwlDlComponent_2_0#Second_thoracic_vertebral_arch,http://www.ihtsdo.org/snomed#Structure_of_arch_of_second_thoracic_vertebra,True,1.0
http://bioontology.org/projects/ontologies/fma/fmaOwlDlComponent_2_0#Anal_gland,http://www.ihtsdo.org/snomed#Structure_of_anal_gland,True,1.0
http://bioontology.org/projects/ontologies/fma/fmaOwlDlComponent_2_0#Set_of_anterior_ciliary_arteries,http://www.ihtsdo.org/snomed#Structure_of_anterior_ciliary_artery,False,1.0
http://bioontology.org/projects/ontologies/fma/fmaOwlDlComponent_2_0#Root_of_nose,http://www.ihtsdo.org/snomed#Structure_of_root_of_nose,True,1.0
http://bioontology.org/projects/ontologies/fma/fmaOwlDlComponent_2_0#Set_of_long_posterior_ciliary_arteries,http://www.ihtsdo.org/snomed#Structure_of_long_posterior_ciliary_artery,True,1.0
http://bioontology.org/projects/ontologies/fma/fmaOwlDlComponent_2_0#Medial_surface_of_second_toe,http://www.ihtsdo.org/snomed#Structure_of_medial_surface_of_second_toe,True,1.0
http://bioontology.org/projects/ontologies/fma/fmaOwlDlComponent_2_0#Set_of_paracolic_gutters,http://www.ihtsdo.org/snomed#Paracolic_gutter,True,1.0
http://bioontology.org/projects/ontologies/fma/fmaOwlDlComponent_2_0#Set_of_sacral_ganglia,http://www.ihtsdo.org/snomed#Structure_of_sacral_ganglia,False,1.0
http://bioontology.org/projects/ontologies/fma/fmaOwlDlComponent_2_0#Ligamentum_teres_of_liver,http://www.ihtsdo.org/snomed#Structure_of_ligamentum_teres_of_liver,True,1.0
http://bioontology.org/projects/ontologies/fma/fmaOwlDlComponent_2_0#Set_of_lumbar_veins,http://www.ihtsdo.org/snomed#Structure_of_lumbar_vein,True,1.0
http://bioontology.org/projects/ontologies/fma/fmaOwlDlComponent_2_0#Lateral_epicondyle_of_femur,http://www.ihtsdo.org/snomed#Structure_of_lateral_epicondyle_of_femur,True,1.0
http://bioontology.org/projects/ontologies/fma/fmaOwlDlComponent_2_0#Lumbocostal_ligament,http://www.ihtsdo.org/snomed#Structure_of_lumbocostal_ligament,False,1.0
http://bioontology.org/projects/ontologies/fma/fmaOwlDlComponent_2_0#Portion_of_neural_tissue,http://www.ihtsdo.org/snomed#Structure_of_nervous_tissue,True,1.0
http://bioontology.org/projects/ontologies/fma/fmaOwlDlComponent_2_0#Body_of_incus,http://www.ihtsdo.org/snomed#Structure_of_body_of_incus,True,1.0
http://bioontology.org/projects/ontologies/fma/fmaOwlDlComponent_2_0#Tail_of_helical_part_of_auricular_cartilage,http://www.ihtsdo.org/snomed#Structure_of_tail_of_helix,True,1.0
http://bioontology.org/projects/ontologies/fma/fmaOwlDlComponent_2_0#Hair_of_head,http://www.ihtsdo.org/snomed#Structure_of_hair_of_scalp,False,1.0
http://bioontology.org/projects/ontologies/fma/fmaOwlDlComponent_2_0#Abdominal_part_of_esophagus,http://www.ihtsdo.org/snomed#Abdominal_esophagus_structure,True,1.0
http://bioontology.org/projects/ontologies/fma/fmaOwlDlComponent_2_0#Right_internal_iliac_artery,http://www.ihtsdo.org/snomed#Structure_of_right_internal_iliac_artery,True,1.0
http://bioontology.org/projects/ontologies/fma/fmaOwlDlComponent_2_0#Tubercle_of_fourth_rib,http://www.ihtsdo.org/snomed#Tubercle_of_fourth_rib_structure,True,1.0
http://bioontology.org/projects/ontologies/fma/fmaOwlDlComponent_2_0#Lateral_sural_cutaneous_nerve,http://www.ihtsdo.org/snomed#Structure_of_lateral_sural_cutaneous_nerve,True,1.0
http://bioontology.org/projects/ontologies/fma/fmaOwlDlComponent_2_0#Set_of_eyelashes,http://www.ihtsdo.org/snomed#Structure_of_eyelashes,False,1.0
http://bioontology.org/projects/ontologies/fma/fmaOwlDlComponent_2_0#Sympathetic_nervous_system,http://www.ihtsdo.org/snomed#Sympathetic_nervous_system_structure,True,1.0
http://bioontology.org/projects/ontologies/fma/fmaOwlDlComponent_2_0#Humeroradial_joint,http://www.ihtsdo.org/snomed#Structure_of_humeroradial_joint,True,1.0
http://bioontology.org/projects/ontologies/fma/fmaOwlDlComponent_2_0#Capsule_of_costotransverse_joint,http://www.ihtsdo.org/snomed#Structure_of_capsule_of_costotransverse_joint,True,1.0
http://bioontology.org/projects/ontologies/fma/fmaOwlDlComponent_2_0#Nucleus_pulposus_of_intervertebral_disk_of_thoracic_vertebra,http://www.ihtsdo.org/snomed#Structure_of_nucleus_pulposus_of_intervertebral_disc_of_tenth_thoracic_vertebra,True,1.0
http://bioontology.org/projects/ontologies/fma/fmaOwlDlComponent_2_0#Tracheal_vein,http://www.ihtsdo.org/snomed#Tracheal_structure,False,1.0
http://bioontology.org/projects/ontologies/fma/fmaOwlDlComponent_2_0#Sublingual_duct,http://www.ihtsdo.org/snomed#Structure_of_sublingual_duct,True,1.0
http://bioontology.org/projects/ontologies/fma/fmaOwlDlComponent_2_0#Trabecula_carnea_of_left_ventricle,http://www.ihtsdo.org/snomed#Structure_of_trabecula_carnea_of_left_ventricle,True,1.0
http://bioontology.org/projects/ontologies/fma/fmaOwlDlComponent_2_0#Maxillary_vein,http://www.ihtsdo.org/snomed#Structure_of_maxillary_vein,False,1.0
http://bioontology.org/projects/ontologies/fma/fmaOwlDlComponent_2_0#Macula_cribrosa,http://www.ihtsdo.org/snomed#Structure_of_macula_cribrosa,True,1.0
http://bioontology.org/projects/ontologies/fma/fmaOwlDlComponent_2_0#Notochord,http://www.ihtsdo.org/snomed#Structure_of_notochord,True,1.0
http://bioontology.org/projects/ontologies/fma/fmaOwlDlComponent_2_0#Taenia_mesocolica,http://www.ihtsdo.org/snomed#Structure_of_taenia_mesocolica,True,1.0
http://bioontology.org/projects/ontologies/fma/fmaOwlDlComponent_2_0#Liver_parenchyma,http://www.ihtsdo.org/snomed#Structure_of_parenchyma_of_liver,True,1.0
http://bioontology.org/projects/ontologies/fma/fmaOwlDlComponent_2_0#Set_of_artery_to_ductus_deferens,http://www.ihtsdo.org/snomed#Structure_of_ductus_deferens_artery,True,1.0
http://bioontology.org/projects/ontologies/fma/fmaOwlDlComponent_2_0#Anatomic_snuff_box,http://www.ihtsdo.org/snomed#Anatomical_snuffbox,True,1.0
http://bioontology.org/projects/ontologies/fma/fmaOwlDlComponent_2_0#Prostatic_venous_plexus,http://www.ihtsdo.org/snomed#Structure_of_prostatic_venous_plexus,True,1.0
http://bioontology.org/projects/ontologies/fma/fmaOwlDlComponent_2_0#Duodenal_papilla,http://www.ihtsdo.org/snomed#Duodenal_papilla_structure,True,1.0
http://bioontology.org/projects/ontologies/fma/fmaOwlDlComponent_2_0#Thoracic_nerve,http://www.ihtsdo.org/snomed#Structure_of_thoracic_spinal_nerve,True,1.0
http://bioontology.org/projects/ontologies/fma/fmaOwlDlComponent_2_0#Skin_appendage,http://www.ihtsdo.org/snomed#Skin_appendage_structure,True,1.0
http://bioontology.org/projects/ontologies/fma/fmaOwlDlComponent_2_0#Set_of_cavernous_veins_of_penis,http://www.ihtsdo.org/snomed#Structure_of_cavernous_vein_of_penis,False,1.0
http://bioontology.org/projects/ontologies/fma/fmaOwlDlComponent_2_0#Lateral_globus_pallidus,http://www.ihtsdo.org/snomed#Structure_of_lateral_globus_pallidus,True,1.0
http://bioontology.org/projects/ontologies/fma/fmaOwlDlComponent_2_0#Interparietal_bone,http://www.ihtsdo.org/snomed#Structure_of_interparietal_bone,True,1.0
http://bioontology.org/projects/ontologies/fma/fmaOwlDlComponent_2_0#Set_of_superior_gluteal_veins,http://www.ihtsdo.org/snomed#Structure_of_superior_gluteal_vein,True,1.0
http://bioontology.org/projects/ontologies/fma/fmaOwlDlComponent_2_0#Hippocampus,http://www.ihtsdo.org/snomed#Hippocampal_structure,True,1.0
http://bioontology.org/projects/ontologies/fma/fmaOwlDlComponent_2_0#Set_of_short_gastric_veins,http://www.ihtsdo.org/snomed#Structure_of_short_gastric_vein,False,1.0
http://bioontology.org/projects/ontologies/fma/fmaOwlDlComponent_2_0#Sacral_tuberosity,http://www.ihtsdo.org/snomed#Structure_of_sacral_tuberosity,False,1.0
http://bioontology.org/projects/ontologies/fma/fmaOwlDlComponent_2_0#Cortex_of_lens,http://www.ihtsdo.org/snomed#Structure_of_cortex_of_lens,True,1.0
http://bioontology.org/projects/ontologies/fma/fmaOwlDlComponent_2_0#Intertrochanteric_line_of_femur,http://www.ihtsdo.org/snomed#Structure_of_intertrochanteric_line_of_femur,True,1.0
http://bioontology.org/projects/ontologies/fma/fmaOwlDlComponent_2_0#Intervertebral_foramen_of_first_lumbar_vertebra,http://www.ihtsdo.org/snomed#Structure_of_intervertebral_foramen_of_first_lumbar_vertebra,True,1.0
http://bioontology.org/projects/ontologies/fma/fmaOwlDlComponent_2_0#Annular_ligament_of_radius,http://www.ihtsdo.org/snomed#Structure_of_annular_ligament_of_radius,True,1.0
http://bioontology.org/projects/ontologies/fma/fmaOwlDlComponent_2_0#Palmar_ulnocarpal_ligament,http://www.ihtsdo.org/snomed#Structure_of_palmar_ulnocarpal_ligament,True,1.0
http://bioontology.org/projects/ontologies/fma/fmaOwlDlComponent_2_0#Heel,http://www.ihtsdo.org/snomed#Heel_structure,True,1.0
http://bioontology.org/projects/ontologies/fma/fmaOwlDlComponent_2_0#Posterior_ethmoidal_artery,http://www.ihtsdo.org/snomed#Structure_of_posterior_ethmoidal_artery,True,1.0
http://bioontology.org/projects/ontologies/fma/fmaOwlDlComponent_2_0#Lumbar_splanchnic_nerve,http://www.ihtsdo.org/snomed#Structure_of_lumbar_splanchnic_nerve,True,1.0
http://bioontology.org/projects/ontologies/fma/fmaOwlDlComponent_2_0#Cisterna_chyli,http://www.ihtsdo.org/snomed#Structure_of_cisterna_chyli,True,1.0
http://bioontology.org/projects/ontologies/fma/fmaOwlDlComponent_2_0#Palmar_surface_of_middle_finger,http://www.ihtsdo.org/snomed#Structure_of_palmar_surface_of_middle_finger,True,1.0
http://bioontology.org/projects/ontologies/fma/fmaOwlDlComponent_2_0#Recurrent_meningeal_branch_of_lacrimal_artery,http://www.ihtsdo.org/snomed#Structure_of_recurrent_meningeal_branch_of_lacrimal_artery,True,1.0
http://bioontology.org/projects/ontologies/fma/fmaOwlDlComponent_2_0#Aggregated_lymphoid_follicle_of_small_intestine,http://www.ihtsdo.org/snomed#Structure_of_aggregated_lymphoid_follicle_of_small_intestine,True,1.0
http://bioontology.org/projects/ontologies/fma/fmaOwlDlComponent_2_0#Anterior_intermuscular_septum_of_leg,http://www.ihtsdo.org/snomed#Anterior_intermuscular_crural_septum,True,1.0
http://bioontology.org/projects/ontologies/fma/fmaOwlDlComponent_2_0#Posterior_papillary_muscle_of_left_ventricle,http://www.ihtsdo.org/snomed#Structure_of_posterior_papillary_muscle_of_left_ventricle,True,1.0
http://bioontology.org/projects/ontologies/fma/fmaOwlDlComponent_2_0#Anterior_choroidal_artery,http://www.ihtsdo.org/snomed#Structure_of_anterior_choroidal_artery,True,1.0
http://bioontology.org/projects/ontologies/fma/fmaOwlDlComponent_2_0#Tunica_albuginea_of_testis,http://www.ihtsdo.org/snomed#Structure_of_tunica_albuginea_of_testis,True,1.0
http://bioontology.org/projects/ontologies/fma/fmaOwlDlComponent_2_0#Lumen_of_right_main_bronchus,http://www.ihtsdo.org/snomed#Structure_of_right_bronchial_lumen,True,1.0
http://bioontology.org/projects/ontologies/fma/fmaOwlDlComponent_2_0#Epithelium_of_ciliary_body,http://www.ihtsdo.org/snomed#Ciliary_epithelium_structure,True,1.0
http://bioontology.org/projects/ontologies/fma/fmaOwlDlComponent_2_0#Greater_sciatic_notch,http://www.ihtsdo.org/snomed#Structure_of_greater_sciatic_notch,True,1.0
http://bioontology.org/projects/ontologies/fma/fmaOwlDlComponent_2_0#Chiasmatic_cistern,http://www.ihtsdo.org/snomed#Structure_of_cisterna_chiasmatica,True,1.0
http://bioontology.org/projects/ontologies/fma/fmaOwlDlComponent_2_0#Apocrine_sweat_gland,http://www.ihtsdo.org/snomed#Apocrine_sweat_gland_structure,True,1.0
http://bioontology.org/projects/ontologies/fma/fmaOwlDlComponent_2_0#Parietal_branch_of_superficial_temporal_artery,http://www.ihtsdo.org/snomed#Structure_of_parietal_branch_of_superficial_temporal_artery,False,1.0
http://bioontology.org/projects/ontologies/fma/fmaOwlDlComponent_2_0#Set_of_anterior_ciliary_veins,http://www.ihtsdo.org/snomed#Structure_of_anterior_ciliary_vein,False,1.0
http://bioontology.org/projects/ontologies/fma/fmaOwlDlComponent_2_0#Buccopharyngeal_fascia,http://www.ihtsdo.org/snomed#Structure_of_buccopharyngeal_fascia,True,1.0
http://bioontology.org/projects/ontologies/fma/fmaOwlDlComponent_2_0#Posterior_wall_of_oropharynx,http://www.ihtsdo.org/snomed#Structure_of_posterior_wall_of_oropharynx,True,1.0
http://bioontology.org/projects/ontologies/fma/fmaOwlDlComponent_2_0#Preoptic_area,http://www.ihtsdo.org/snomed#Preoptic_area_structure,True,1.0
http://bioontology.org/projects/ontologies/fma/fmaOwlDlComponent_2_0#Proximal_epiphysis_of_first_metatarsal_bone,http://www.ihtsdo.org/snomed#Structure_of_base_of_first_metatarsal_bone,True,1.0
http://bioontology.org/projects/ontologies/fma/fmaOwlDlComponent_2_0#Posterior_spinal_artery,http://www.ihtsdo.org/snomed#Structure_of_posterior_spinal_artery,True,1.0
http://bioontology.org/projects/ontologies/fma/fmaOwlDlComponent_2_0#Lymph_node_of_trunk,http://www.ihtsdo.org/snomed#Lymph_node_structure_of_trunk,True,1.0
http://bioontology.org/projects/ontologies/fma/fmaOwlDlComponent_2_0#Rhomboid_major,http://www.ihtsdo.org/snomed#Structure_of_rhomboid_major_muscle,False,1.0
http://bioontology.org/projects/ontologies/fma/fmaOwlDlComponent_2_0#Cauda_equina,http://www.ihtsdo.org/snomed#Cauda_equina_structure,True,1.0
http://bioontology.org/projects/ontologies/fma/fmaOwlDlComponent_2_0#Vein_of_bulb_of_penis,http://www.ihtsdo.org/snomed#Structure_of_bulb_of_penis,False,1.0
http://bioontology.org/projects/ontologies/fma/fmaOwlDlComponent_2_0#First_sacral_vertebra,http://www.ihtsdo.org/snomed#Structure_of_first_sacral_vertebra,True,1.0
http://bioontology.org/projects/ontologies/fma/fmaOwlDlComponent_2_0#Transverse_process_of_ninth_thoracic_vertebra,http://www.ihtsdo.org/snomed#Structure_of_transverse_process_of_ninth_thoracic_vertebra,True,1.0
http://bioontology.org/projects/ontologies/fma/fmaOwlDlComponent_2_0#Plantar_aponeurosis,http://www.ihtsdo.org/snomed#Plantar_aponeurosis_structure,True,1.0
http://bioontology.org/projects/ontologies/fma/fmaOwlDlComponent_2_0#Endocardium_of_ventricle,http://www.ihtsdo.org/snomed#Structure_of_endocardium_of_ventricle,True,1.0
http://bioontology.org/projects/ontologies/fma/fmaOwlDlComponent_2_0#Adenohypophysis,http://www.ihtsdo.org/snomed#Adenohypophysis_structure,True,1.0
http://bioontology.org/projects/ontologies/fma/fmaOwlDlComponent_2_0#Vestibulospinal_tract,http://www.ihtsdo.org/snomed#Structure_of_vestibulospinal_tract,True,1.0
http://bioontology.org/projects/ontologies/fma/fmaOwlDlComponent_2_0#Cardiac_muscle_tissue,http://www.ihtsdo.org/snomed#Cardiac_tissue,True,1.0
http://bioontology.org/projects/ontologies/fma/fmaOwlDlComponent_2_0#Skin_of_knee,http://www.ihtsdo.org/snomed#Skin_structure_of_knee,True,1.0
http://bioontology.org/projects/ontologies/fma/fmaOwlDlComponent_2_0#Anulus_fibrosus_of_intervertebral_disk_of_seventh_thoracic_vertebra,http://www.ihtsdo.org/snomed#Structure_of_anulus_fibrosus_of_intervertebral_disc_of_seventh_thoracic_vertebra,True,1.0
http://bioontology.org/projects/ontologies/fma/fmaOwlDlComponent_2_0#Set_of_retinal_blood_vessels,http://www.ihtsdo.org/snomed#Structure_of_blood_vessel_of_retina,True,1.0
http://bioontology.org/projects/ontologies/fma/fmaOwlDlComponent_2_0#Primary_incisor_tooth,http://www.ihtsdo.org/snomed#Structure_of_deciduous_incisor_tooth,False,1.0
http://bioontology.org/projects/ontologies/fma/fmaOwlDlComponent_2_0#Pars_tensa_of_tympanic_membrane,http://www.ihtsdo.org/snomed#Structure_of_pars_tensa_of_tympanic_membrane,True,1.0
http://bioontology.org/projects/ontologies/fma/fmaOwlDlComponent_2_0#Perichromatin_granule,http://www.ihtsdo.org/snomed#Perichromatin_granule,True,1.0
http://bioontology.org/projects/ontologies/fma/fmaOwlDlComponent_2_0#Hepatocolic_fold,http://www.ihtsdo.org/snomed#Structure_of_hepatocolic_ligament,False,1.0
http://bioontology.org/projects/ontologies/fma/fmaOwlDlComponent_2_0#Frontal_bone,http://www.ihtsdo.org/snomed#Frontal_bone_structure,True,1.0
http://bioontology.org/projects/ontologies/fma/fmaOwlDlComponent_2_0#Right_inguinal_triangle,http://www.ihtsdo.org/snomed#Structure_of_right_inguinal_triangle,False,1.0
http://bioontology.org/projects/ontologies/fma/fmaOwlDlComponent_2_0#Lamina_of_eleventh_thoracic_vertebra,http://www.ihtsdo.org/snomed#Structure_of_lamina_of_eleventh_thoracic_vertebra,True,1.0
http://bioontology.org/projects/ontologies/fma/fmaOwlDlComponent_2_0#Cremasteric_fascia,http://www.ihtsdo.org/snomed#Structure_of_cremasteric_fascia,True,1.0
http://bioontology.org/projects/ontologies/fma/fmaOwlDlComponent_2_0#Body_of_ilium,http://www.ihtsdo.org/snomed#Structure_of_body_of_ilium,True,1.0
http://bioontology.org/projects/ontologies/fma/fmaOwlDlComponent_2_0#Dorsal_mesentery,http://www.ihtsdo.org/snomed#Structure_of_dorsal_mesentery,True,1.0
http://bioontology.org/projects/ontologies/fma/fmaOwlDlComponent_2_0#Hilum_of_lymph_node,http://www.ihtsdo.org/snomed#Structure_of_hilar_lymph_node,True,1.0
http://bioontology.org/projects/ontologies/fma/fmaOwlDlComponent_2_0#Lateral_wall_of_orbit,http://www.ihtsdo.org/snomed#Structure_of_lateral_wall_of_orbit,True,1.0
http://bioontology.org/projects/ontologies/fma/fmaOwlDlComponent_2_0#Left_spermatic_cord,http://www.ihtsdo.org/snomed#Artery_of_spermatic_cord,False,1.0
http://bioontology.org/projects/ontologies/fma/fmaOwlDlComponent_2_0#Dorsal_surface_of_fourth_toe,http://www.ihtsdo.org/snomed#Structure_of_dorsal_surface_of_fourth_toe,True,1.0
http://bioontology.org/projects/ontologies/fma/fmaOwlDlComponent_2_0#Septum_of_glans_penis,http://www.ihtsdo.org/snomed#Structure_of_septum_of_glans_penis,True,1.0
http://bioontology.org/projects/ontologies/fma/fmaOwlDlComponent_2_0#Skin_of_wrist,http://www.ihtsdo.org/snomed#Skin_structure_of_wrist,True,1.0
http://bioontology.org/projects/ontologies/fma/fmaOwlDlComponent_2_0#Set_of_transverse_cervical_veins,http://www.ihtsdo.org/snomed#Structure_of_transverse_cervical_vein,False,1.0
http://bioontology.org/projects/ontologies/fma/fmaOwlDlComponent_2_0#Smooth_muscle_tissue,http://www.ihtsdo.org/snomed#Smooth_muscle_tissue,True,1.0
http://bioontology.org/projects/ontologies/fma/fmaOwlDlComponent_2_0#External_palatine_vein,http://www.ihtsdo.org/snomed#Structure_of_external_palatine_vein,True,1.0
http://bioontology.org/projects/ontologies/fma/fmaOwlDlComponent_2_0#Superior_occipital_gyrus,http://www.ihtsdo.org/snomed#Structure_of_superior_occipital_gyrus,True,1.0
http://bioontology.org/projects/ontologies/fma/fmaOwlDlComponent_2_0#Set_of_sternocostal_joints,http://www.ihtsdo.org/snomed#Sternocostal_joint_structure,True,1.0
http://bioontology.org/projects/ontologies/fma/fmaOwlDlComponent_2_0#Left_middle_ear,http://www.ihtsdo.org/snomed#Left_middle_ear_structure,True,1.0
http://bioontology.org/projects/ontologies/fma/fmaOwlDlComponent_2_0#Fibular_nutrient_artery,http://www.ihtsdo.org/snomed#Structure_of_fibular_nutrient_artery,True,1.0
http://bioontology.org/projects/ontologies/fma/fmaOwlDlComponent_2_0#Posterior_femoral_cutaneous_nerve,http://www.ihtsdo.org/snomed#Structure_of_posterior_femoral_cutaneous_nerve,True,1.0
http://bioontology.org/projects/ontologies/fma/fmaOwlDlComponent_2_0#Thumb,http://www.ihtsdo.org/snomed#Thumb_structure,True,1.0
http://bioontology.org/projects/ontologies/fma/fmaOwlDlComponent_2_0#Lesser_splanchnic_nerve,http://www.ihtsdo.org/snomed#Structure_of_lesser_splanchnic_nerve,True,1.0
http://bioontology.org/projects/ontologies/fma/fmaOwlDlComponent_2_0#Skin_of_areola,http://www.ihtsdo.org/snomed#Skin_structure_of_areola,True,1.0
http://bioontology.org/projects/ontologies/fma/fmaOwlDlComponent_2_0#Tendon_of_dorsal_interosseous_of_hand,http://www.ihtsdo.org/snomed#Tendon_of_dorsal_interosseus_of_hand,True,1.0
http://bioontology.org/projects/ontologies/fma/fmaOwlDlComponent_2_0#Deep_cervical_vein,http://www.ihtsdo.org/snomed#Structure_of_deep_cervical_vein,False,1.0
http://bioontology.org/projects/ontologies/fma/fmaOwlDlComponent_2_0#Left_thigh,http://www.ihtsdo.org/snomed#Structure_of_left_thigh,False,1.0
http://bioontology.org/projects/ontologies/fma/fmaOwlDlComponent_2_0#Mental_nerve,http://www.ihtsdo.org/snomed#Structure_of_mental_nerve,True,1.0
http://bioontology.org/projects/ontologies/fma/fmaOwlDlComponent_2_0#Thoracic_lymph_node,http://www.ihtsdo.org/snomed#Structure_of_lymph_node_of_thorax,False,1.0
http://bioontology.org/projects/ontologies/fma/fmaOwlDlComponent_2_0#Macula_of_utricle_of_membranous_labyrinth,http://www.ihtsdo.org/snomed#Structure_of_macula_of_utricle,True,1.0
http://bioontology.org/projects/ontologies/fma/fmaOwlDlComponent_2_0#Lateral_surface_of_fifth_toe,http://www.ihtsdo.org/snomed#Structure_of_lateral_surface_of_fifth_toe,True,1.0
http://bioontology.org/projects/ontologies/fma/fmaOwlDlComponent_2_0#Cervix_of_uterus,http://www.ihtsdo.org/snomed#Cervical_canal_structure,True,1.0
http://bioontology.org/projects/ontologies/fma/fmaOwlDlComponent_2_0#Neck_of_scapula,http://www.ihtsdo.org/snomed#Structure_of_neck_of_scapula,True,1.0
http://bioontology.org/projects/ontologies/fma/fmaOwlDlComponent_2_0#Root_of_lumbar_spinal_nerve,http://www.ihtsdo.org/snomed#Lumbar_spinal_nerve_root_structure,True,1.0
http://bioontology.org/projects/ontologies/fma/fmaOwlDlComponent_2_0#Set_of_plantar_tarsal_ligaments,http://www.ihtsdo.org/snomed#Structure_of_plantar_tarsal_ligaments,True,1.0
http://bioontology.org/projects/ontologies/fma/fmaOwlDlComponent_2_0#Seventh_costal_cartilage,http://www.ihtsdo.org/snomed#Structure_of_seventh_costal_cartilage,True,1.0
http://bioontology.org/projects/ontologies/fma/fmaOwlDlComponent_2_0#Vein_of_brainstem,http://www.ihtsdo.org/snomed#Brainstem_structure,False,1.0
http://bioontology.org/projects/ontologies/fma/fmaOwlDlComponent_2_0#Paraventricular_nucleus_of_thalamus,http://www.ihtsdo.org/snomed#Structure_of_paraventricular_nucleus,True,1.0
http://bioontology.org/projects/ontologies/fma/fmaOwlDlComponent_2_0#Inferior_pubic_ramus,http://www.ihtsdo.org/snomed#Structure_of_inferior_ramus_of_pubis,True,1.0
http://bioontology.org/projects/ontologies/fma/fmaOwlDlComponent_2_0#Intervertebral_disk_of_tenth_thoracic_vertebra,http://www.ihtsdo.org/snomed#Intervertebral_disc_structure_of_tenth_thoracic_vertebra,True,1.0
http://bioontology.org/projects/ontologies/fma/fmaOwlDlComponent_2_0#Superficial_palmar_arterial_arch,http://www.ihtsdo.org/snomed#Superficial_palmar_arch_structure,True,1.0
http://bioontology.org/projects/ontologies/fma/fmaOwlDlComponent_2_0#Set_of_urethral_glands,http://www.ihtsdo.org/snomed#Urethral_gland_structure,True,1.0
http://bioontology.org/projects/ontologies/fma/fmaOwlDlComponent_2_0#Radial_collateral_ligament_of_wrist_joint,http://www.ihtsdo.org/snomed#Structure_of_collateral_carpal_radial_ligament,True,1.0
http://bioontology.org/projects/ontologies/fma/fmaOwlDlComponent_2_0#Female_external_genitalia,http://www.ihtsdo.org/snomed#Female_external_genitalia_structure,True,1.0
http://bioontology.org/projects/ontologies/fma/fmaOwlDlComponent_2_0#Subfascial_bursa,http://www.ihtsdo.org/snomed#Structure_of_subfascial_bursa,True,1.0
http://bioontology.org/projects/ontologies/fma/fmaOwlDlComponent_2_0#Right_anterior_segmental_vein,http://www.ihtsdo.org/snomed#Structure_of_anterior_branch_of_superior_right_pulmonary_vein,True,1.0
http://bioontology.org/projects/ontologies/fma/fmaOwlDlComponent_2_0#Posterior_wall_of_urinary_bladder,http://www.ihtsdo.org/snomed#Structure_of_posterior_wall_of_urinary_bladder,True,1.0
http://bioontology.org/projects/ontologies/fma/fmaOwlDlComponent_2_0#Left_lower_quadrant_of_abdomen,http://www.ihtsdo.org/snomed#Structure_of_left_lower_quadrant_of_abdomen,True,1.0
http://bioontology.org/projects/ontologies/fma/fmaOwlDlComponent_2_0#Metacarpal_bone,http://www.ihtsdo.org/snomed#Metacarpal_artery,False,1.0
http://bioontology.org/projects/ontologies/fma/fmaOwlDlComponent_2_0#Transverse_fascicle_of_palmar_aponeurosis,http://www.ihtsdo.org/snomed#Structure_of_transverse_fascicles_of_palmar_aponeurosis,True,1.0
http://bioontology.org/projects/ontologies/fma/fmaOwlDlComponent_2_0#Interosseous_muscle_of_hand,http://www.ihtsdo.org/snomed#Structure_of_interosseous_muscle_of_hand,False,1.0
http://bioontology.org/projects/ontologies/fma/fmaOwlDlComponent_2_0#Occipitotemporal_sulcus,http://www.ihtsdo.org/snomed#Structure_of_occipitotemporal_sulcus,True,1.0
http://bioontology.org/projects/ontologies/fma/fmaOwlDlComponent_2_0#Type_II_collagen,http://www.ihtsdo.org/snomed#Collagen_type_I,False,1.0
http://bioontology.org/projects/ontologies/fma/fmaOwlDlComponent_2_0#Semioval_center,http://www.ihtsdo.org/snomed#Structure_of_centrum_semiovale,True,1.0
http://bioontology.org/projects/ontologies/fma/fmaOwlDlComponent_2_0#Lower_eyelid,http://www.ihtsdo.org/snomed#Lower_eyelid_structure,True,1.0
http://bioontology.org/projects/ontologies/fma/fmaOwlDlComponent_2_0#Nucleus_pulposus_of_intervertebral_disk_of_seventh_cervical_vertebra,http://www.ihtsdo.org/snomed#Structure_of_nucleus_pulposus_of_intervertebral_disc_of_seventh_cervical_vertebra,True,1.0
http://bioontology.org/projects/ontologies/fma/fmaOwlDlComponent_2_0#Posterior_tibial_vein,http://www.ihtsdo.org/snomed#Structure_of_posterior_tibial_vein,True,1.0
http://bioontology.org/projects/ontologies/fma/fmaOwlDlComponent_2_0#Set_of_joints_of_hand,http://www.ihtsdo.org/snomed#Hand_joint_structure,True,1.0
http://bioontology.org/projects/ontologies/fma/fmaOwlDlComponent_2_0#Left_ulnar_artery,http://www.ihtsdo.org/snomed#Structure_of_left_ulnar_artery,False,1.0
http://bioontology.org/projects/ontologies/fma/fmaOwlDlComponent_2_0#Set_of_viscera_of_abdomen,http://www.ihtsdo.org/snomed#Abdominal_visceral_artery,False,1.0
http://bioontology.org/projects/ontologies/fma/fmaOwlDlComponent_2_0#Body_of_seventh_thoracic_vertebra,http://www.ihtsdo.org/snomed#Structure_of_body_of_seventh_thoracic_vertebra,True,1.0
http://bioontology.org/projects/ontologies/fma/fmaOwlDlComponent_2_0#Anulus_fibrosus_of_intervertebral_disk_of_fourth_thoracic_vertebra,http://www.ihtsdo.org/snomed#Structure_of_anulus_fibrosus_of_intervertebral_disc_of_fourth_thoracic_vertebra,True,1.0
http://bioontology.org/projects/ontologies/fma/fmaOwlDlComponent_2_0#Left_uterine_tube,http://www.ihtsdo.org/snomed#Structure_of_left_fallopian_tube,True,1.0
http://bioontology.org/projects/ontologies/fma/fmaOwlDlComponent_2_0#Wall_of_heart,http://www.ihtsdo.org/snomed#Cardiac_wall_structure,True,1.0
http://bioontology.org/projects/ontologies/fma/fmaOwlDlComponent_2_0#Hepatopancreatic_ampulla,http://www.ihtsdo.org/snomed#Structure_of_ampulla_of_Vater,True,1.0
http://bioontology.org/projects/ontologies/fma/fmaOwlDlComponent_2_0#Skin_of_buttock,http://www.ihtsdo.org/snomed#Skin_structure_of_buttock,True,1.0
http://bioontology.org/projects/ontologies/fma/fmaOwlDlComponent_2_0#Red_nucleus,http://www.ihtsdo.org/snomed#Red_nucleus_structure,True,1.0
http://bioontology.org/projects/ontologies/fma/fmaOwlDlComponent_2_0#Left_posterior_segmental_artery,http://www.ihtsdo.org/snomed#Segment_of_circumflex_coronary_artery,False,1.0
http://bioontology.org/projects/ontologies/fma/fmaOwlDlComponent_2_0#Sympathetic_nervous_system,http://www.ihtsdo.org/snomed#Procedure_on_sympathetic_nerve,False,1.0
http://bioontology.org/projects/ontologies/fma/fmaOwlDlComponent_2_0#Set_of_posterior_veins_of_left_ventricle,http://www.ihtsdo.org/snomed#Structure_of_posterior_vein_of_left_ventricle,True,1.0
http://bioontology.org/projects/ontologies/fma/fmaOwlDlComponent_2_0#Olfactory_gland,http://www.ihtsdo.org/snomed#Structure_of_olfactory_gland,False,1.0
http://bioontology.org/projects/ontologies/fma/fmaOwlDlComponent_2_0#Facial_branch_of_facial_artery,http://www.ihtsdo.org/snomed#Branch_of_facial_artery,True,1.0
http://bioontology.org/projects/ontologies/fma/fmaOwlDlComponent_2_0#Bone_of_waist_of_scaphoid,http://www.ihtsdo.org/snomed#Structure_of_waist_of_scaphoid_bone,True,1.0
http://bioontology.org/projects/ontologies/fma/fmaOwlDlComponent_2_0#Uterovesical_pouch,http://www.ihtsdo.org/snomed#Structure_of_vesicouterine_pouch,True,1.0
http://bioontology.org/projects/ontologies/fma/fmaOwlDlComponent_2_0#Anterior_chest_wall,http://www.ihtsdo.org/snomed#Anterior_chest_wall_structure,True,1.0
http://bioontology.org/projects/ontologies/fma/fmaOwlDlComponent_2_0#Seventh_intercostal_nerve,http://www.ihtsdo.org/snomed#Seventh_intercostal_nerve,True,1.0
http://bioontology.org/projects/ontologies/fma/fmaOwlDlComponent_2_0#Anterior_commissure_of_labium_majus,http://www.ihtsdo.org/snomed#Commissure_of_labium_majorum,True,1.0
http://bioontology.org/projects/ontologies/fma/fmaOwlDlComponent_2_0#Recurrent_laryngeal_nerve,http://www.ihtsdo.org/snomed#Structure_of_recurrent_laryngeal_nerve,False,1.0
http://bioontology.org/projects/ontologies/fma/fmaOwlDlComponent_2_0#Intracranial_part_of_optic_nerve,http://www.ihtsdo.org/snomed#Structure_of_intracranial_part_of_optic_nerve,True,1.0
http://bioontology.org/projects/ontologies/fma/fmaOwlDlComponent_2_0#Superior_macular_artery,http://www.ihtsdo.org/snomed#Structure_of_superior_macular_artery,True,1.0
http://bioontology.org/projects/ontologies/fma/fmaOwlDlComponent_2_0#Myocardium_of_right_ventricle,http://www.ihtsdo.org/snomed#Structure_of_myocardium_of_right_ventricle,True,1.0
http://bioontology.org/projects/ontologies/fma/fmaOwlDlComponent_2_0#Inferior_tympanic_artery,http://www.ihtsdo.org/snomed#Structure_of_inferior_tympanic_branch_of_ascending_pharyngeal_artery,True,1.0
http://bioontology.org/projects/ontologies/fma/fmaOwlDlComponent_2_0#Dorsal_surface_of_little_finger,http://www.ihtsdo.org/snomed#Structure_of_dorsal_surface_of_little_finger,True,1.0
http://bioontology.org/projects/ontologies/fma/fmaOwlDlComponent_2_0#Distal_epiphysis_of_phalanx_of_toe,http://www.ihtsdo.org/snomed#Structure_of_distal_phalanx_of_foot,True,1.0
http://bioontology.org/projects/ontologies/fma/fmaOwlDlComponent_2_0#Tuberosity_of_distal_phalanx_of_hand,http://www.ihtsdo.org/snomed#Structure_of_tuberosity_of_distal_phalanx_of_hand,True,1.0
http://bioontology.org/projects/ontologies/fma/fmaOwlDlComponent_2_0#Descending_aorta,http://www.ihtsdo.org/snomed#Descending_aorta_structure,True,1.0
http://bioontology.org/projects/ontologies/fma/fmaOwlDlComponent_2_0#Ankle_joint,http://www.ihtsdo.org/snomed#Ankle_joint_structure,True,1.0
http://bioontology.org/projects/ontologies/fma/fmaOwlDlComponent_2_0#Equator_of_eyeball,http://www.ihtsdo.org/snomed#Structure_of_equator_of_eyeball,True,1.0
http://bioontology.org/projects/ontologies/fma/fmaOwlDlComponent_2_0#Sublingual_gland,http://www.ihtsdo.org/snomed#Structure_of_sublingual_duct,False,1.0
http://bioontology.org/projects/ontologies/fma/fmaOwlDlComponent_2_0#Anorectal_junction,http://www.ihtsdo.org/snomed#Structure_of_anorectal_junction,True,1.0
http://bioontology.org/projects/ontologies/fma/fmaOwlDlComponent_2_0#Set_of_deep_temporal_veins,http://www.ihtsdo.org/snomed#Structure_of_deep_temporal_vein,True,1.0
http://bioontology.org/projects/ontologies/fma/fmaOwlDlComponent_2_0#Head_of_first_rib,http://www.ihtsdo.org/snomed#Structure_of_neck_of_first_rib,False,1.0
http://bioontology.org/projects/ontologies/fma/fmaOwlDlComponent_2_0#Neck_of_first_rib,http://www.ihtsdo.org/snomed#Structure_of_neck_of_first_rib,True,1.0
http://bioontology.org/projects/ontologies/fma/fmaOwlDlComponent_2_0#Fascia_of_plantaris,http://www.ihtsdo.org/snomed#Plantar_fascia_structure,True,1.0
http://bioontology.org/projects/ontologies/fma/fmaOwlDlComponent_2_0#Costal_arch,http://www.ihtsdo.org/snomed#Structure_of_costal_arch,True,1.0
http://bioontology.org/projects/ontologies/fma/fmaOwlDlComponent_2_0#Tuberomammillary_nucleus,http://www.ihtsdo.org/snomed#Structure_of_tuberomammillary_nucleus,True,1.0
http://bioontology.org/projects/ontologies/fma/fmaOwlDlComponent_2_0#Set_of_fingers,http://www.ihtsdo.org/snomed#Digit_of_hand_structure,True,1.0
http://bioontology.org/projects/ontologies/fma/fmaOwlDlComponent_2_0#Tendon_of_fourth_lumbrical_of_hand,http://www.ihtsdo.org/snomed#Fourth_lumbrical_muscle_of_hand,False,1.0
http://bioontology.org/projects/ontologies/fma/fmaOwlDlComponent_2_0#Anterior_cusp_of_aortic_valve,http://www.ihtsdo.org/snomed#Structure_of_right_cusp_of_aortic_valve,True,1.0
http://bioontology.org/projects/ontologies/fma/fmaOwlDlComponent_2_0#Articular_capsule_of_distal_radio_ulnar_joint,http://www.ihtsdo.org/snomed#Structure_of_capsule_of_distal_radioulnar_joint,True,1.0
http://bioontology.org/projects/ontologies/fma/fmaOwlDlComponent_2_0#Frontal_diploic_vein,http://www.ihtsdo.org/snomed#Structure_of_frontal_diploic_vein,False,1.0
http://bioontology.org/projects/ontologies/fma/fmaOwlDlComponent_2_0#Oblique_fissure_of_left_lung_space_,http://www.ihtsdo.org/snomed#Structure_of_oblique_interlobar_fissure_of_left_lung,True,1.0
http://bioontology.org/projects/ontologies/fma/fmaOwlDlComponent_2_0#Vestibular_nuclear_complex,http://www.ihtsdo.org/snomed#Vestibular_nucleus_structure,True,1.0
http://bioontology.org/projects/ontologies/fma/fmaOwlDlComponent_2_0#Intervertebral_disk_of_third_cervical_vertebra,http://www.ihtsdo.org/snomed#Intervertebral_disc_structure_of_third_cervical_vertebra,True,1.0
http://bioontology.org/projects/ontologies/fma/fmaOwlDlComponent_2_0#Rectovaginal_septum,http://www.ihtsdo.org/snomed#Structure_of_rectovaginal_septum,True,1.0
http://bioontology.org/projects/ontologies/fma/fmaOwlDlComponent_2_0#Inner_circular_layer_of_fibrous_membrane_of_articular_capsule_of_hip_joint,http://www.ihtsdo.org/snomed#Structure_of_zona_orbicularis_of_hip_joint,True,1.0
http://bioontology.org/projects/ontologies/fma/fmaOwlDlComponent_2_0#Posterior_spinocerebellar_tract,http://www.ihtsdo.org/snomed#Structure_of_dorsal_spinocerebellar_tract,True,1.0
http://bioontology.org/projects/ontologies/fma/fmaOwlDlComponent_2_0#Hypochondrium,http://www.ihtsdo.org/snomed#Hypochondriac_region_structure,True,1.0
http://bioontology.org/projects/ontologies/fma/fmaOwlDlComponent_2_0#Midbrain_reticular_formation,http://www.ihtsdo.org/snomed#Structure_of_reticular_formation_of_midbrain,True,1.0
http://bioontology.org/projects/ontologies/fma/fmaOwlDlComponent_2_0#Fourth_sacral_vertebra,http://www.ihtsdo.org/snomed#Structure_of_fourth_sacral_vertebra,True,1.0
http://bioontology.org/projects/ontologies/fma/fmaOwlDlComponent_2_0#Superior_nasal_meatus,http://www.ihtsdo.org/snomed#Structure_of_superior_nasal_meatus,True,1.0
http://bioontology.org/projects/ontologies/fma/fmaOwlDlComponent_2_0#Sigmoid_colon,http://www.ihtsdo.org/snomed#Sigmoid_colon_structure,True,1.0
http://bioontology.org/projects/ontologies/fma/fmaOwlDlComponent_2_0#Thyrohyoid_ligament,http://www.ihtsdo.org/snomed#Structure_of_thyrohyoid_ligament,True,1.0
http://bioontology.org/projects/ontologies/fma/fmaOwlDlComponent_2_0#Set_of_gastric_folds,http://www.ihtsdo.org/snomed#Structure_of_gastric_rugae,False,1.0
http://bioontology.org/projects/ontologies/fma/fmaOwlDlComponent_2_0#Epigastrium,http://www.ihtsdo.org/snomed#Epigastric_region_structure,True,1.0
http://bioontology.org/projects/ontologies/fma/fmaOwlDlComponent_2_0#Fascia_of_temporalis,http://www.ihtsdo.org/snomed#Temporal_fascia_structure,True,1.0
http://bioontology.org/projects/ontologies/fma/fmaOwlDlComponent_2_0#Internal_pudendal_artery,http://www.ihtsdo.org/snomed#Structure_of_internal_pudendal_artery,True,1.0
http://bioontology.org/projects/ontologies/fma/fmaOwlDlComponent_2_0#Set_of_muscles_of_tongue,http://www.ihtsdo.org/snomed#Muscle_of_tongue,True,1.0
http://bioontology.org/projects/ontologies/fma/fmaOwlDlComponent_2_0#Calcaneofibular_ligament,http://www.ihtsdo.org/snomed#Structure_of_calcaneofibular_ligament,False,1.0
http://bioontology.org/projects/ontologies/fma/fmaOwlDlComponent_2_0#Posterior_mediastinum,http://www.ihtsdo.org/snomed#Structure_of_posterior_mediastinum,True,1.0
http://bioontology.org/projects/ontologies/fma/fmaOwlDlComponent_2_0#Segmental_bronchus,http://www.ihtsdo.org/snomed#Segmental_bronchus_structure,True,1.0
http://bioontology.org/projects/ontologies/fma/fmaOwlDlComponent_2_0#Iliolumbar_artery,http://www.ihtsdo.org/snomed#Structure_of_iliolumbar_artery,True,1.0
http://bioontology.org/projects/ontologies/fma/fmaOwlDlComponent_2_0#Deferent_duct,http://www.ihtsdo.org/snomed#Vas_deferens_structure,True,1.0
http://bioontology.org/projects/ontologies/fma/fmaOwlDlComponent_2_0#Optic_axis,http://www.ihtsdo.org/snomed#Optic_axis_structure,True,1.0
http://bioontology.org/projects/ontologies/fma/fmaOwlDlComponent_2_0#Skin_of_glans_penis,http://www.ihtsdo.org/snomed#Skin_structure_of_glans_penis,True,1.0
http://bioontology.org/projects/ontologies/fma/fmaOwlDlComponent_2_0#Body_of_twelfth_thoracic_vertebra,http://www.ihtsdo.org/snomed#Structure_of_body_of_twelfth_thoracic_vertebra,True,1.0
http://bioontology.org/projects/ontologies/fma/fmaOwlDlComponent_2_0#Lateral_femoral_cutaneous_nerve,http://www.ihtsdo.org/snomed#Structure_of_lateral_femoral_cutaneous_nerve,True,1.0
http://bioontology.org/projects/ontologies/fma/fmaOwlDlComponent_2_0#Extra_ocular_muscle,http://www.ihtsdo.org/snomed#Structure_of_extraocular_muscle,True,1.0
http://bioontology.org/projects/ontologies/fma/fmaOwlDlComponent_2_0#Head_of_talus,http://www.ihtsdo.org/snomed#Structure_of_head_of_talus,True,1.0
http://bioontology.org/projects/ontologies/fma/fmaOwlDlComponent_2_0#Lesser_sciatic_notch,http://www.ihtsdo.org/snomed#Structure_of_lesser_sciatic_notch,True,1.0
http://bioontology.org/projects/ontologies/fma/fmaOwlDlComponent_2_0#Left_testicular_vein,http://www.ihtsdo.org/snomed#Structure_of_left_testicular_vein,False,1.0
http://bioontology.org/projects/ontologies/fma/fmaOwlDlComponent_2_0#Superior_articular_process_of_seventh_cervical_vertebra,http://www.ihtsdo.org/snomed#Structure_of_superior_articular_process_of_seventh_cervical_vertebra,True,1.0
http://bioontology.org/projects/ontologies/fma/fmaOwlDlComponent_2_0#Set_of_tonsillar_branches_of_glossopharyngeal_nerve,http://www.ihtsdo.org/snomed#Tonsillar_branch_of_glossopharyngeal_nerve,True,1.0
http://bioontology.org/projects/ontologies/fma/fmaOwlDlComponent_2_0#Descending_branch_of_occipital_artery,http://www.ihtsdo.org/snomed#Structure_of_descending_branch_of_occipital_artery,True,1.0
http://bioontology.org/projects/ontologies/fma/fmaOwlDlComponent_2_0#Presymphysial_lymph_node,http://www.ihtsdo.org/snomed#Structure_of_presymphysial_lymph_node,True,1.0
http://bioontology.org/projects/ontologies/fma/fmaOwlDlComponent_2_0#Set_of_interlobular_arteries_of_kidney,http://www.ihtsdo.org/snomed#Structure_of_interlobular_artery_of_kidney,True,1.0
http://bioontology.org/projects/ontologies/fma/fmaOwlDlComponent_2_0#Posterior_temporal_artery,http://www.ihtsdo.org/snomed#Structure_of_posterior_temporal_artery,True,1.0
http://bioontology.org/projects/ontologies/fma/fmaOwlDlComponent_2_0#Cylindrical,http://www.ihtsdo.org/snomed#Cylindrical,False,1.0
http://bioontology.org/projects/ontologies/fma/fmaOwlDlComponent_2_0#Neck_of_malleus,http://www.ihtsdo.org/snomed#Structure_of_neck_of_malleus,True,1.0
http://bioontology.org/projects/ontologies/fma/fmaOwlDlComponent_2_0#Vein_of_olfactory_gyrus,http://www.ihtsdo.org/snomed#Structure_of_olfactory_gyrus_vein,True,1.0
http://bioontology.org/projects/ontologies/fma/fmaOwlDlComponent_2_0#Right_foot,http://www.ihtsdo.org/snomed#Foot_artery,False,1.0
http://bioontology.org/projects/ontologies/fma/fmaOwlDlComponent_2_0#Laryngeal_vestibule,http://www.ihtsdo.org/snomed#Structure_of_vestibule_of_larynx,True,1.0
http://bioontology.org/projects/ontologies/fma/fmaOwlDlComponent_2_0#Crest_of_head_of_ninth_rib,http://www.ihtsdo.org/snomed#Structure_of_crest_of_head_of_ninth_rib,True,1.0
http://bioontology.org/projects/ontologies/fma/fmaOwlDlComponent_2_0#Skin_of_head,http://www.ihtsdo.org/snomed#Skin_structure_of_head,True,1.0
http://bioontology.org/projects/ontologies/fma/fmaOwlDlComponent_2_0#Interleukin,http://www.ihtsdo.org/snomed#Interleukin_10,False,1.0
http://bioontology.org/projects/ontologies/fma/fmaOwlDlComponent_2_0#Accessory_pancreas,http://www.ihtsdo.org/snomed#Accessory_pancreas,True,1.0
http://bioontology.org/projects/ontologies/fma/fmaOwlDlComponent_2_0#Seventh_thoracic_vertebral_arch,http://www.ihtsdo.org/snomed#Structure_of_arch_of_seventh_thoracic_vertebra,True,1.0
http://bioontology.org/projects/ontologies/fma/fmaOwlDlComponent_2_0#Lateral_surface_of_thumb,http://www.ihtsdo.org/snomed#Structure_of_lateral_surface_of_thumb,True,1.0
http://bioontology.org/projects/ontologies/fma/fmaOwlDlComponent_2_0#Fimbria_of_hippocampus,http://www.ihtsdo.org/snomed#Structure_of_fimbria_of_hippocampus,True,1.0
http://bioontology.org/projects/ontologies/fma/fmaOwlDlComponent_2_0#Set_of_pancreatic_veins,http://www.ihtsdo.org/snomed#Structure_of_pancreatic_vein,True,1.0
http://bioontology.org/projects/ontologies/fma/fmaOwlDlComponent_2_0#Set_of_long_ciliary_nerves,http://www.ihtsdo.org/snomed#Long_ciliary_nerve,False,1.0
http://bioontology.org/projects/ontologies/fma/fmaOwlDlComponent_2_0#Lobe_of_parotid_gland,http://www.ihtsdo.org/snomed#Structure_of_lobule_of_parotid_gland,True,1.0
http://bioontology.org/projects/ontologies/fma/fmaOwlDlComponent_2_0#Set_of_lobules_of_testis,http://www.ihtsdo.org/snomed#Structure_of_lobule_of_testis,True,1.0
http://bioontology.org/projects/ontologies/fma/fmaOwlDlComponent_2_0#Bulbo_urethral_gland,http://www.ihtsdo.org/snomed#Bulbourethral_gland_structure,True,1.0
http://bioontology.org/projects/ontologies/fma/fmaOwlDlComponent_2_0#Left_second_lumbar_vein,http://www.ihtsdo.org/snomed#Structure_of_second_left_lumbar_vein,True,1.0
http://bioontology.org/projects/ontologies/fma/fmaOwlDlComponent_2_0#Muscular_venule,http://www.ihtsdo.org/snomed#Structure_of_muscular_venule,True,1.0
http://bioontology.org/projects/ontologies/fma/fmaOwlDlComponent_2_0#Basilic_vein,http://www.ihtsdo.org/snomed#Structure_of_basilic_vein,False,1.0
http://bioontology.org/projects/ontologies/fma/fmaOwlDlComponent_2_0#Right_middle_ear,http://www.ihtsdo.org/snomed#Right_middle_ear_structure,True,1.0
http://bioontology.org/projects/ontologies/fma/fmaOwlDlComponent_2_0#Set_of_proper_plantar_digital_nerves,http://www.ihtsdo.org/snomed#Structure_of_proper_plantar_digital_nerves,True,1.0
http://bioontology.org/projects/ontologies/fma/fmaOwlDlComponent_2_0#Set_of_thymic_branches_of_internal_thoracic_artery,http://www.ihtsdo.org/snomed#Structure_of_thymic_branch_of_internal_thoracic_artery,True,1.0
http://bioontology.org/projects/ontologies/fma/fmaOwlDlComponent_2_0#Anterior_perforated_substance,http://www.ihtsdo.org/snomed#Structure_of_anterior_perforated_substance,True,1.0
http://bioontology.org/projects/ontologies/fma/fmaOwlDlComponent_2_0#Root_of_lung,http://www.ihtsdo.org/snomed#Lung_root,True,1.0
http://bioontology.org/projects/ontologies/fma/fmaOwlDlComponent_2_0#Red_bone_marrow,http://www.ihtsdo.org/snomed#Structure_of_red_bone_marrow,False,1.0
http://bioontology.org/projects/ontologies/fma/fmaOwlDlComponent_2_0#Posterior_vagal_trunk,http://www.ihtsdo.org/snomed#Structure_of_posterior_vagal_trunk,True,1.0
http://bioontology.org/projects/ontologies/fma/fmaOwlDlComponent_2_0#Pubocervical_ligament,http://www.ihtsdo.org/snomed#Pubovesical_ligament,True,1.0
http://bioontology.org/projects/ontologies/fma/fmaOwlDlComponent_2_0#Iliopubic_eminence,http://www.ihtsdo.org/snomed#Structure_of_iliopubic_eminence,False,1.0
http://bioontology.org/projects/ontologies/fma/fmaOwlDlComponent_2_0#Superior_lingular_bronchus,http://www.ihtsdo.org/snomed#Structure_of_superior_lingular_bronchus,True,1.0
http://bioontology.org/projects/ontologies/fma/fmaOwlDlComponent_2_0#Skin_of_pelvis,http://www.ihtsdo.org/snomed#Skin_structure_of_pelvis,True,1.0
http://bioontology.org/projects/ontologies/fma/fmaOwlDlComponent_2_0#Foramen_magnum,http://www.ihtsdo.org/snomed#Structure_of_foramen_magnum,True,1.0
http://bioontology.org/projects/ontologies/fma/fmaOwlDlComponent_2_0#Paroophoron,http://www.ihtsdo.org/snomed#Kobelt_s_tubules,False,1.0
http://bioontology.org/projects/ontologies/fma/fmaOwlDlComponent_2_0#Palmar_surface_of_thumb,http://www.ihtsdo.org/snomed#Structure_of_palmar_surface_of_thumb,True,1.0
http://bioontology.org/projects/ontologies/fma/fmaOwlDlComponent_2_0#Nail_of_big_toe,http://www.ihtsdo.org/snomed#Structure_of_nail_of_great_toe,True,1.0
http://bioontology.org/projects/ontologies/fma/fmaOwlDlComponent_2_0#Left_side_of_face,http://www.ihtsdo.org/snomed#Structure_of_left_side_of_face,True,1.0
http://bioontology.org/projects/ontologies/fma/fmaOwlDlComponent_2_0#Ophthalmic_nerve,http://www.ihtsdo.org/snomed#Structure_of_ophthalmic_nerve,True,1.0
http://bioontology.org/projects/ontologies/fma/fmaOwlDlComponent_2_0#Pisohamate_ligament,http://www.ihtsdo.org/snomed#Structure_of_pisohamate_ligament,True,1.0
http://bioontology.org/projects/ontologies/fma/fmaOwlDlComponent_2_0#Set_of_skin_ligaments,http://www.ihtsdo.org/snomed#Retinacula_cutis,True,1.0
http://bioontology.org/projects/ontologies/fma/fmaOwlDlComponent_2_0#Superior_frontal_sulcus,http://www.ihtsdo.org/snomed#Structure_of_superior_frontal_sulcus,True,1.0
http://bioontology.org/projects/ontologies/fma/fmaOwlDlComponent_2_0#Capitate,http://www.ihtsdo.org/snomed#Structure_of_capitate_bone,True,1.0
http://bioontology.org/projects/ontologies/fma/fmaOwlDlComponent_2_0#Tendon_of_plantaris,http://www.ihtsdo.org/snomed#Tendon_of_plantar_muscle,True,1.0
http://bioontology.org/projects/ontologies/fma/fmaOwlDlComponent_2_0#Ascending_pharyngeal_artery,http://www.ihtsdo.org/snomed#Structure_of_ascending_pharyngeal_artery,False,1.0
http://bioontology.org/projects/ontologies/fma/fmaOwlDlComponent_2_0#Endocardium_of_atrium,http://www.ihtsdo.org/snomed#Structure_of_endocardium_of_atrium,True,1.0
http://bioontology.org/projects/ontologies/fma/fmaOwlDlComponent_2_0#Lesser_sac,http://www.ihtsdo.org/snomed#Omental_bursa_structure,True,1.0
http://bioontology.org/projects/ontologies/fma/fmaOwlDlComponent_2_0#Right_middle_cerebral_artery,http://www.ihtsdo.org/snomed#Structure_of_right_middle_cerebral_artery,True,1.0
http://bioontology.org/projects/ontologies/fma/fmaOwlDlComponent_2_0#Set_of_bursae_of_neck,http://www.ihtsdo.org/snomed#Structure_of_bursa_of_neck,False,1.0
http://bioontology.org/projects/ontologies/fma/fmaOwlDlComponent_2_0#Superior_longitudinal_muscle_of_tongue,http://www.ihtsdo.org/snomed#Structure_of_superior_longitudinal_muscle_of_tongue,True,1.0
http://bioontology.org/projects/ontologies/fma/fmaOwlDlComponent_2_0#Pelvic_lymph_node,http://www.ihtsdo.org/snomed#Pelvic_lymph_node_structure,True,1.0
http://bioontology.org/projects/ontologies/fma/fmaOwlDlComponent_2_0#Portal_vein,http://www.ihtsdo.org/snomed#Portal_vein_structure,True,1.0
http://bioontology.org/projects/ontologies/fma/fmaOwlDlComponent_2_0#Body_of_third_cervical_vertebra,http://www.ihtsdo.org/snomed#Structure_of_body_of_third_cervical_vertebra,True,1.0
http://bioontology.org/projects/ontologies/fma/fmaOwlDlComponent_2_0#Intralobular_duct_of_pancreas,http://www.ihtsdo.org/snomed#Structure_of_intralobular_duct_of_pancreas,True,1.0
http://bioontology.org/projects/ontologies/fma/fmaOwlDlComponent_2_0#Occipital_branch_of_posterior_auricular_artery,http://www.ihtsdo.org/snomed#Structure_of_occipital_branch_of_posterior_auricular_artery,True,1.0
http://bioontology.org/projects/ontologies/fma/fmaOwlDlComponent_2_0#External_iliac_vein,http://www.ihtsdo.org/snomed#Structure_of_external_iliac_vein,True,1.0
http://bioontology.org/projects/ontologies/fma/fmaOwlDlComponent_2_0#Auricular_branch_of_vagus_nerve,http://www.ihtsdo.org/snomed#Structure_of_vagus_nerve_auricular_branch,True,1.0
http://bioontology.org/projects/ontologies/fma/fmaOwlDlComponent_2_0#Middle_trunk_of_brachial_nerve_plexus,http://www.ihtsdo.org/snomed#Structure_of_middle_trunk_of_brachial_plexus,True,1.0
http://bioontology.org/projects/ontologies/fma/fmaOwlDlComponent_2_0#Skin_of_ring_finger,http://www.ihtsdo.org/snomed#Skin_structure_of_ring_finger,True,1.0
http://bioontology.org/projects/ontologies/fma/fmaOwlDlComponent_2_0#Anterior_superior_alveolar_nerve,http://www.ihtsdo.org/snomed#Structure_of_anterior_superior_alveolar_nerve,True,1.0
http://bioontology.org/projects/ontologies/fma/fmaOwlDlComponent_2_0#Skin_of_scrotum,http://www.ihtsdo.org/snomed#Scrotal_part,True,1.0
http://bioontology.org/projects/ontologies/fma/fmaOwlDlComponent_2_0#Skin_of_sole_of_foot,http://www.ihtsdo.org/snomed#Skin_structure_of_sole_of_foot,True,1.0
http://bioontology.org/projects/ontologies/fma/fmaOwlDlComponent_2_0#Vertex,http://www.ihtsdo.org/snomed#Vertex_structure,True,1.0
http://bioontology.org/projects/ontologies/fma/fmaOwlDlComponent_2_0#Bony_part_of_nasal_septum,http://www.ihtsdo.org/snomed#Structure_of_bony_part_of_nasal_septum,True,1.0
http://bioontology.org/projects/ontologies/fma/fmaOwlDlComponent_2_0#Lateral_occipital_gyrus,http://www.ihtsdo.org/snomed#Structure_of_lateral_occipital_gyrus,True,1.0
http://bioontology.org/projects/ontologies/fma/fmaOwlDlComponent_2_0#Femoral_triangle,http://www.ihtsdo.org/snomed#Femoral_triangle_structure,True,1.0
http://bioontology.org/projects/ontologies/fma/fmaOwlDlComponent_2_0#Fibrous_capsule_of_kidney,http://www.ihtsdo.org/snomed#Structure_of_capsule_of_kidney,True,1.0
http://bioontology.org/projects/ontologies/fma/fmaOwlDlComponent_2_0#Set_of_small_cardiac_veins,http://www.ihtsdo.org/snomed#Structure_of_small_cardiac_vein,False,1.0
http://bioontology.org/projects/ontologies/fma/fmaOwlDlComponent_2_0#Lamina_of_third_lumbar_vertebra,http://www.ihtsdo.org/snomed#Structure_of_lamina_of_third_lumbar_vertebra,True,1.0
http://bioontology.org/projects/ontologies/fma/fmaOwlDlComponent_2_0#Thalamus,http://www.ihtsdo.org/snomed#Thalamic_structure,True,1.0
http://bioontology.org/projects/ontologies/fma/fmaOwlDlComponent_2_0#Pedicle_of_tenth_thoracic_vertebra,http://www.ihtsdo.org/snomed#Structure_of_pedicle_of_tenth_thoracic_vertebra,True,1.0
http://bioontology.org/projects/ontologies/fma/fmaOwlDlComponent_2_0#Distal_epiphysis_of_fifth_metatarsal_bone,http://www.ihtsdo.org/snomed#Structure_of_head_of_fifth_metatarsal_bone,True,1.0
http://bioontology.org/projects/ontologies/fma/fmaOwlDlComponent_2_0#Posterior_surface_of_kidney,http://www.ihtsdo.org/snomed#Structure_of_posterior_surface_of_kidney,True,1.0
http://bioontology.org/projects/ontologies/fma/fmaOwlDlComponent_2_0#Posterior_thoracic_wall,http://www.ihtsdo.org/snomed#Posterior_chest_wall_structure,True,1.0
http://bioontology.org/projects/ontologies/fma/fmaOwlDlComponent_2_0#Falx_cerebelli,http://www.ihtsdo.org/snomed#Structure_of_falx_cerebelli,True,1.0
http://bioontology.org/projects/ontologies/fma/fmaOwlDlComponent_2_0#Right_lower_eyelid,http://www.ihtsdo.org/snomed#Structure_of_right_lower_eyelid,True,1.0
http://bioontology.org/projects/ontologies/fma/fmaOwlDlComponent_2_0#Set_of_superior_pancreaticoduodenal_lymph_nodes,http://www.ihtsdo.org/snomed#Structure_of_superior_pancreaticoduodenal_lymph_node,True,1.0
http://bioontology.org/projects/ontologies/fma/fmaOwlDlComponent_2_0#Phalanx_of_little_toe,http://www.ihtsdo.org/snomed#Structure_of_phalanx_of_little_toe,True,1.0
http://bioontology.org/projects/ontologies/fma/fmaOwlDlComponent_2_0#Anterior_superior_renal_segment,http://www.ihtsdo.org/snomed#Structure_of_anterior_superior_renal_segment,True,1.0
http://bioontology.org/projects/ontologies/fma/fmaOwlDlComponent_2_0#Infra_orbital_margin_of_maxilla,http://www.ihtsdo.org/snomed#Structure_of_infraorbital_margin_of_maxilla,True,1.0
http://bioontology.org/projects/ontologies/fma/fmaOwlDlComponent_2_0#Nasopharyngeal_meatus,http://www.ihtsdo.org/snomed#Structure_of_nasopharyngeal_meatus,True,1.0
http://bioontology.org/projects/ontologies/fma/fmaOwlDlComponent_2_0#Medial_lemniscus_of_pons,http://www.ihtsdo.org/snomed#Structure_of_medial_lemniscus_in_pons,True,1.0
http://bioontology.org/projects/ontologies/fma/fmaOwlDlComponent_2_0#Middle_hepatic_vein,http://www.ihtsdo.org/snomed#Structure_of_middle_hepatic_vein,True,1.0
http://bioontology.org/projects/ontologies/fma/fmaOwlDlComponent_2_0#Salpingopharyngeal_fold,http://www.ihtsdo.org/snomed#Structure_of_salpingopharyngeal_fold,True,1.0
http://bioontology.org/projects/ontologies/fma/fmaOwlDlComponent_2_0#Sternal_end_of_clavicle,http://www.ihtsdo.org/snomed#Structure_of_sternal_end_of_clavicle,True,1.0
http://bioontology.org/projects/ontologies/fma/fmaOwlDlComponent_2_0#Deep_infrapatellar_bursa,http://www.ihtsdo.org/snomed#Structure_of_deep_infrapatellar_bursa,True,1.0
http://bioontology.org/projects/ontologies/fma/fmaOwlDlComponent_2_0#Synovial_joint_of_pelvic_girdle,http://www.ihtsdo.org/snomed#Structure_of_ligament_of_pelvic_girdle,False,1.0
http://bioontology.org/projects/ontologies/fma/fmaOwlDlComponent_2_0#Set_of_suspensory_ligaments_of_breast,http://www.ihtsdo.org/snomed#Structure_of_suspensory_ligament_of_breast,True,1.0
http://bioontology.org/projects/ontologies/fma/fmaOwlDlComponent_2_0#Set_of_bronchioles,http://www.ihtsdo.org/snomed#Bronchiole_structure,True,1.0
http://bioontology.org/projects/ontologies/fma/fmaOwlDlComponent_2_0#Skin_of_index_finger,http://www.ihtsdo.org/snomed#Skin_structure_of_index_finger,True,1.0
http://bioontology.org/projects/ontologies/fma/fmaOwlDlComponent_2_0#Median_umbilical_fold,http://www.ihtsdo.org/snomed#Structure_of_medial_umbilical_fold,True,1.0
http://bioontology.org/projects/ontologies/fma/fmaOwlDlComponent_2_0#Scleral_spur,http://www.ihtsdo.org/snomed#Structure_of_scleral_spur,True,1.0
http://bioontology.org/projects/ontologies/fma/fmaOwlDlComponent_2_0#Anteroventral_nucleus,http://www.ihtsdo.org/snomed#Structure_of_anteroventral_nucleus_of_thalamus,True,1.0
http://bioontology.org/projects/ontologies/fma/fmaOwlDlComponent_2_0#Orbital_septum,http://www.ihtsdo.org/snomed#Structure_of_orbital_septum,True,1.0
http://bioontology.org/projects/ontologies/fma/fmaOwlDlComponent_2_0#Subdivision_of_surface_of_hand,http://www.ihtsdo.org/snomed#Surface_region_of_hand,True,1.0
http://bioontology.org/projects/ontologies/fma/fmaOwlDlComponent_2_0#External_jugular_vein,http://www.ihtsdo.org/snomed#Structure_of_external_jugular_vein,True,1.0
http://bioontology.org/projects/ontologies/fma/fmaOwlDlComponent_2_0#Inferior_frontal_gyrus,http://www.ihtsdo.org/snomed#Structure_of_inferior_frontal_gyrus,True,1.0
http://bioontology.org/projects/ontologies/fma/fmaOwlDlComponent_2_0#Synchondrosis,http://www.ihtsdo.org/snomed#Synchondrosis_structure,True,1.0
http://bioontology.org/projects/ontologies/fma/fmaOwlDlComponent_2_0#Popliteal_fossa,http://www.ihtsdo.org/snomed#Popliteal_fossa_structure,True,1.0
http://bioontology.org/projects/ontologies/fma/fmaOwlDlComponent_2_0#Follicle_of_ovary,http://www.ihtsdo.org/snomed#Ovarian_follicle_structure,True,1.0
http://bioontology.org/projects/ontologies/fma/fmaOwlDlComponent_2_0#Set_of_cerebral_gyri,http://www.ihtsdo.org/snomed#Structure_of_cerebral_gyrus,True,1.0
http://bioontology.org/projects/ontologies/fma/fmaOwlDlComponent_2_0#Set_of_capsular_ligaments,http://www.ihtsdo.org/snomed#Structure_of_capsular_ligament,True,1.0
http://bioontology.org/projects/ontologies/fma/fmaOwlDlComponent_2_0#Deep_dorsal_vein_of_clitoris,http://www.ihtsdo.org/snomed#Structure_of_deep_dorsal_vein_of_clitoris,True,1.0
http://bioontology.org/projects/ontologies/fma/fmaOwlDlComponent_2_0#Intralaminar_nuclear_group_of_thalamus,http://www.ihtsdo.org/snomed#Structure_of_intralaminar_nuclear_group_of_thalamus,True,1.0
http://bioontology.org/projects/ontologies/fma/fmaOwlDlComponent_2_0#Tributary_of_facial_vein,http://www.ihtsdo.org/snomed#Structure_of_tributary_of_facial_vein,True,1.0
http://bioontology.org/projects/ontologies/fma/fmaOwlDlComponent_2_0#Costoxiphoid_ligament,http://www.ihtsdo.org/snomed#Structure_of_costoxiphoid_ligaments,True,1.0
http://bioontology.org/projects/ontologies/fma/fmaOwlDlComponent_2_0#Maxillary_tuberosity,http://www.ihtsdo.org/snomed#Structure_of_maxillary_tuberosity,True,1.0
http://bioontology.org/projects/ontologies/fma/fmaOwlDlComponent_2_0#Digital_artery_of_foot,http://www.ihtsdo.org/snomed#Digital_artery_of_toe,True,1.0
http://bioontology.org/projects/ontologies/fma/fmaOwlDlComponent_2_0#Deep_lymph_node,http://www.ihtsdo.org/snomed#Structure_of_deep_lymph_node,True,1.0
http://bioontology.org/projects/ontologies/fma/fmaOwlDlComponent_2_0#Fimbria_of_uterine_tube,http://www.ihtsdo.org/snomed#Structure_of_fimbria_of_fallopian_tube,True,1.0
http://bioontology.org/projects/ontologies/fma/fmaOwlDlComponent_2_0#Skin_of_fourth_toe,http://www.ihtsdo.org/snomed#Skin_structure_of_fourth_toe,True,1.0
http://bioontology.org/projects/ontologies/fma/fmaOwlDlComponent_2_0#Internal_cerebral_vein,http://www.ihtsdo.org/snomed#Structure_of_internal_cerebral_vein,True,1.0
http://bioontology.org/projects/ontologies/fma/fmaOwlDlComponent_2_0#Inferior_articular_process_of_second_thoracic_vertebra,http://www.ihtsdo.org/snomed#Structure_of_inferior_articular_process_of_second_thoracic_vertebra,True,1.0
http://bioontology.org/projects/ontologies/fma/fmaOwlDlComponent_2_0#Set_of_costoxiphoid_ligaments,http://www.ihtsdo.org/snomed#Structure_of_costoxiphoid_ligaments,True,1.0
http://bioontology.org/projects/ontologies/fma/fmaOwlDlComponent_2_0#Posterior_wall_of_pharynx,http://www.ihtsdo.org/snomed#Dorsal_pharyngeal_wall_structure,True,1.0
http://bioontology.org/projects/ontologies/fma/fmaOwlDlComponent_2_0#Occipital_pole,http://www.ihtsdo.org/snomed#Structure_of_occipital_pole,True,1.0
http://bioontology.org/projects/ontologies/fma/fmaOwlDlComponent_2_0#Anterior_chest_wall,http://www.ihtsdo.org/snomed#Chest_wall_artery,False,1.0
http://bioontology.org/projects/ontologies/fma/fmaOwlDlComponent_2_0#Semicircular_canal,http://www.ihtsdo.org/snomed#Semicircular_canal_structure,True,1.0
http://bioontology.org/projects/ontologies/fma/fmaOwlDlComponent_2_0#Costal_groove_of_eighth_rib,http://www.ihtsdo.org/snomed#Structure_of_costal_groove_of_eighth_rib,True,1.0
http://bioontology.org/projects/ontologies/fma/fmaOwlDlComponent_2_0#Choroid_plexus_of_third_ventricle,http://www.ihtsdo.org/snomed#Structure_of_choroid_plexus_of_third_ventricle,True,1.0
http://bioontology.org/projects/ontologies/fma/fmaOwlDlComponent_2_0#Set_of_internal_cerebral_veins,http://www.ihtsdo.org/snomed#Structure_of_internal_cerebral_vein,False,1.0
http://bioontology.org/projects/ontologies/fma/fmaOwlDlComponent_2_0#Submucosa_of_esophagus,http://www.ihtsdo.org/snomed#Esophageal_submucosa_structure,True,1.0
http://bioontology.org/projects/ontologies/fma/fmaOwlDlComponent_2_0#Myocardium_of_left_ventricle,http://www.ihtsdo.org/snomed#Structure_of_myocardium_of_left_ventricle,True,1.0
http://bioontology.org/projects/ontologies/fma/fmaOwlDlComponent_2_0#Subcutaneous_adipose_tissue,http://www.ihtsdo.org/snomed#Subcutaneous_fatty_tissue,True,1.0
http://bioontology.org/projects/ontologies/fma/fmaOwlDlComponent_2_0#Left_lens,http://www.ihtsdo.org/snomed#Structure_of_lens_of_left_eye,True,1.0
http://bioontology.org/projects/ontologies/fma/fmaOwlDlComponent_2_0#Spheno_ethmoidal_recess,http://www.ihtsdo.org/snomed#Structure_of_sphenoethmoidal_recess,True,1.0
http://bioontology.org/projects/ontologies/fma/fmaOwlDlComponent_2_0#Set_of_crura_of_antihelix,http://www.ihtsdo.org/snomed#Structure_of_crura_of_antihelix,True,1.0
http://bioontology.org/projects/ontologies/fma/fmaOwlDlComponent_2_0#Anterior_mediastinal_lymph_node,http://www.ihtsdo.org/snomed#Anterior_mediastinal_lymph_node_group,True,1.0
http://bioontology.org/projects/ontologies/fma/fmaOwlDlComponent_2_0#Facial_vein,http://www.ihtsdo.org/snomed#Structure_of_facial_vein,True,1.0
http://bioontology.org/projects/ontologies/fma/fmaOwlDlComponent_2_0#Vestibular_nucleus,http://www.ihtsdo.org/snomed#Vestibular_nucleus_structure,True,1.0
http://bioontology.org/projects/ontologies/fma/fmaOwlDlComponent_2_0#Bone_of_hamate,http://www.ihtsdo.org/snomed#Bone_structure_of_hamate,True,1.0
http://bioontology.org/projects/ontologies/fma/fmaOwlDlComponent_2_0#Parenchyma_of_testis,http://www.ihtsdo.org/snomed#Structure_of_parenchyma_of_testis,True,1.0
http://bioontology.org/projects/ontologies/fma/fmaOwlDlComponent_2_0#Distal_epiphysis_of_phalanx_of_hand,http://www.ihtsdo.org/snomed#Structure_of_distal_phalanx_of_hand,True,1.0
http://bioontology.org/projects/ontologies/fma/fmaOwlDlComponent_2_0#Radial_notch_of_ulna,http://www.ihtsdo.org/snomed#Structure_of_radial_notch_of_ulna,True,1.0
http://bioontology.org/projects/ontologies/fma/fmaOwlDlComponent_2_0#Proximal_phalanx_of_ring_finger,http://www.ihtsdo.org/snomed#Structure_of_proximal_phalanx_of_ring_finger,True,1.0
http://bioontology.org/projects/ontologies/fma/fmaOwlDlComponent_2_0#Inferior_articular_process_of_first_lumbar_vertebra,http://www.ihtsdo.org/snomed#Structure_of_inferior_articular_process_of_first_lumbar_vertebra,True,1.0
http://bioontology.org/projects/ontologies/fma/fmaOwlDlComponent_2_0#Sulcus_terminalis_cordis,http://www.ihtsdo.org/snomed#Structure_of_sulcus_terminalis_cordis,True,1.0
http://bioontology.org/projects/ontologies/fma/fmaOwlDlComponent_2_0#Superior_temporal_retinal_vein,http://www.ihtsdo.org/snomed#Superior_retinal_temporal_vein_structure,True,1.0
http://bioontology.org/projects/ontologies/fma/fmaOwlDlComponent_2_0#Posterior_auricular_artery,http://www.ihtsdo.org/snomed#Structure_of_posterior_auricular_artery,True,1.0
http://bioontology.org/projects/ontologies/fma/fmaOwlDlComponent_2_0#Posterior_division_of_renal_artery,http://www.ihtsdo.org/snomed#Structure_of_posterior_division_of_renal_artery,True,1.0
http://bioontology.org/projects/ontologies/fma/fmaOwlDlComponent_2_0#Deep_lateral_cervical_lymph_node,http://www.ihtsdo.org/snomed#Structure_of_deep_lateral_cervical_lymph_node,True,1.0
http://bioontology.org/projects/ontologies/fma/fmaOwlDlComponent_2_0#Body_of_axis,http://www.ihtsdo.org/snomed#Structure_of_body_of_axis,True,1.0
http://bioontology.org/projects/ontologies/fma/fmaOwlDlComponent_2_0#Joint_of_head_of_rib,http://www.ihtsdo.org/snomed#Costovertebral_joint_structure,True,1.0
http://bioontology.org/projects/ontologies/fma/fmaOwlDlComponent_2_0#Sensory_root_of_facial_nerve,http://www.ihtsdo.org/snomed#Structure_of_nervus_intermedius,True,1.0
http://bioontology.org/projects/ontologies/fma/fmaOwlDlComponent_2_0#Cuneonavicular_joint,http://www.ihtsdo.org/snomed#Cuneonavicular_joint_structure,True,1.0
http://bioontology.org/projects/ontologies/fma/fmaOwlDlComponent_2_0#Set_of_intracapsular_ligaments,http://www.ihtsdo.org/snomed#Structure_of_capsular_ligament,False,1.0
http://bioontology.org/projects/ontologies/fma/fmaOwlDlComponent_2_0#Set_of_axillary_lymph_nodes,http://www.ihtsdo.org/snomed#Axillary_lymph_node_structure,True,1.0
http://bioontology.org/projects/ontologies/fma/fmaOwlDlComponent_2_0#Brainstem,http://www.ihtsdo.org/snomed#Brainstem_structure,True,1.0
http://bioontology.org/projects/ontologies/fma/fmaOwlDlComponent_2_0#Joint_of_L5_S1_vertebrae,http://www.ihtsdo.org/snomed#Joint_between_bodies_of_L5_and_S1,True,1.0
http://bioontology.org/projects/ontologies/fma/fmaOwlDlComponent_2_0#Second_posterior_intercostal_artery,http://www.ihtsdo.org/snomed#Structure_of_second_posterior_intercostal_artery,True,1.0
http://bioontology.org/projects/ontologies/fma/fmaOwlDlComponent_2_0#Vertebral_nerve,http://www.ihtsdo.org/snomed#Structure_of_vertebral_nerve,False,1.0
http://bioontology.org/projects/ontologies/fma/fmaOwlDlComponent_2_0#Pyramidalis,http://www.ihtsdo.org/snomed#Structure_of_pyramidalis_muscle,False,1.0
http://bioontology.org/projects/ontologies/fma/fmaOwlDlComponent_2_0#Inferior_choroid_vein,http://www.ihtsdo.org/snomed#Structure_of_inferior_choroid_vein,True,1.0
http://bioontology.org/projects/ontologies/fma/fmaOwlDlComponent_2_0#Anterior_ciliary_artery,http://www.ihtsdo.org/snomed#Structure_of_anterior_ciliary_artery,True,1.0
http://bioontology.org/projects/ontologies/fma/fmaOwlDlComponent_2_0#Nutrient_artery,http://www.ihtsdo.org/snomed#Structure_of_nutrient_artery,True,1.0
http://bioontology.org/projects/ontologies/fma/fmaOwlDlComponent_2_0#Deep_palmar_venous_arch,http://www.ihtsdo.org/snomed#Structure_of_deep_palmar_venous_arch,True,1.0
http://bioontology.org/projects/ontologies/fma/fmaOwlDlComponent_2_0#Incudostapedial_joint,http://www.ihtsdo.org/snomed#Structure_of_incudostapedial_articulation,True,1.0
http://bioontology.org/projects/ontologies/fma/fmaOwlDlComponent_2_0#Lobe_of_parotid_gland,http://www.ihtsdo.org/snomed#Structure_of_lobe_of_parotid_gland,True,1.0
http://bioontology.org/projects/ontologies/fma/fmaOwlDlComponent_2_0#Branch_of_sacral_nerve_plexus,http://www.ihtsdo.org/snomed#Branch_of_sacral_plexus,True,1.0
http://bioontology.org/projects/ontologies/fma/fmaOwlDlComponent_2_0#Rectovesical_septum,http://www.ihtsdo.org/snomed#Structure_of_rectovesical_septum,True,1.0
http://bioontology.org/projects/ontologies/fma/fmaOwlDlComponent_2_0#Subcutaneous_olecranon_bursa,http://www.ihtsdo.org/snomed#Structure_of_subcutaneous_olecranon_bursa,True,1.0
http://bioontology.org/projects/ontologies/fma/fmaOwlDlComponent_2_0#Set_of_anterior_scrotal_nerves,http://www.ihtsdo.org/snomed#Structure_of_anterior_scrotal_nerves,True,1.0
http://bioontology.org/projects/ontologies/fma/fmaOwlDlComponent_2_0#Temporal_part_of_head,http://www.ihtsdo.org/snomed#Temporal_region_structure,True,1.0
http://bioontology.org/projects/ontologies/fma/fmaOwlDlComponent_2_0#Set_of_minor_sublingual_ducts,http://www.ihtsdo.org/snomed#Structure_of_minor_sublingual_ducts,True,1.0
http://bioontology.org/projects/ontologies/fma/fmaOwlDlComponent_2_0#Transverse_sinus,http://www.ihtsdo.org/snomed#Structure_of_transverse_sinus,False,1.0
http://bioontology.org/projects/ontologies/fma/fmaOwlDlComponent_2_0#Set_of_pontine_arteries,http://www.ihtsdo.org/snomed#Structure_of_pontine_artery,False,1.0
http://bioontology.org/projects/ontologies/fma/fmaOwlDlComponent_2_0#Head_of_first_rib,http://www.ihtsdo.org/snomed#Head_of_first_rib_structure,True,1.0
http://bioontology.org/projects/ontologies/fma/fmaOwlDlComponent_2_0#Posterior_nucleus_of_hypothalamus,http://www.ihtsdo.org/snomed#Structure_of_posterior_hypothalamic_nucleus,True,1.0
http://bioontology.org/projects/ontologies/fma/fmaOwlDlComponent_2_0#Set_of_anterior_auricular_nerves,http://www.ihtsdo.org/snomed#Anterior_auricular_nerve,True,1.0
http://bioontology.org/projects/ontologies/fma/fmaOwlDlComponent_2_0#Cardiac_orifice_of_stomach,http://www.ihtsdo.org/snomed#Structure_of_cardiac_ostium_of_stomach,True,1.0
http://bioontology.org/projects/ontologies/fma/fmaOwlDlComponent_2_0#Right_third_lumbar_vein,http://www.ihtsdo.org/snomed#Structure_of_third_right_lumbar_vein,True,1.0
http://bioontology.org/projects/ontologies/fma/fmaOwlDlComponent_2_0#Ulnar_nerve,http://www.ihtsdo.org/snomed#Structure_of_ulnar_nerve,True,1.0
http://bioontology.org/projects/ontologies/fma/fmaOwlDlComponent_2_0#Autonomic_nerve,http://www.ihtsdo.org/snomed#Autonomic_nerve_structure,True,1.0
http://bioontology.org/projects/ontologies/fma/fmaOwlDlComponent_2_0#Ventral_sacroiliac_ligament,http://www.ihtsdo.org/snomed#Structure_of_ventral_sacroiliac_ligaments,True,1.0
http://bioontology.org/projects/ontologies/fma/fmaOwlDlComponent_2_0#Infrapatellar_fat_pad,http://www.ihtsdo.org/snomed#Structure_of_infrapatellar_fat_pad,True,1.0
http://bioontology.org/projects/ontologies/fma/fmaOwlDlComponent_2_0#Lung_parenchyma,http://www.ihtsdo.org/snomed#Structure_of_parenchyma_of_lung,True,1.0
http://bioontology.org/projects/ontologies/fma/fmaOwlDlComponent_2_0#Proximal_interphalangeal_joint_of_second_toe,http://www.ihtsdo.org/snomed#Proximal_interphalangeal_joint_structure_of_second_toe,True,1.0
http://bioontology.org/projects/ontologies/fma/fmaOwlDlComponent_2_0#Fovea_centralis,http://www.ihtsdo.org/snomed#Structure_of_fovea_centralis,False,1.0
http://bioontology.org/projects/ontologies/fma/fmaOwlDlComponent_2_0#Set_of_lateral_sacral_veins,http://www.ihtsdo.org/snomed#Structure_of_lateral_sacral_vein,False,1.0
http://bioontology.org/projects/ontologies/fma/fmaOwlDlComponent_2_0#Lunate,http://www.ihtsdo.org/snomed#Structure_of_lunate_bone,True,1.0
http://bioontology.org/projects/ontologies/fma/fmaOwlDlComponent_2_0#Intervertebral_foramen_of_second_thoracic_vertebra,http://www.ihtsdo.org/snomed#Structure_of_intervertebral_foramen_of_second_thoracic_vertebra,True,1.0
http://bioontology.org/projects/ontologies/fma/fmaOwlDlComponent_2_0#Non_articular_part_of_tubercle_of_seventh_rib,http://www.ihtsdo.org/snomed#Structure_of_articular_part_of_tubercle_of_seventh_rib,False,1.0
http://bioontology.org/projects/ontologies/fma/fmaOwlDlComponent_2_0#Inferior_rectal_artery,http://www.ihtsdo.org/snomed#Structure_of_inferior_rectal_artery,True,1.0
http://bioontology.org/projects/ontologies/fma/fmaOwlDlComponent_2_0#Set_of_pelvic_splanchnic_nerves,http://www.ihtsdo.org/snomed#Structure_of_pelvic_splanchnic_nerve,False,1.0
http://bioontology.org/projects/ontologies/fma/fmaOwlDlComponent_2_0#Synovial_membrane,http://www.ihtsdo.org/snomed#Synovial_membrane_structure,True,1.0
http://bioontology.org/projects/ontologies/fma/fmaOwlDlComponent_2_0#Type_D_cell_of_pancreatic_islet,http://www.ihtsdo.org/snomed#Structure_of_delta_Cell_of_islet,True,1.0
http://bioontology.org/projects/ontologies/fma/fmaOwlDlComponent_2_0#Diaphysis_of_first_metacarpal_bone,http://www.ihtsdo.org/snomed#Structure_of_shaft_of_first_metacarpal_bone,True,1.0
http://bioontology.org/projects/ontologies/fma/fmaOwlDlComponent_2_0#Nasal_cartilage,http://www.ihtsdo.org/snomed#Nasal_cartilage_structure,True,1.0
http://bioontology.org/projects/ontologies/fma/fmaOwlDlComponent_2_0#Mitral_valve,http://www.ihtsdo.org/snomed#Mitral_valve_structure,True,1.0
http://bioontology.org/projects/ontologies/fma/fmaOwlDlComponent_2_0#Nucleus_pulposus_of_intervertebral_disk_of_sixth_thoracic_vertebra,http://www.ihtsdo.org/snomed#Structure_of_nucleus_pulposus_of_intervertebral_disc_of_sixth_thoracic_vertebra,True,1.0
http://bioontology.org/projects/ontologies/fma/fmaOwlDlComponent_2_0#Superior_articular_process_of_lumbar_vertebra,http://www.ihtsdo.org/snomed#Structure_of_superior_articular_process_of_lumbar_vertebra,True,1.0
http://bioontology.org/projects/ontologies/fma/fmaOwlDlComponent_2_0#Submental_triangle,http://www.ihtsdo.org/snomed#Submental_triangle_structure,True,1.0
http://bioontology.org/projects/ontologies/fma/fmaOwlDlComponent_2_0#External_supporting_cell_of_organ_of_Corti,http://www.ihtsdo.org/snomed#Structure_of_supporting_cell_of_organ_of_Corti,False,1.0
http://bioontology.org/projects/ontologies/fma/fmaOwlDlComponent_2_0#Nail_of_second_toe,http://www.ihtsdo.org/snomed#Structure_of_nail_of_second_toe,True,1.0
http://bioontology.org/projects/ontologies/fma/fmaOwlDlComponent_2_0#Right_lower_quadrant_of_abdomen,http://www.ihtsdo.org/snomed#Structure_of_right_lower_quadrant_of_abdomen,True,1.0
http://bioontology.org/projects/ontologies/fma/fmaOwlDlComponent_2_0#Lymphatic_vessel_of_head,http://www.ihtsdo.org/snomed#Structure_of_lymphatic_vessel_of_head,False,1.0
http://bioontology.org/projects/ontologies/fma/fmaOwlDlComponent_2_0#Costal_groove_of_fifth_rib,http://www.ihtsdo.org/snomed#Structure_of_costal_groove_of_fifth_rib,True,1.0
http://bioontology.org/projects/ontologies/fma/fmaOwlDlComponent_2_0#Dorsal_nerve_of_penis,http://www.ihtsdo.org/snomed#Structure_of_dorsal_nerve_of_penis,True,1.0
http://bioontology.org/projects/ontologies/fma/fmaOwlDlComponent_2_0#Gallbladder,http://www.ihtsdo.org/snomed#Gallbladder_structure,True,1.0
http://bioontology.org/projects/ontologies/fma/fmaOwlDlComponent_2_0#Cellular_component_of_blood,http://www.ihtsdo.org/snomed#Cellular_component_of_blood,True,1.0
http://bioontology.org/projects/ontologies/fma/fmaOwlDlComponent_2_0#Talocalcaneonavicular_joint,http://www.ihtsdo.org/snomed#Talocalcaneonavicular_joint_structure,True,1.0
http://bioontology.org/projects/ontologies/fma/fmaOwlDlComponent_2_0#Greater_omentum,http://www.ihtsdo.org/snomed#Greater_omentum_structure,True,1.0
http://bioontology.org/projects/ontologies/fma/fmaOwlDlComponent_2_0#Arachnoid_mater,http://www.ihtsdo.org/snomed#Arachnoid_structure,True,1.0
http://bioontology.org/projects/ontologies/fma/fmaOwlDlComponent_2_0#Mononuclear_phagocyte_system,http://www.ihtsdo.org/snomed#Mononuclear_phagocyte_system_structure,True,1.0
http://bioontology.org/projects/ontologies/fma/fmaOwlDlComponent_2_0#Wall_of_pharynx,http://www.ihtsdo.org/snomed#Pharyngeal_wall_structure,True,1.0
http://bioontology.org/projects/ontologies/fma/fmaOwlDlComponent_2_0#Angular_artery,http://www.ihtsdo.org/snomed#Structure_of_angular_artery,True,1.0
http://bioontology.org/projects/ontologies/fma/fmaOwlDlComponent_2_0#Transverse_process_of_sixth_thoracic_vertebra,http://www.ihtsdo.org/snomed#Structure_of_transverse_process_of_sixth_thoracic_vertebra,True,1.0
http://bioontology.org/projects/ontologies/fma/fmaOwlDlComponent_2_0#Intervertebral_foramen_of_sixth_thoracic_vertebra,http://www.ihtsdo.org/snomed#Structure_of_intervertebral_foramen_of_sixth_thoracic_vertebra,True,1.0
http://bioontology.org/projects/ontologies/fma/fmaOwlDlComponent_2_0#Neck_of_first_rib,http://www.ihtsdo.org/snomed#Head_of_first_rib_structure,False,1.0
http://bioontology.org/projects/ontologies/fma/fmaOwlDlComponent_2_0#Lamina_of_sixth_thoracic_vertebra,http://www.ihtsdo.org/snomed#Structure_of_lamina_of_sixth_thoracic_vertebra,True,1.0
http://bioontology.org/projects/ontologies/fma/fmaOwlDlComponent_2_0#Set_of_zygapophysial_joints,http://www.ihtsdo.org/snomed#Zygapophyseal_joint_structure,True,1.0
http://bioontology.org/projects/ontologies/fma/fmaOwlDlComponent_2_0#Tributary_of_great_saphenous_vein,http://www.ihtsdo.org/snomed#Structure_of_tributary_of_great_saphenous_vein,True,1.0
http://bioontology.org/projects/ontologies/fma/fmaOwlDlComponent_2_0#Greater_splanchnic_nerve,http://www.ihtsdo.org/snomed#Structure_of_greater_splanchnic_nerve,True,1.0
http://bioontology.org/projects/ontologies/fma/fmaOwlDlComponent_2_0#Costal_pleura,http://www.ihtsdo.org/snomed#Structure_of_costal_pleura,True,1.0
http://bioontology.org/projects/ontologies/fma/fmaOwlDlComponent_2_0#Superficial_layer_of_temporal_fascia,http://www.ihtsdo.org/snomed#Structure_of_superficial_layer_of_temporal_fascia,True,1.0
http://bioontology.org/projects/ontologies/fma/fmaOwlDlComponent_2_0#Hepatic_perisinusoidal_cell,http://www.ihtsdo.org/snomed#Ito_cell,True,1.0
http://bioontology.org/projects/ontologies/fma/fmaOwlDlComponent_2_0#Lamina_of_second_thoracic_vertebra,http://www.ihtsdo.org/snomed#Structure_of_lamina_of_second_thoracic_vertebra,True,1.0
http://bioontology.org/projects/ontologies/fma/fmaOwlDlComponent_2_0#Lateral_glosso_epiglottic_fold,http://www.ihtsdo.org/snomed#Structure_of_lateral_glossoepiglottic_fold,True,1.0
http://bioontology.org/projects/ontologies/fma/fmaOwlDlComponent_2_0#Thyrohyoid_membrane,http://www.ihtsdo.org/snomed#Thyrohyoid_membrane_structure,True,1.0
http://bioontology.org/projects/ontologies/fma/fmaOwlDlComponent_2_0#Midline_nuclear_group_of_thalamus,http://www.ihtsdo.org/snomed#Structure_of_midline_nuclear_group_of_thalamus,True,1.0
http://bioontology.org/projects/ontologies/fma/fmaOwlDlComponent_2_0#Intervertebral_disk_of_eighth_thoracic_vertebra,http://www.ihtsdo.org/snomed#Intervertebral_disc_structure_of_eighth_thoracic_vertebra,True,1.0
http://bioontology.org/projects/ontologies/fma/fmaOwlDlComponent_2_0#Medial_bronchopulmonary_segment,http://www.ihtsdo.org/snomed#Structure_of_medial_segment_of_right_middle_lobe_of_lung,True,1.0
http://bioontology.org/projects/ontologies/fma/fmaOwlDlComponent_2_0#Lesser_omentum,http://www.ihtsdo.org/snomed#Omentum_structure,False,1.0
http://bioontology.org/projects/ontologies/fma/fmaOwlDlComponent_2_0#Left_posterior_cusp_of_aortic_valve,http://www.ihtsdo.org/snomed#Structure_of_left_cusp_of_aortic_valve,True,1.0
http://bioontology.org/projects/ontologies/fma/fmaOwlDlComponent_2_0#Glenohumeral_ligament,http://www.ihtsdo.org/snomed#Structure_of_glenohumeral_ligaments,False,1.0
http://bioontology.org/projects/ontologies/fma/fmaOwlDlComponent_2_0#Great_cerebral_vein,http://www.ihtsdo.org/snomed#Structure_of_great_cerebral_vein,True,1.0
http://bioontology.org/projects/ontologies/fma/fmaOwlDlComponent_2_0#Interosseous_intercarpal_ligament,http://www.ihtsdo.org/snomed#Structure_of_intercarpal_interosseous_ligaments,True,1.0
http://bioontology.org/projects/ontologies/fma/fmaOwlDlComponent_2_0#Root_of_penis,http://www.ihtsdo.org/snomed#Radix_penis_structure,True,1.0
http://bioontology.org/projects/ontologies/fma/fmaOwlDlComponent_2_0#Vestibular_gland,http://www.ihtsdo.org/snomed#Vestibular_gland_structure,False,1.0
http://bioontology.org/projects/ontologies/fma/fmaOwlDlComponent_2_0#Pedicle_of_third_cervical_vertebra,http://www.ihtsdo.org/snomed#Structure_of_pedicle_of_third_cervical_vertebra,True,1.0
http://bioontology.org/projects/ontologies/fma/fmaOwlDlComponent_2_0#Skeletal_muscle_tissue,http://www.ihtsdo.org/snomed#Skeletal_tissue,False,1.0
http://bioontology.org/projects/ontologies/fma/fmaOwlDlComponent_2_0#Hip_joint,http://www.ihtsdo.org/snomed#Hip_joint_structure,True,1.0
http://bioontology.org/projects/ontologies/fma/fmaOwlDlComponent_2_0#Anterior_meningeal_branch_of_anterior_ethmoidal_artery,http://www.ihtsdo.org/snomed#Structure_of_anterior_meningeal_artery,True,1.0
http://bioontology.org/projects/ontologies/fma/fmaOwlDlComponent_2_0#Anular_tracheal_ligament,http://www.ihtsdo.org/snomed#Structure_of_tracheal_ligament,True,1.0
http://bioontology.org/projects/ontologies/fma/fmaOwlDlComponent_2_0#Set_of_inferior_phrenic_veins,http://www.ihtsdo.org/snomed#Structure_of_inferior_phrenic_vein,True,1.0
http://bioontology.org/projects/ontologies/fma/fmaOwlDlComponent_2_0#Set_of_deep_veins_of_penis,http://www.ihtsdo.org/snomed#Structure_of_deep_vein_of_penis,True,1.0
http://bioontology.org/projects/ontologies/fma/fmaOwlDlComponent_2_0#Anteromedial_nucleus,http://www.ihtsdo.org/snomed#Structure_of_anteromedial_nucleus_of_thalamus,True,1.0
http://bioontology.org/projects/ontologies/fma/fmaOwlDlComponent_2_0#Set_of_cranial_nerve_nuclei,http://www.ihtsdo.org/snomed#Structure_of_cranial_nerve_nucleus,True,1.0
http://bioontology.org/projects/ontologies/fma/fmaOwlDlComponent_2_0#Coronary_sinus,http://www.ihtsdo.org/snomed#Coronary_sinus_structure,True,1.0
http://bioontology.org/projects/ontologies/fma/fmaOwlDlComponent_2_0#Median_umbilical_fold,http://www.ihtsdo.org/snomed#Structure_of_median_umbilical_fold,True,1.0
http://bioontology.org/projects/ontologies/fma/fmaOwlDlComponent_2_0#Intervertebral_disk_of_seventh_cervical_vertebra,http://www.ihtsdo.org/snomed#Intervertebral_disc_structure_of_seventh_cervical_vertebra,True,1.0
http://bioontology.org/projects/ontologies/fma/fmaOwlDlComponent_2_0#Lower_uterine_segment,http://www.ihtsdo.org/snomed#Structure_of_lower_uterine_segment,True,1.0
http://bioontology.org/projects/ontologies/fma/fmaOwlDlComponent_2_0#Mucosa_of_seminal_vesicle,http://www.ihtsdo.org/snomed#Structure_of_mucosa_of_seminal_vesicle,True,1.0
http://bioontology.org/projects/ontologies/fma/fmaOwlDlComponent_2_0#Abdominal_lymph_node,http://www.ihtsdo.org/snomed#Abdominal_lymph_node_structure,True,1.0
http://bioontology.org/projects/ontologies/fma/fmaOwlDlComponent_2_0#Mucosa_of_duodenum,http://www.ihtsdo.org/snomed#Duodenal_mucous_membrane_structure,True,1.0
http://bioontology.org/projects/ontologies/fma/fmaOwlDlComponent_2_0#Tributary_of_anterior_jugular_vein,http://www.ihtsdo.org/snomed#Structure_of_tributary_of_anterior_jugular_vein,False,1.0
http://bioontology.org/projects/ontologies/fma/fmaOwlDlComponent_2_0#Pyramidal_decussation,http://www.ihtsdo.org/snomed#Structure_of_pyramidal_decussation,True,1.0
http://bioontology.org/projects/ontologies/fma/fmaOwlDlComponent_2_0#Hilum_of_lymph_node,http://www.ihtsdo.org/snomed#Structure_of_hilum_of_lymph_node,True,1.0
http://bioontology.org/projects/ontologies/fma/fmaOwlDlComponent_2_0#Mucosa_of_renal_pelvis,http://www.ihtsdo.org/snomed#Structure_of_mucous_membrane_of_renal_pelvis,True,1.0
http://bioontology.org/projects/ontologies/fma/fmaOwlDlComponent_2_0#Gluteal_lymph_node,http://www.ihtsdo.org/snomed#Structure_of_gluteal_lymph_node,False,1.0
http://bioontology.org/projects/ontologies/fma/fmaOwlDlComponent_2_0#Zygomatic_nerve,http://www.ihtsdo.org/snomed#Structure_of_zygomatic_nerve,True,1.0
http://bioontology.org/projects/ontologies/fma/fmaOwlDlComponent_2_0#Superior_articular_process_of_tenth_thoracic_vertebra,http://www.ihtsdo.org/snomed#Structure_of_superior_articular_process_of_tenth_thoracic_vertebra,True,1.0
http://bioontology.org/projects/ontologies/fma/fmaOwlDlComponent_2_0#Iliopectineal_bursa,http://www.ihtsdo.org/snomed#Structure_of_iliopectineal_bursa,True,1.0
http://bioontology.org/projects/ontologies/fma/fmaOwlDlComponent_2_0#Mesothelium,http://www.ihtsdo.org/snomed#Mesothelium_structure,True,1.0
http://bioontology.org/projects/ontologies/fma/fmaOwlDlComponent_2_0#Fronto_ethmoidal_suture,http://www.ihtsdo.org/snomed#Structure_of_frontoethmoidal_suture_of_skull,True,1.0
http://bioontology.org/projects/ontologies/fma/fmaOwlDlComponent_2_0#Cusp_of_cardiac_valve,http://www.ihtsdo.org/snomed#Cardiac_valve_structure,True,1.0
http://bioontology.org/projects/ontologies/fma/fmaOwlDlComponent_2_0#Crest_of_head_of_fourth_rib,http://www.ihtsdo.org/snomed#Structure_of_crest_of_head_of_fourth_rib,True,1.0
http://bioontology.org/projects/ontologies/fma/fmaOwlDlComponent_2_0#Transition_zone_of_prostate,http://www.ihtsdo.org/snomed#Transitional_zone_of_prostate,True,1.0
http://bioontology.org/projects/ontologies/fma/fmaOwlDlComponent_2_0#Internal_occipital_protuberance,http://www.ihtsdo.org/snomed#Structure_of_internal_occipital_protuberance,True,1.0
http://bioontology.org/projects/ontologies/fma/fmaOwlDlComponent_2_0#Carpometacarpal_joint_of_thumb,http://www.ihtsdo.org/snomed#Carpometacarpal_joint_structure_of_thumb,True,1.0
http://bioontology.org/projects/ontologies/fma/fmaOwlDlComponent_2_0#Skin_of_umbilicus,http://www.ihtsdo.org/snomed#Skin_structure_of_umbilicus,True,1.0
http://bioontology.org/projects/ontologies/fma/fmaOwlDlComponent_2_0#Phalanx_of_fourth_toe,http://www.ihtsdo.org/snomed#Structure_of_phalanx_of_fourth_toe,True,1.0
http://bioontology.org/projects/ontologies/fma/fmaOwlDlComponent_2_0#Coccygeal_ganglion,http://www.ihtsdo.org/snomed#Structure_of_ganglion_impar,False,1.0
http://bioontology.org/projects/ontologies/fma/fmaOwlDlComponent_2_0#Superior_macular_vein,http://www.ihtsdo.org/snomed#Structure_of_superior_macular_vein,True,1.0
http://bioontology.org/projects/ontologies/fma/fmaOwlDlComponent_2_0#Mucosa_of_gallbladder,http://www.ihtsdo.org/snomed#Structure_of_mucosa_of_gallbladder,True,1.0
http://bioontology.org/projects/ontologies/fma/fmaOwlDlComponent_2_0#Hepatovenous_segment_III,http://www.ihtsdo.org/snomed#Couinaud_hepatic_segment_III,True,1.0
http://bioontology.org/projects/ontologies/fma/fmaOwlDlComponent_2_0#Primary_fissure_of_cerebellum,http://www.ihtsdo.org/snomed#Structure_of_primary_fissure_of_cerebellum,True,1.0
http://bioontology.org/projects/ontologies/fma/fmaOwlDlComponent_2_0#Right_suprarenal_vein,http://www.ihtsdo.org/snomed#Structure_of_right_suprarenal_vein,True,1.0
http://bioontology.org/projects/ontologies/fma/fmaOwlDlComponent_2_0#Second_metatarsal_facet_of_intermediate_cuneiform_bone,http://www.ihtsdo.org/snomed#Structure_of_second_metatarsal_facet_of_intermediate_cuneiform_bone,True,1.0
http://bioontology.org/projects/ontologies/fma/fmaOwlDlComponent_2_0#Set_of_olfactory_glands,http://www.ihtsdo.org/snomed#Structure_of_olfactory_gland,True,1.0
http://bioontology.org/projects/ontologies/fma/fmaOwlDlComponent_2_0#Lateral_malleolar_part_of_ankle,http://www.ihtsdo.org/snomed#Lateral_malleolar_region_structure,True,1.0
http://bioontology.org/projects/ontologies/fma/fmaOwlDlComponent_2_0#Superior_temporal_retinal_artery,http://www.ihtsdo.org/snomed#Structure_of_superior_retinal_temporal_artery,True,1.0
http://bioontology.org/projects/ontologies/fma/fmaOwlDlComponent_2_0#Wall_of_seminal_vesicle,http://www.ihtsdo.org/snomed#Seminal_vesicle_wall_structure,True,1.0
http://bioontology.org/projects/ontologies/fma/fmaOwlDlComponent_2_0#Anulus_fibrosus_of_intervertebral_disk_of_first_thoracic_vertebra,http://www.ihtsdo.org/snomed#Structure_of_anulus_fibrosus_of_intervertebral_disc_of_first_thoracic_vertebra,True,1.0
http://bioontology.org/projects/ontologies/fma/fmaOwlDlComponent_2_0#Abducens_nerve,http://www.ihtsdo.org/snomed#Abducens_nerve_structure,True,1.0
http://bioontology.org/projects/ontologies/fma/fmaOwlDlComponent_2_0#Intervertebral_foramen_of_fourth_thoracic_vertebra,http://www.ihtsdo.org/snomed#Structure_of_intervertebral_foramen_of_fourth_thoracic_vertebra,True,1.0
http://bioontology.org/projects/ontologies/fma/fmaOwlDlComponent_2_0#Area_postrema,http://www.ihtsdo.org/snomed#Structure_of_area_postrema,True,1.0
http://bioontology.org/projects/ontologies/fma/fmaOwlDlComponent_2_0#Pterygomandibular_raphe,http://www.ihtsdo.org/snomed#Structure_of_pterygomandibular_raphe,True,1.0
http://bioontology.org/projects/ontologies/fma/fmaOwlDlComponent_2_0#Extraperitoneal_space,http://www.ihtsdo.org/snomed#Structure_of_extraperitoneal_space,False,1.0
http://bioontology.org/projects/ontologies/fma/fmaOwlDlComponent_2_0#Anterior_pole_of_lens,http://www.ihtsdo.org/snomed#Structure_of_anterior_pole_of_eye,False,1.0
http://bioontology.org/projects/ontologies/fma/fmaOwlDlComponent_2_0#Malleus,http://www.ihtsdo.org/snomed#Malleus_structure,True,1.0
http://bioontology.org/projects/ontologies/fma/fmaOwlDlComponent_2_0#Tympanostapedial_syndesmosis,http://www.ihtsdo.org/snomed#Structure_of_tympanostapedial_syndesmosis,True,1.0
http://bioontology.org/projects/ontologies/fma/fmaOwlDlComponent_2_0#Papillary_muscle_of_left_ventricle,http://www.ihtsdo.org/snomed#Structure_of_papillary_muscles_of_left_ventricle,True,1.0
http://bioontology.org/projects/ontologies/fma/fmaOwlDlComponent_2_0#Anterior_surface_of_lens,http://www.ihtsdo.org/snomed#Structure_of_anterior_surface_of_lens,True,1.0
http://bioontology.org/projects/ontologies/fma/fmaOwlDlComponent_2_0#Crus_of_clitoris,http://www.ihtsdo.org/snomed#Structure_of_crus_of_clitoris,True,1.0
http://bioontology.org/projects/ontologies/fma/fmaOwlDlComponent_2_0#Superior_cerebral_vein,http://www.ihtsdo.org/snomed#Structure_of_superior_cerebral_vein,True,1.0
http://bioontology.org/projects/ontologies/fma/fmaOwlDlComponent_2_0#Talonavicular_ligament,http://www.ihtsdo.org/snomed#Structure_of_talonavicular_ligament,True,1.0
http://bioontology.org/projects/ontologies/fma/fmaOwlDlComponent_2_0#Dorsal_part_of_foot,http://www.ihtsdo.org/snomed#Structure_of_dorsum_of_foot,True,1.0
http://bioontology.org/projects/ontologies/fma/fmaOwlDlComponent_2_0#Deep_middle_cerebral_vein,http://www.ihtsdo.org/snomed#Structure_of_deep_middle_cerebral_vein,True,1.0
http://bioontology.org/projects/ontologies/fma/fmaOwlDlComponent_2_0#Dorsal_sacroiliac_ligament,http://www.ihtsdo.org/snomed#Structure_of_dorsal_sacroiliac_ligaments,True,1.0
http://bioontology.org/projects/ontologies/fma/fmaOwlDlComponent_2_0#Cremasteric_muscle,http://www.ihtsdo.org/snomed#Structure_of_cremaster_muscle,True,1.0
http://bioontology.org/projects/ontologies/fma/fmaOwlDlComponent_2_0#Body_of_cervical_vertebra,http://www.ihtsdo.org/snomed#Structure_of_body_of_cervical_vertebra,True,1.0
http://bioontology.org/projects/ontologies/fma/fmaOwlDlComponent_2_0#Bone_of_malleus,http://www.ihtsdo.org/snomed#Bone_structure_of_malleus,True,1.0
http://bioontology.org/projects/ontologies/fma/fmaOwlDlComponent_2_0#Diaphysis_of_phalanx_of_third_toe,http://www.ihtsdo.org/snomed#Structure_of_shaft_of_phalanx_of_third_toe,True,1.0
http://bioontology.org/projects/ontologies/fma/fmaOwlDlComponent_2_0#Deep_dorsal_vein_of_penis,http://www.ihtsdo.org/snomed#Structure_of_deep_dorsal_vein_of_penis,True,1.0
http://bioontology.org/projects/ontologies/fma/fmaOwlDlComponent_2_0#Lateral_segment_of_left_lobe_of_liver,http://www.ihtsdo.org/snomed#Structure_of_lateral_segment_of_left_lobe_of_liver,True,1.0
http://bioontology.org/projects/ontologies/fma/fmaOwlDlComponent_2_0#Aponeurosis,http://www.ihtsdo.org/snomed#Aponeurosis_structure,True,1.0
http://bioontology.org/projects/ontologies/fma/fmaOwlDlComponent_2_0#Glomerulus,http://www.ihtsdo.org/snomed#Glomerulus_structure,True,1.0
http://bioontology.org/projects/ontologies/fma/fmaOwlDlComponent_2_0#Fissure_for_ligamentum_teres,http://www.ihtsdo.org/snomed#Structure_of_fissure_of_round_ligament_of_liver,True,1.0
http://bioontology.org/projects/ontologies/fma/fmaOwlDlComponent_2_0#Posterior_scrotal_nerve,http://www.ihtsdo.org/snomed#Structure_of_posterior_scrotal_nerves,False,1.0
http://bioontology.org/projects/ontologies/fma/fmaOwlDlComponent_2_0#Lateral_inguinal_fossa,http://www.ihtsdo.org/snomed#Structure_of_lateral_inguinal_fossa,True,1.0
http://bioontology.org/projects/ontologies/fma/fmaOwlDlComponent_2_0#Mucosa_of_colon,http://www.ihtsdo.org/snomed#Colonic_mucous_membrane_structure,True,1.0
http://bioontology.org/projects/ontologies/fma/fmaOwlDlComponent_2_0#Intervertebral_disk_of_fourth_thoracic_vertebra,http://www.ihtsdo.org/snomed#Intervertebral_disc_structure_of_fourth_thoracic_vertebra,True,1.0
http://bioontology.org/projects/ontologies/fma/fmaOwlDlComponent_2_0#Anterior_tibiofibular_ligament,http://www.ihtsdo.org/snomed#Structure_of_anterior_tibiofibular_ligament,True,1.0
http://bioontology.org/projects/ontologies/fma/fmaOwlDlComponent_2_0#Posterior_cochlear_nucleus,http://www.ihtsdo.org/snomed#Structure_of_dorsal_cochlear_nucleus,True,1.0
http://bioontology.org/projects/ontologies/fma/fmaOwlDlComponent_2_0#Superior_sagittal_sinus,http://www.ihtsdo.org/snomed#Superior_sagittal_sinus_structure,True,1.0
http://bioontology.org/projects/ontologies/fma/fmaOwlDlComponent_2_0#Hepatic_artery_proper,http://www.ihtsdo.org/snomed#Structure_of_hepatic_artery_proper,True,1.0
http://bioontology.org/projects/ontologies/fma/fmaOwlDlComponent_2_0#Duodenal_recess,http://www.ihtsdo.org/snomed#Duodenal_recess_structure,True,1.0
http://bioontology.org/projects/ontologies/fma/fmaOwlDlComponent_2_0#Apical_axillary_lymph_node,http://www.ihtsdo.org/snomed#Structure_of_apical_axillary_lymph_node,True,1.0
http://bioontology.org/projects/ontologies/fma/fmaOwlDlComponent_2_0#Superior_articular_process_of_fourth_thoracic_vertebra,http://www.ihtsdo.org/snomed#Structure_of_superior_articular_process_of_fourth_thoracic_vertebra,True,1.0
http://bioontology.org/projects/ontologies/fma/fmaOwlDlComponent_2_0#Posterior_branch_of_right_hepatic_duct,http://www.ihtsdo.org/snomed#Structure_of_posterior_branch_of_right_hepatic_duct,True,1.0
http://bioontology.org/projects/ontologies/fma/fmaOwlDlComponent_2_0#Temporalis,http://www.ihtsdo.org/snomed#Structure_of_temporalis_muscle,False,1.0
http://bioontology.org/projects/ontologies/fma/fmaOwlDlComponent_2_0#Medial_pterygoid_nerve,http://www.ihtsdo.org/snomed#Medial_pterygoid_nerve,True,1.0
http://bioontology.org/projects/ontologies/fma/fmaOwlDlComponent_2_0#Proximal_epiphysis_of_metatarsal_bone,http://www.ihtsdo.org/snomed#Structure_of_base_of_metatarsal_bone,True,1.0
http://bioontology.org/projects/ontologies/fma/fmaOwlDlComponent_2_0#Iliotibial_tract,http://www.ihtsdo.org/snomed#Structure_of_iliotibial_tract,True,1.0
http://bioontology.org/projects/ontologies/fma/fmaOwlDlComponent_2_0#Set_of_dorsal_metacarpal_veins,http://www.ihtsdo.org/snomed#Structure_of_dorsal_metacarpal_vein,True,1.0
http://bioontology.org/projects/ontologies/fma/fmaOwlDlComponent_2_0#Mesencephalic_nucleus_of_trigeminal_nerve,http://www.ihtsdo.org/snomed#Structure_of_trigeminal_nerve_mesencephalic_nucleus,True,1.0
http://bioontology.org/projects/ontologies/fma/fmaOwlDlComponent_2_0#White_matter_of_insula,http://www.ihtsdo.org/snomed#Structure_of_white_matter_of_insula,True,1.0
http://bioontology.org/projects/ontologies/fma/fmaOwlDlComponent_2_0#Median_palatine_suture,http://www.ihtsdo.org/snomed#Structure_of_middle_palatine_suture_of_skull,True,1.0
http://bioontology.org/projects/ontologies/fma/fmaOwlDlComponent_2_0#Set_of_abdominal_lymph_nodes,http://www.ihtsdo.org/snomed#Abdominal_lymph_node_structure,True,1.0
http://bioontology.org/projects/ontologies/fma/fmaOwlDlComponent_2_0#Vestibular_ganglion,http://www.ihtsdo.org/snomed#Structure_of_vestibular_ganglion,True,1.0
http://bioontology.org/projects/ontologies/fma/fmaOwlDlComponent_2_0#Incus,http://www.ihtsdo.org/snomed#Incus_structure,True,1.0
http://bioontology.org/projects/ontologies/fma/fmaOwlDlComponent_2_0#Cerebral_white_matter,http://www.ihtsdo.org/snomed#Cerebral_white_matter_structure,True,1.0
http://bioontology.org/projects/ontologies/fma/fmaOwlDlComponent_2_0#Set_of_internal_iliac_lymph_nodes,http://www.ihtsdo.org/snomed#Internal_iliac_node,True,1.0
http://bioontology.org/projects/ontologies/fma/fmaOwlDlComponent_2_0#Sphenomaxillary_suture,http://www.ihtsdo.org/snomed#Structure_of_sphenomaxillary_suture_of_skull,True,1.0
http://bioontology.org/projects/ontologies/fma/fmaOwlDlComponent_2_0#Superior_thyroid_vein,http://www.ihtsdo.org/snomed#Structure_of_superior_thyroid_vein,True,1.0
http://bioontology.org/projects/ontologies/fma/fmaOwlDlComponent_2_0#Tributary_of_axillary_vein,http://www.ihtsdo.org/snomed#Structure_of_tributary_of_axillary_vein,True,1.0
http://bioontology.org/projects/ontologies/fma/fmaOwlDlComponent_2_0#Set_of_intertransverse_ligaments,http://www.ihtsdo.org/snomed#Structure_of_intertransverse_ligaments,True,1.0
http://bioontology.org/projects/ontologies/fma/fmaOwlDlComponent_2_0#Set_of_lateral_palpebral_arteries,http://www.ihtsdo.org/snomed#Structure_of_lateral_palpebral_artery,False,1.0
http://bioontology.org/projects/ontologies/fma/fmaOwlDlComponent_2_0#Primary_molar_tooth,http://www.ihtsdo.org/snomed#Structure_of_deciduous_molar_tooth,False,1.0
http://bioontology.org/projects/ontologies/fma/fmaOwlDlComponent_2_0#Root_of_left_lung,http://www.ihtsdo.org/snomed#Structure_of_root_of_left_lung,True,1.0
http://bioontology.org/projects/ontologies/fma/fmaOwlDlComponent_2_0#Buccal_branch_of_facial_nerve,http://www.ihtsdo.org/snomed#Buccal_branch_of_facial_nerve,True,1.0
http://bioontology.org/projects/ontologies/fma/fmaOwlDlComponent_2_0#Left_main_bronchus,http://www.ihtsdo.org/snomed#Left_main_bronchus_structure,True,1.0
http://bioontology.org/projects/ontologies/fma/fmaOwlDlComponent_2_0#Right_anterior_basal_bronchopulmonary_segment,http://www.ihtsdo.org/snomed#Structure_of_anterior_basal_segment_of_right_lower_lobe_of_lung,True,1.0
http://bioontology.org/projects/ontologies/fma/fmaOwlDlComponent_2_0#Inflow_part_of_right_ventricle,http://www.ihtsdo.org/snomed#Structure_of_inflow_tract_of_right_ventricle,True,1.0
http://bioontology.org/projects/ontologies/fma/fmaOwlDlComponent_2_0#Sphenosquamosal_suture,http://www.ihtsdo.org/snomed#Structure_of_sphenosquamous_suture_of_skull,True,1.0
http://bioontology.org/projects/ontologies/fma/fmaOwlDlComponent_2_0#Lobe_of_prostate,http://www.ihtsdo.org/snomed#Structure_of_lobe_of_prostate,True,1.0
http://bioontology.org/projects/ontologies/fma/fmaOwlDlComponent_2_0#Pararectal_fossa,http://www.ihtsdo.org/snomed#Structure_of_pararectal_fossa,True,1.0
http://bioontology.org/projects/ontologies/fma/fmaOwlDlComponent_2_0#Transverse_process_of_cervical_vertebra,http://www.ihtsdo.org/snomed#Structure_of_transverse_process_of_cervical_vertebra,False,1.0
http://bioontology.org/projects/ontologies/fma/fmaOwlDlComponent_2_0#Median_sulcus_of_tongue,http://www.ihtsdo.org/snomed#Structure_of_median_furrow_of_tongue,True,1.0
http://bioontology.org/projects/ontologies/fma/fmaOwlDlComponent_2_0#Corniculate_cartilage,http://www.ihtsdo.org/snomed#Structure_of_corniculate_cartilage,True,1.0
http://bioontology.org/projects/ontologies/fma/fmaOwlDlComponent_2_0#Ora_serrata,http://www.ihtsdo.org/snomed#Structure_of_ora_serrata_of_retina,True,1.0
http://bioontology.org/projects/ontologies/fma/fmaOwlDlComponent_2_0#Posterior_nucleus_of_thalamus,http://www.ihtsdo.org/snomed#Structure_of_posterior_nucleus_of_thalamus,True,1.0
http://bioontology.org/projects/ontologies/fma/fmaOwlDlComponent_2_0#Amnion,http://www.ihtsdo.org/snomed#Structure_of_amnion,True,1.0
http://bioontology.org/projects/ontologies/fma/fmaOwlDlComponent_2_0#Dendritic,http://www.ihtsdo.org/snomed#Dendritic,False,1.0
http://bioontology.org/projects/ontologies/fma/fmaOwlDlComponent_2_0#Set_of_deep_parotid_lymph_nodes,http://www.ihtsdo.org/snomed#Deep_parotid_lymph_node,True,1.0
http://bioontology.org/projects/ontologies/fma/fmaOwlDlComponent_2_0#Posterior_semicircular_duct,http://www.ihtsdo.org/snomed#Structure_of_posterior_semicircular_duct,True,1.0
http://bioontology.org/projects/ontologies/fma/fmaOwlDlComponent_2_0#Medial_common_iliac_lymph_node,http://www.ihtsdo.org/snomed#Structure_of_medial_common_iliac_lymph_node,True,1.0
http://bioontology.org/projects/ontologies/fma/fmaOwlDlComponent_2_0#Muscle_of_face,http://www.ihtsdo.org/snomed#Facial_muscle,True,1.0
http://bioontology.org/projects/ontologies/fma/fmaOwlDlComponent_2_0#Right_arm,http://www.ihtsdo.org/snomed#Both_upper_arms,False,1.0
http://bioontology.org/projects/ontologies/fma/fmaOwlDlComponent_2_0#Set_of_central_axillary_lymph_nodes,http://www.ihtsdo.org/snomed#Structure_of_central_axillary_lymph_node,True,1.0
http://bioontology.org/projects/ontologies/fma/fmaOwlDlComponent_2_0#Set_of_para_aortic_bodies,http://www.ihtsdo.org/snomed#Structure_of_paraaortic_body,False,1.0
http://bioontology.org/projects/ontologies/fma/fmaOwlDlComponent_2_0#Vomer,http://www.ihtsdo.org/snomed#Vomer_bone_structure,True,1.0
http://bioontology.org/projects/ontologies/fma/fmaOwlDlComponent_2_0#Solitary_tract_nuclear_complex,http://www.ihtsdo.org/snomed#Structure_of_nucleus_of_tractus_solitarius,True,1.0
http://bioontology.org/projects/ontologies/fma/fmaOwlDlComponent_2_0#Articular_part_of_tubercle_of_seventh_rib,http://www.ihtsdo.org/snomed#Structure_of_articular_part_of_tubercle_of_seventh_rib,True,1.0
http://bioontology.org/projects/ontologies/fma/fmaOwlDlComponent_2_0#Right_radial_artery,http://www.ihtsdo.org/snomed#Structure_of_right_radial_artery,False,1.0
http://bioontology.org/projects/ontologies/fma/fmaOwlDlComponent_2_0#Anterior_cerebral_vein,http://www.ihtsdo.org/snomed#Structure_of_anterior_cerebral_vein,False,1.0
http://bioontology.org/projects/ontologies/fma/fmaOwlDlComponent_2_0#Lumbar_rotator,http://www.ihtsdo.org/snomed#Structure_of_lumbar_rotator_muscle,False,1.0
http://bioontology.org/projects/ontologies/fma/fmaOwlDlComponent_2_0#Vertebral_vein,http://www.ihtsdo.org/snomed#Structure_of_vertebral_vein,True,1.0
http://bioontology.org/projects/ontologies/fma/fmaOwlDlComponent_2_0#Macula_lutea,http://www.ihtsdo.org/snomed#Macula_lutea_structure,True,1.0
http://bioontology.org/projects/ontologies/fma/fmaOwlDlComponent_2_0#Subdivision_of_nasopharynx,http://www.ihtsdo.org/snomed#Region_of_nasopharynx,True,1.0
http://bioontology.org/projects/ontologies/fma/fmaOwlDlComponent_2_0#Transverse_process_of_fifth_thoracic_vertebra,http://www.ihtsdo.org/snomed#Structure_of_transverse_process_of_fifth_thoracic_vertebra,True,1.0
http://bioontology.org/projects/ontologies/fma/fmaOwlDlComponent_2_0#Posterior_limb_of_internal_capsule,http://www.ihtsdo.org/snomed#Internal_capsule_posterior_limb_structure,True,1.0
http://bioontology.org/projects/ontologies/fma/fmaOwlDlComponent_2_0#Pulmonary_surfactant,http://www.ihtsdo.org/snomed#Lung_surfactant,True,1.0
http://bioontology.org/projects/ontologies/fma/fmaOwlDlComponent_2_0#Muscle_of_forearm,http://www.ihtsdo.org/snomed#Forearm_structure,False,1.0
http://bioontology.org/projects/ontologies/fma/fmaOwlDlComponent_2_0#Tributary_of_great_cerebral_vein,http://www.ihtsdo.org/snomed#Structure_of_tributary_of_great_cerebral_vein,True,1.0
http://bioontology.org/projects/ontologies/fma/fmaOwlDlComponent_2_0#Subclavian_artery,http://www.ihtsdo.org/snomed#Structure_of_subclavian_artery,True,1.0
http://bioontology.org/projects/ontologies/fma/fmaOwlDlComponent_2_0#Inferior_ligament_of_epididymis,http://www.ihtsdo.org/snomed#Structure_of_inferior_ligament_of_epididymis,True,1.0
http://bioontology.org/projects/ontologies/fma/fmaOwlDlComponent_2_0#Head_of_humerus,http://www.ihtsdo.org/snomed#Structure_of_head_of_humerus,True,1.0
http://bioontology.org/projects/ontologies/fma/fmaOwlDlComponent_2_0#Twelfth_thoracic_vertebral_arch,http://www.ihtsdo.org/snomed#Structure_of_arch_of_twelfth_thoracic_vertebra,True,1.0
http://bioontology.org/projects/ontologies/fma/fmaOwlDlComponent_2_0#Bone_of_talus,http://www.ihtsdo.org/snomed#Bone_structure_of_talus,True,1.0
http://bioontology.org/projects/ontologies/fma/fmaOwlDlComponent_2_0#Proximal_epiphysis_of_fourth_metacarpal_bone,http://www.ihtsdo.org/snomed#Structure_of_base_of_fourth_metacarpal_bone,True,1.0
http://bioontology.org/projects/ontologies/fma/fmaOwlDlComponent_2_0#Parietal_tuber,http://www.ihtsdo.org/snomed#Structure_of_parietal_eminence,True,1.0
http://bioontology.org/projects/ontologies/fma/fmaOwlDlComponent_2_0#Transverse_cervical_vein,http://www.ihtsdo.org/snomed#Structure_of_transverse_cervical_vein,False,1.0
http://bioontology.org/projects/ontologies/fma/fmaOwlDlComponent_2_0#Extensor_carpi_radialis_longus,http://www.ihtsdo.org/snomed#Structure_of_extensor_carpi_radialis_muscle,False,1.0
http://bioontology.org/projects/ontologies/fma/fmaOwlDlComponent_2_0#Sphincter_of_hepatopancreatic_ampulla,http://www.ihtsdo.org/snomed#Sphincter_of_Oddi_structure,True,1.0
http://bioontology.org/projects/ontologies/fma/fmaOwlDlComponent_2_0#Superior_gluteal_lymph_node,http://www.ihtsdo.org/snomed#Structure_of_superior_gluteal_lymph_node,False,1.0
http://bioontology.org/projects/ontologies/fma/fmaOwlDlComponent_2_0#Musculocutaneous_nerve,http://www.ihtsdo.org/snomed#Structure_of_musculocutaneous_nerve,True,1.0
http://bioontology.org/projects/ontologies/fma/fmaOwlDlComponent_2_0#Oblique_line_of_thyroid_cartilage,http://www.ihtsdo.org/snomed#Structure_of_oblique_line_of_thyroid_cartilage,True,1.0
http://bioontology.org/projects/ontologies/fma/fmaOwlDlComponent_2_0#Left_branch_of_atrioventricular_bundle,http://www.ihtsdo.org/snomed#Left_bundle_branch_structure,True,1.0
http://bioontology.org/projects/ontologies/fma/fmaOwlDlComponent_2_0#Floor_of_mouth,http://www.ihtsdo.org/snomed#Floor_of_mouth_structure,True,1.0
http://bioontology.org/projects/ontologies/fma/fmaOwlDlComponent_2_0#Set_of_lateral_common_iliac_lymph_nodes,http://www.ihtsdo.org/snomed#Structure_of_lateral_common_iliac_lymph_node,True,1.0
http://bioontology.org/projects/ontologies/fma/fmaOwlDlComponent_2_0#Lip,http://www.ihtsdo.org/snomed#Lip_structure,True,1.0
http://bioontology.org/projects/ontologies/fma/fmaOwlDlComponent_2_0#Extrinsic_ligament_of_larynx,http://www.ihtsdo.org/snomed#Extrinsic_laryngeal_ligament,True,1.0
http://bioontology.org/projects/ontologies/fma/fmaOwlDlComponent_2_0#Inner_plexiform_layer_of_retina,http://www.ihtsdo.org/snomed#Structure_of_inner_plexiform_layer_of_retina,True,1.0
http://bioontology.org/projects/ontologies/fma/fmaOwlDlComponent_2_0#Dorsal_carpal_branch_of_radial_artery,http://www.ihtsdo.org/snomed#Structure_of_carpal_dorsal_branch_of_radial_artery,True,1.0
http://bioontology.org/projects/ontologies/fma/fmaOwlDlComponent_2_0#Tragus,http://www.ihtsdo.org/snomed#Tragus_structure,True,1.0
http://bioontology.org/projects/ontologies/fma/fmaOwlDlComponent_2_0#Hepatovenous_segment_VII,http://www.ihtsdo.org/snomed#Couinaud_hepatic_segment_VIII,False,1.0
http://bioontology.org/projects/ontologies/fma/fmaOwlDlComponent_2_0#Lateral_surface_of_little_finger,http://www.ihtsdo.org/snomed#Structure_of_lateral_surface_of_little_finger,True,1.0
http://bioontology.org/projects/ontologies/fma/fmaOwlDlComponent_2_0#Otic_ganglion,http://www.ihtsdo.org/snomed#Structure_of_otic_ganglion,True,1.0
http://bioontology.org/projects/ontologies/fma/fmaOwlDlComponent_2_0#Keratinosome,http://www.ihtsdo.org/snomed#Membrane_coating_granule,True,1.0
http://bioontology.org/projects/ontologies/fma/fmaOwlDlComponent_2_0#Set_of_inferior_pancreatic_lymph_nodes,http://www.ihtsdo.org/snomed#Structure_of_inferior_pancreatic_lymph_node,True,1.0
http://bioontology.org/projects/ontologies/fma/fmaOwlDlComponent_2_0#Duodenal_fold,http://www.ihtsdo.org/snomed#Structure_of_duodenal_fold,True,1.0
http://bioontology.org/projects/ontologies/fma/fmaOwlDlComponent_2_0#Anterior_branch_of_great_auricular_nerve,http://www.ihtsdo.org/snomed#Structure_of_greater_auricular_nerve_anterior_branch,True,1.0
http://bioontology.org/projects/ontologies/fma/fmaOwlDlComponent_2_0#Haploid_nucleated_cell,http://www.ihtsdo.org/snomed#Gamete_structure,False,1.0
http://bioontology.org/projects/ontologies/fma/fmaOwlDlComponent_2_0#Superficial_epigastric_vein,http://www.ihtsdo.org/snomed#Structure_of_superficial_epigastric_vein,True,1.0
http://bioontology.org/projects/ontologies/fma/fmaOwlDlComponent_2_0#Calcanean_tuberosity,http://www.ihtsdo.org/snomed#Calcaneal_tubercle_structure,True,1.0
http://bioontology.org/projects/ontologies/fma/fmaOwlDlComponent_2_0#Left_subsuperior_segmental_bronchus,http://www.ihtsdo.org/snomed#Structure_of_left_subapical_segmental_bronchus,True,1.0
http://bioontology.org/projects/ontologies/fma/fmaOwlDlComponent_2_0#Arch_of_second_lumbar_vertebra,http://www.ihtsdo.org/snomed#Structure_of_arch_of_second_lumbar_vertebra,True,1.0
http://bioontology.org/projects/ontologies/fma/fmaOwlDlComponent_2_0#Epiploic_appendage,http://www.ihtsdo.org/snomed#Structure_of_appendix_epiploica,True,1.0
http://bioontology.org/projects/ontologies/fma/fmaOwlDlComponent_2_0#Mastoid_antrum,http://www.ihtsdo.org/snomed#Mastoid_antrum_structure,True,1.0
http://bioontology.org/projects/ontologies/fma/fmaOwlDlComponent_2_0#Fascia_of_masseter,http://www.ihtsdo.org/snomed#Structure_of_masseter_fascia,True,1.0
http://bioontology.org/projects/ontologies/fma/fmaOwlDlComponent_2_0#Set_of_supraclavicular_nerves,http://www.ihtsdo.org/snomed#Supraclavicular_nerve,False,1.0
http://bioontology.org/projects/ontologies/fma/fmaOwlDlComponent_2_0#Frenulum_of_upper_lip,http://www.ihtsdo.org/snomed#Structure_of_frenulum_labii_superioris,True,1.0
http://bioontology.org/projects/ontologies/fma/fmaOwlDlComponent_2_0#Spiral_modiolar_artery,http://www.ihtsdo.org/snomed#Structure_of_spiral_modiolar_artery,True,1.0
http://bioontology.org/projects/ontologies/fma/fmaOwlDlComponent_2_0#Lumbar_vertebral_arch,http://www.ihtsdo.org/snomed#Structure_of_arch_of_lumbar_vertebra,True,1.0
http://bioontology.org/projects/ontologies/fma/fmaOwlDlComponent_2_0#Superior_cistern,http://www.ihtsdo.org/snomed#Cisterna_superioris,True,1.0
http://bioontology.org/projects/ontologies/fma/fmaOwlDlComponent_2_0#Lumen_of_ureter,http://www.ihtsdo.org/snomed#Structure_of_ureteral_lumen,False,1.0
http://bioontology.org/projects/ontologies/fma/fmaOwlDlComponent_2_0#Set_of_papillae_of_tongue,http://www.ihtsdo.org/snomed#Structure_of_lingual_papillae,True,1.0
http://bioontology.org/projects/ontologies/fma/fmaOwlDlComponent_2_0#Lamina_of_ninth_thoracic_vertebra,http://www.ihtsdo.org/snomed#Structure_of_lamina_of_ninth_thoracic_vertebra,True,1.0
http://bioontology.org/projects/ontologies/fma/fmaOwlDlComponent_2_0#Set_of_perforating_branches_of_internal_thoracic_artery,http://www.ihtsdo.org/snomed#Structure_of_perforating_branch_of_internal_thoracic_artery,True,1.0
http://bioontology.org/projects/ontologies/fma/fmaOwlDlComponent_2_0#Subarachnoid_cistern,http://www.ihtsdo.org/snomed#Structure_of_subarachnoid_cistern,True,1.0
http://bioontology.org/projects/ontologies/fma/fmaOwlDlComponent_2_0#Major_arterial_circle_of_iris,http://www.ihtsdo.org/snomed#Structure_of_greater_circulus_arteriosus_of_iris,True,1.0
http://bioontology.org/projects/ontologies/fma/fmaOwlDlComponent_2_0#Horizontal_fissure_of_cerebellum,http://www.ihtsdo.org/snomed#Horizontal_cerebellar_fissure,True,1.0
http://bioontology.org/projects/ontologies/fma/fmaOwlDlComponent_2_0#Tributary_of_superior_mesenteric_vein,http://www.ihtsdo.org/snomed#Structure_of_tributary_of_superior_mesenteric_vein,True,1.0
http://bioontology.org/projects/ontologies/fma/fmaOwlDlComponent_2_0#Intervertebral_disk_of_third_thoracic_vertebra,http://www.ihtsdo.org/snomed#Intervertebral_disc_structure_of_third_thoracic_vertebra,True,1.0
http://bioontology.org/projects/ontologies/fma/fmaOwlDlComponent_2_0#Hepatogastric_ligament,http://www.ihtsdo.org/snomed#Structure_of_gastrohepatic_ligament,True,1.0
http://bioontology.org/projects/ontologies/fma/fmaOwlDlComponent_2_0#Smallest_cardiac_vein,http://www.ihtsdo.org/snomed#Structure_of_cardiac_vein,False,1.0
http://bioontology.org/projects/ontologies/fma/fmaOwlDlComponent_2_0#Trunk_of_tubal_part_of_uterine_artery,http://www.ihtsdo.org/snomed#Structure_of_tubal_branch_of_uterine_artery,True,1.0
http://bioontology.org/projects/ontologies/fma/fmaOwlDlComponent_2_0#Left_suprarenal_vein,http://www.ihtsdo.org/snomed#Structure_of_left_suprarenal_vein,False,1.0
http://bioontology.org/projects/ontologies/fma/fmaOwlDlComponent_2_0#Conducting_system_of_heart,http://www.ihtsdo.org/snomed#Cardiac_conducting_system_structure,True,1.0
http://bioontology.org/projects/ontologies/fma/fmaOwlDlComponent_2_0#Lactiferous_sinus,http://www.ihtsdo.org/snomed#Structure_of_lactiferous_sinus,True,1.0
http://bioontology.org/projects/ontologies/fma/fmaOwlDlComponent_2_0#Central_axillary_lymph_node,http://www.ihtsdo.org/snomed#Structure_of_central_axillary_lymph_node,True,1.0
http://bioontology.org/projects/ontologies/fma/fmaOwlDlComponent_2_0#Yellow_bone_marrow,http://www.ihtsdo.org/snomed#Structure_of_yellow_bone_marrow,False,1.0
http://bioontology.org/projects/ontologies/fma/fmaOwlDlComponent_2_0#Distal_epiphysis_of_phalanx_of_third_toe,http://www.ihtsdo.org/snomed#Structure_of_distal_phalanx_of_third_toe,True,1.0
http://bioontology.org/projects/ontologies/fma/fmaOwlDlComponent_2_0#Posterior_pole_of_eyeball,http://www.ihtsdo.org/snomed#Structure_of_posterior_pole_of_eye,True,1.0
http://bioontology.org/projects/ontologies/fma/fmaOwlDlComponent_2_0#Medial_branch_of_left_hepatic_duct,http://www.ihtsdo.org/snomed#Structure_of_medial_branch_of_left_hepatic_duct,True,1.0
http://bioontology.org/projects/ontologies/fma/fmaOwlDlComponent_2_0#Right_conus_artery,http://www.ihtsdo.org/snomed#Structure_of_first_right_ventricular_branch_of_right_coronary_artery,True,1.0
http://bioontology.org/projects/ontologies/fma/fmaOwlDlComponent_2_0#Calcaneocuboid_joint,http://www.ihtsdo.org/snomed#Calcaneocuboidal_joint_structure,True,1.0
http://bioontology.org/projects/ontologies/fma/fmaOwlDlComponent_2_0#Left_sphenoidal_sinus,http://www.ihtsdo.org/snomed#Left_sphenoid_sinus_structure,True,1.0
http://bioontology.org/projects/ontologies/fma/fmaOwlDlComponent_2_0#Nucleus_of_cranial_nerve,http://www.ihtsdo.org/snomed#Structure_of_cranial_nerve_nucleus,True,1.0
http://bioontology.org/projects/ontologies/fma/fmaOwlDlComponent_2_0#Articular_part_of_tubercle_of_fourth_rib,http://www.ihtsdo.org/snomed#Structure_of_articular_part_of_tubercle_of_fourth_rib,True,1.0
http://bioontology.org/projects/ontologies/fma/fmaOwlDlComponent_2_0#Sigmoid_vein,http://www.ihtsdo.org/snomed#Structure_of_sigmoid_vein,True,1.0
http://bioontology.org/projects/ontologies/fma/fmaOwlDlComponent_2_0#Perpendicular_plate_of_ethmoid,http://www.ihtsdo.org/snomed#Structure_of_lamina_perpendicularis_of_ethmoid_bone,True,1.0
http://bioontology.org/projects/ontologies/fma/fmaOwlDlComponent_2_0#Inferior_articular_process_of_seventh_cervical_vertebra,http://www.ihtsdo.org/snomed#Structure_of_inferior_articular_process_of_seventh_cervical_vertebra,False,1.0
http://bioontology.org/projects/ontologies/fma/fmaOwlDlComponent_2_0#Right_external_iliac_artery,http://www.ihtsdo.org/snomed#Structure_of_right_external_iliac_artery,False,1.0
http://bioontology.org/projects/ontologies/fma/fmaOwlDlComponent_2_0#Set_of_lymph_nodes_of_upper_limb,http://www.ihtsdo.org/snomed#Upper_limb_lymph_node_structure,True,1.0
http://bioontology.org/projects/ontologies/fma/fmaOwlDlComponent_2_0#Distal_epiphysis_of_third_metatarsal_bone,http://www.ihtsdo.org/snomed#Structure_of_head_of_third_metatarsal_bone,True,1.0
http://bioontology.org/projects/ontologies/fma/fmaOwlDlComponent_2_0#Intralobular_bile_duct,http://www.ihtsdo.org/snomed#Structure_of_intralobular_bile_duct,True,1.0
http://bioontology.org/projects/ontologies/fma/fmaOwlDlComponent_2_0#Epiglottic_vallecula,http://www.ihtsdo.org/snomed#Structure_of_vallecula_of_epiglottis,True,1.0
http://bioontology.org/projects/ontologies/fma/fmaOwlDlComponent_2_0#Sacral_lymph_node,http://www.ihtsdo.org/snomed#Structure_of_sacral_lymph_node,False,1.0
http://bioontology.org/projects/ontologies/fma/fmaOwlDlComponent_2_0#Paraurethral_duct,http://www.ihtsdo.org/snomed#Structure_of_paraurethral_ducts,True,1.0
http://bioontology.org/projects/ontologies/fma/fmaOwlDlComponent_2_0#First_anterior_ventricular_branch_of_right_coronary_artery,http://www.ihtsdo.org/snomed#Structure_of_first_right_ventricular_branch_of_right_coronary_artery,True,1.0
http://bioontology.org/projects/ontologies/fma/fmaOwlDlComponent_2_0#Interlobular_artery_of_liver,http://www.ihtsdo.org/snomed#Structure_of_interlobular_artery_of_liver,True,1.0
http://bioontology.org/projects/ontologies/fma/fmaOwlDlComponent_2_0#Lateral_pterygoid_nerve,http://www.ihtsdo.org/snomed#Lateral_pterygoid_nerve,False,1.0
http://bioontology.org/projects/ontologies/fma/fmaOwlDlComponent_2_0#Nucleus_of_accessory_nerve,http://www.ihtsdo.org/snomed#Structure_of_accessory_nerve_nucleus,True,1.0
http://bioontology.org/projects/ontologies/fma/fmaOwlDlComponent_2_0#Set_of_intercrural_fibers_of_superficial_inguinal_ring,http://www.ihtsdo.org/snomed#Structure_of_intercrural_fibers_of_superficial_inguinal_ring,True,1.0
http://bioontology.org/projects/ontologies/fma/fmaOwlDlComponent_2_0#Plantar_venous_arch_of_foot,http://www.ihtsdo.org/snomed#Structure_of_plantar_venous_arch,True,1.0
http://bioontology.org/projects/ontologies/fma/fmaOwlDlComponent_2_0#Left_triangular_ligament,http://www.ihtsdo.org/snomed#Structure_of_left_triangular_ligament,True,1.0
http://bioontology.org/projects/ontologies/fma/fmaOwlDlComponent_2_0#Superior_mediastinum,http://www.ihtsdo.org/snomed#Superior_mediastinum_structure,True,1.0
http://bioontology.org/projects/ontologies/fma/fmaOwlDlComponent_2_0#Set_of_posterior_scrotal_nerves,http://www.ihtsdo.org/snomed#Structure_of_posterior_scrotal_nerves,True,1.0
http://bioontology.org/projects/ontologies/fma/fmaOwlDlComponent_2_0#Articular_facet_of_calcaneus_for_cuboid,http://www.ihtsdo.org/snomed#Structure_of_cuboidal_articular_surface_of_calcaneus,True,1.0
http://bioontology.org/projects/ontologies/fma/fmaOwlDlComponent_2_0#Gemellus_inferior,http://www.ihtsdo.org/snomed#Inferior_gemellus_muscle,True,1.0
http://bioontology.org/projects/ontologies/fma/fmaOwlDlComponent_2_0#Clavipectoral_fascia,http://www.ihtsdo.org/snomed#Structure_of_clavipectoral_fascia,True,1.0
http://bioontology.org/projects/ontologies/fma/fmaOwlDlComponent_2_0#Preoptic_periventricular_nucleus,http://www.ihtsdo.org/snomed#Periventricular_hypothalamic_nucleus,True,1.0
http://bioontology.org/projects/ontologies/fma/fmaOwlDlComponent_2_0#Ligament_of_metacarpophalangeal_joint,http://www.ihtsdo.org/snomed#Structure_of_ligament_of_metacarpophalangeal_joint,True,1.0
http://bioontology.org/projects/ontologies/fma/fmaOwlDlComponent_2_0#Genitofemoral_nerve,http://www.ihtsdo.org/snomed#Structure_of_genitofemoral_nerve,True,1.0
http://bioontology.org/projects/ontologies/fma/fmaOwlDlComponent_2_0#Inferior_aberrant_ductule_of_epididymis,http://www.ihtsdo.org/snomed#Structure_of_inferior_aberrant_ductule_of_epididymis,True,1.0
http://bioontology.org/projects/ontologies/fma/fmaOwlDlComponent_2_0#Infratemporal_fossa,http://www.ihtsdo.org/snomed#Structure_of_infratemporal_fossa,False,1.0
http://bioontology.org/projects/ontologies/fma/fmaOwlDlComponent_2_0#Right_anterior_tibial_artery,http://www.ihtsdo.org/snomed#Structure_of_right_anterior_tibial_artery,False,1.0
http://bioontology.org/projects/ontologies/fma/fmaOwlDlComponent_2_0#Medial_globus_pallidus,http://www.ihtsdo.org/snomed#Structure_of_medial_globus_pallidus,True,1.0
http://bioontology.org/projects/ontologies/fma/fmaOwlDlComponent_2_0#Submental_artery,http://www.ihtsdo.org/snomed#Structure_of_submental_artery,True,1.0
http://bioontology.org/projects/ontologies/fma/fmaOwlDlComponent_2_0#Cerebral_association_fiber,http://www.ihtsdo.org/snomed#Cerebral_arcuate_fibers,True,1.0
http://bioontology.org/projects/ontologies/fma/fmaOwlDlComponent_2_0#Tympanic_orifice_of_auditory_tube,http://www.ihtsdo.org/snomed#Structure_of_tympanic_ostium_of_Eustachian_tube,True,1.0
http://bioontology.org/projects/ontologies/fma/fmaOwlDlComponent_2_0#Endocardium_of_right_ventricle,http://www.ihtsdo.org/snomed#Structure_of_endocardium_of_right_ventricle,True,1.0
http://bioontology.org/projects/ontologies/fma/fmaOwlDlComponent_2_0#Medial_surface_of_index_finger,http://www.ihtsdo.org/snomed#Structure_of_medial_surface_of_index_finger,True,1.0
http://bioontology.org/projects/ontologies/fma/fmaOwlDlComponent_2_0#Medial_cord_of_brachial_nerve_plexus,http://www.ihtsdo.org/snomed#Structure_of_medial_fasciculus_of_brachial_plexus,True,1.0
http://bioontology.org/projects/ontologies/fma/fmaOwlDlComponent_2_0#Trigeminal_nerve,http://www.ihtsdo.org/snomed#Trigeminal_nerve_structure,True,1.0
http://bioontology.org/projects/ontologies/fma/fmaOwlDlComponent_2_0#Third_sacral_vertebra,http://www.ihtsdo.org/snomed#Structure_of_third_sacral_vertebra,True,1.0
http://bioontology.org/projects/ontologies/fma/fmaOwlDlComponent_2_0#External_occipital_protuberance,http://www.ihtsdo.org/snomed#Structure_of_external_occipital_protuberance,True,1.0
http://bioontology.org/projects/ontologies/fma/fmaOwlDlComponent_2_0#Ductus_arteriosus,http://www.ihtsdo.org/snomed#Structure_of_ductus_arteriosus,True,1.0
http://bioontology.org/projects/ontologies/fma/fmaOwlDlComponent_2_0#Cardinal_ligament,http://www.ihtsdo.org/snomed#Structure_of_transverse_cervical_ligament,True,1.0
http://bioontology.org/projects/ontologies/fma/fmaOwlDlComponent_2_0#Superior_pubic_ligament,http://www.ihtsdo.org/snomed#Structure_of_superior_pubic_ligament,False,1.0
http://bioontology.org/projects/ontologies/fma/fmaOwlDlComponent_2_0#Lymphatic_vessel_of_lower_limb,http://www.ihtsdo.org/snomed#Structure_of_lymphatic_vessel_of_lower_limb,False,1.0
http://bioontology.org/projects/ontologies/fma/fmaOwlDlComponent_2_0#Esophageal_lymph_node,http://www.ihtsdo.org/snomed#Structure_of_esophageal_lymph_node,True,1.0
http://bioontology.org/projects/ontologies/fma/fmaOwlDlComponent_2_0#Inferior_conjunctival_fornix,http://www.ihtsdo.org/snomed#Structure_of_inferior_conjunctival_fornix,True,1.0
http://bioontology.org/projects/ontologies/fma/fmaOwlDlComponent_2_0#Variant_dorsal_scapular_artery,http://www.ihtsdo.org/snomed#Structure_of_dorsal_scapular_artery,False,1.0
http://bioontology.org/projects/ontologies/fma/fmaOwlDlComponent_2_0#Set_of_para_umbilical_veins,http://www.ihtsdo.org/snomed#Structure_of_paraumbilical_vein,True,1.0
http://bioontology.org/projects/ontologies/fma/fmaOwlDlComponent_2_0#Costal_groove_of_second_rib,http://www.ihtsdo.org/snomed#Structure_of_costal_groove_of_second_rib,True,1.0
http://bioontology.org/projects/ontologies/fma/fmaOwlDlComponent_2_0#Iliac_tuberosity,http://www.ihtsdo.org/snomed#Structure_of_iliac_tuberosity,False,1.0
http://bioontology.org/projects/ontologies/fma/fmaOwlDlComponent_2_0#Temporal_operculum,http://www.ihtsdo.org/snomed#Structure_of_temporal_operculum,True,1.0
http://bioontology.org/projects/ontologies/fma/fmaOwlDlComponent_2_0#Left_lateral_ventricle,http://www.ihtsdo.org/snomed#Left_lateral_ventricle_structure,True,1.0
http://bioontology.org/projects/ontologies/fma/fmaOwlDlComponent_2_0#Set_of_external_iliac_lymph_nodes,http://www.ihtsdo.org/snomed#Structure_of_external_iliac_lymph_node,True,1.0
http://bioontology.org/projects/ontologies/fma/fmaOwlDlComponent_2_0#Coccygeus,http://www.ihtsdo.org/snomed#Ischiococcygeus_muscle,True,1.0
http://bioontology.org/projects/ontologies/fma/fmaOwlDlComponent_2_0#Trunk_of_ovarian_part_of_uterine_artery,http://www.ihtsdo.org/snomed#Structure_of_ovarian_branch_of_uterine_artery,True,1.0
http://bioontology.org/projects/ontologies/fma/fmaOwlDlComponent_2_0#Neck_of_gallbladder,http://www.ihtsdo.org/snomed#Structure_of_neck_of_gallbladder,True,1.0
http://bioontology.org/projects/ontologies/fma/fmaOwlDlComponent_2_0#Right_lobe_of_thyroid_gland,http://www.ihtsdo.org/snomed#Structure_of_right_lobe_of_thyroid_gland,True,1.0
http://bioontology.org/projects/ontologies/fma/fmaOwlDlComponent_2_0#Occipital_angle_of_parietal_bone,http://www.ihtsdo.org/snomed#Structure_of_occipital_angle_of_parietal_bone,True,1.0
http://bioontology.org/projects/ontologies/fma/fmaOwlDlComponent_2_0#Left_first_lumbar_vein,http://www.ihtsdo.org/snomed#Structure_of_first_left_lumbar_vein,True,1.0
http://bioontology.org/projects/ontologies/fma/fmaOwlDlComponent_2_0#Sternal_angle,http://www.ihtsdo.org/snomed#Structure_of_sternal_angle,True,1.0
http://bioontology.org/projects/ontologies/fma/fmaOwlDlComponent_2_0#Posterior_choroidal_artery,http://www.ihtsdo.org/snomed#Structure_of_posterior_choroidal_artery,True,1.0
http://bioontology.org/projects/ontologies/fma/fmaOwlDlComponent_2_0#Anterior_axillary_line,http://www.ihtsdo.org/snomed#Anterior_axillary_line_structure,True,1.0
http://bioontology.org/projects/ontologies/fma/fmaOwlDlComponent_2_0#Carpal_articular_surface_of_radius,http://www.ihtsdo.org/snomed#Structure_of_carpal_articular_surface_of_radius,True,1.0
http://bioontology.org/projects/ontologies/fma/fmaOwlDlComponent_2_0#Lacrimal_artery,http://www.ihtsdo.org/snomed#Structure_of_lacrimal_artery,True,1.0
http://bioontology.org/projects/ontologies/fma/fmaOwlDlComponent_2_0#Angular_notch_of_stomach,http://www.ihtsdo.org/snomed#Structure_of_angular_incisure_of_stomach,True,1.0
http://bioontology.org/projects/ontologies/fma/fmaOwlDlComponent_2_0#Inferior_tibiofibular_joint,http://www.ihtsdo.org/snomed#Distal_tibiofibular_joint_structure,True,1.0
http://bioontology.org/projects/ontologies/fma/fmaOwlDlComponent_2_0#Tela_choroidea_of_third_ventricle,http://www.ihtsdo.org/snomed#Structure_of_tela_choroidea_of_third_ventricle,True,1.0
http://bioontology.org/projects/ontologies/fma/fmaOwlDlComponent_2_0#Superior_epigastric_artery,http://www.ihtsdo.org/snomed#Structure_of_superior_epigastric_artery,True,1.0
http://bioontology.org/projects/ontologies/fma/fmaOwlDlComponent_2_0#Set_of_eyelids,http://www.ihtsdo.org/snomed#Eyelid_structure,True,1.0
http://bioontology.org/projects/ontologies/fma/fmaOwlDlComponent_2_0#Diaphysis_of_phalanx_of_second_toe,http://www.ihtsdo.org/snomed#Structure_of_shaft_of_phalanx_of_second_toe,True,1.0
http://bioontology.org/projects/ontologies/fma/fmaOwlDlComponent_2_0#Tracheal_vein,http://www.ihtsdo.org/snomed#Structure_of_tracheal_vein,True,1.0
http://bioontology.org/projects/ontologies/fma/fmaOwlDlComponent_2_0#Anulus_fibrosus_of_intervertebral_disk_of_twelfth_thoracic_vertebra,http://www.ihtsdo.org/snomed#Structure_of_anulus_fibrosus_of_intervertebral_disc_of_twelfth_thoracic_vertebra,True,1.0
http://bioontology.org/projects/ontologies/fma/fmaOwlDlComponent_2_0#Mesentery_of_small_intestine,http://www.ihtsdo.org/snomed#Structure_of_mesentery_of_small_intestine,True,1.0
http://bioontology.org/projects/ontologies/fma/fmaOwlDlComponent_2_0#Head_of_fourth_rib,http://www.ihtsdo.org/snomed#Head_of_fourth_rib_structure,True,1.0
http://bioontology.org/projects/ontologies/fma/fmaOwlDlComponent_2_0#Sternebra,http://www.ihtsdo.org/snomed#Structure_of_sternebra,False,1.0
http://bioontology.org/projects/ontologies/fma/fmaOwlDlComponent_2_0#Tenth_thoracic_vertebral_arch,http://www.ihtsdo.org/snomed#Structure_of_arch_of_tenth_thoracic_vertebra,True,1.0
http://bioontology.org/projects/ontologies/fma/fmaOwlDlComponent_2_0#Ganglion_cell,http://www.ihtsdo.org/snomed#Ganglion_cell,True,1.0
http://bioontology.org/projects/ontologies/fma/fmaOwlDlComponent_2_0#Fibrous_capsule_of_spleen,http://www.ihtsdo.org/snomed#Structure_of_fibroelastic_coat_of_spleen,True,1.0
http://bioontology.org/projects/ontologies/fma/fmaOwlDlComponent_2_0#Neck_of_tenth_rib,http://www.ihtsdo.org/snomed#Head_of_tenth_rib_structure,False,1.0
http://bioontology.org/projects/ontologies/fma/fmaOwlDlComponent_2_0#Tela_choroidea_of_lateral_ventricle,http://www.ihtsdo.org/snomed#Structure_of_tela_choroidea_of_lateral_ventricle,True,1.0
http://bioontology.org/projects/ontologies/fma/fmaOwlDlComponent_2_0#Tributary_of_posterior_auricular_vein,http://www.ihtsdo.org/snomed#Structure_of_tributary_of_posterior_auricular_vein,True,1.0
http://bioontology.org/projects/ontologies/fma/fmaOwlDlComponent_2_0#Mucosa_of_urethra,http://www.ihtsdo.org/snomed#Structure_of_mucous_membrane_of_urethra,True,1.0
http://bioontology.org/projects/ontologies/fma/fmaOwlDlComponent_2_0#Nucleus_pulposus_of_intervertebral_disk_of_eleventh_thoracic_vertebra,http://www.ihtsdo.org/snomed#Structure_of_nucleus_pulposus_of_intervertebral_disc_of_eleventh_thoracic_vertebra,True,1.0
http://bioontology.org/projects/ontologies/fma/fmaOwlDlComponent_2_0#Coronoid_process_of_ulna,http://www.ihtsdo.org/snomed#Structure_of_coronoid_process_of_ulna,True,1.0
http://bioontology.org/projects/ontologies/fma/fmaOwlDlComponent_2_0#Anteromedial_central_branch_of_anterior_communicating_artery,http://www.ihtsdo.org/snomed#Structure_of_anteromedial_central_branch_of_anterior_communicating_artery,False,1.0
http://bioontology.org/projects/ontologies/fma/fmaOwlDlComponent_2_0#Transverse_process_of_first_thoracic_vertebra,http://www.ihtsdo.org/snomed#Structure_of_transverse_process_of_first_thoracic_vertebra,False,1.0
http://bioontology.org/projects/ontologies/fma/fmaOwlDlComponent_2_0#Supratrochlear_nerve,http://www.ihtsdo.org/snomed#Structure_of_supratrochlear_nerve,True,1.0
http://bioontology.org/projects/ontologies/fma/fmaOwlDlComponent_2_0#Right_gastro_epiploic_artery,http://www.ihtsdo.org/snomed#Structure_of_right_gastroepiploic_artery,True,1.0
http://bioontology.org/projects/ontologies/fma/fmaOwlDlComponent_2_0#Uncinate_fasciculus,http://www.ihtsdo.org/snomed#Structure_of_uncinate_fasciculus,True,1.0
http://bioontology.org/projects/ontologies/fma/fmaOwlDlComponent_2_0#First_thoracic_vertebral_arch,http://www.ihtsdo.org/snomed#Structure_of_arch_of_first_thoracic_vertebra,True,1.0
http://bioontology.org/projects/ontologies/fma/fmaOwlDlComponent_2_0#Supinator_muscle,http://www.ihtsdo.org/snomed#Structure_of_supinator_muscle,False,1.0
http://bioontology.org/projects/ontologies/fma/fmaOwlDlComponent_2_0#Muscle_layer_of_colon,http://www.ihtsdo.org/snomed#Colonic_muscularis_propria_structure,True,1.0
http://bioontology.org/projects/ontologies/fma/fmaOwlDlComponent_2_0#Conjunctival_fornix,http://www.ihtsdo.org/snomed#Structure_of_conjunctival_fornix,True,1.0
http://bioontology.org/projects/ontologies/fma/fmaOwlDlComponent_2_0#Tubercle_of_fifth_rib,http://www.ihtsdo.org/snomed#Tubercle_of_fifth_rib_structure,True,1.0
http://bioontology.org/projects/ontologies/fma/fmaOwlDlComponent_2_0#Lumen_of_epididymis,http://www.ihtsdo.org/snomed#Structure_of_epididymal_lumen,True,1.0
http://bioontology.org/projects/ontologies/fma/fmaOwlDlComponent_2_0#Lobule_of_pinna,http://www.ihtsdo.org/snomed#Ear_lobule_structure,True,1.0
http://bioontology.org/projects/ontologies/fma/fmaOwlDlComponent_2_0#Septal_leaflet_of_tricuspid_valve,http://www.ihtsdo.org/snomed#Structure_of_septal_leaflet_of_tricuspid_valve,True,1.0
http://bioontology.org/projects/ontologies/fma/fmaOwlDlComponent_2_0#Hymen_of_vagina,http://www.ihtsdo.org/snomed#Structure_of_hymen,True,1.0
http://bioontology.org/projects/ontologies/fma/fmaOwlDlComponent_2_0#Dorsal_ligament_of_carpometacarpal_joint,http://www.ihtsdo.org/snomed#Structure_of_dorsal_carpometacarpal_ligaments,True,1.0
http://bioontology.org/projects/ontologies/fma/fmaOwlDlComponent_2_0#Visceral_peritoneum,http://www.ihtsdo.org/snomed#Visceral_peritoneum_structure,True,1.0
http://bioontology.org/projects/ontologies/fma/fmaOwlDlComponent_2_0#Anserine_bursa,http://www.ihtsdo.org/snomed#Structure_of_anserine_bursa,True,1.0
http://bioontology.org/projects/ontologies/fma/fmaOwlDlComponent_2_0#Common_carotid_artery,http://www.ihtsdo.org/snomed#Common_carotid_artery_structure,True,1.0
http://bioontology.org/projects/ontologies/fma/fmaOwlDlComponent_2_0#Intervertebral_disk_of_twelfth_thoracic_vertebra,http://www.ihtsdo.org/snomed#Intervertebral_disc_structure_of_twelfth_thoracic_vertebra,True,1.0
http://bioontology.org/projects/ontologies/fma/fmaOwlDlComponent_2_0#Uncinate_process_of_pancreas,http://www.ihtsdo.org/snomed#Structure_of_uncinate_process_of_pancreas,True,1.0
http://bioontology.org/projects/ontologies/fma/fmaOwlDlComponent_2_0#Segmentation,http://www.ihtsdo.org/snomed#Segment,False,1.0
http://bioontology.org/projects/ontologies/fma/fmaOwlDlComponent_2_0#Transverse_process_of_fourth_thoracic_vertebra,http://www.ihtsdo.org/snomed#Structure_of_transverse_process_of_fourth_thoracic_vertebra,False,1.0
http://bioontology.org/projects/ontologies/fma/fmaOwlDlComponent_2_0#Left_posterior_tibial_artery,http://www.ihtsdo.org/snomed#Structure_of_left_posterior_tibial_artery,False,1.0
http://bioontology.org/projects/ontologies/fma/fmaOwlDlComponent_2_0#Bony_part_of_pharyngotympanic_tube,http://www.ihtsdo.org/snomed#Structure_of_osseous_portion_of_Eustachian_tube,True,1.0
http://bioontology.org/projects/ontologies/fma/fmaOwlDlComponent_2_0#Semitendinosus,http://www.ihtsdo.org/snomed#Semitendinosus_muscle_structure,True,1.0
http://bioontology.org/projects/ontologies/fma/fmaOwlDlComponent_2_0#Condyle,http://www.ihtsdo.org/snomed#Structure_of_condyle,False,1.0
http://bioontology.org/projects/ontologies/fma/fmaOwlDlComponent_2_0#Body_of_penis,http://www.ihtsdo.org/snomed#Corpus_penis_structure,True,1.0
http://bioontology.org/projects/ontologies/fma/fmaOwlDlComponent_2_0#Peroneal_artery,http://www.ihtsdo.org/snomed#Structure_of_peroneal_artery,False,1.0
http://bioontology.org/projects/ontologies/fma/fmaOwlDlComponent_2_0#Aortic_sinus,http://www.ihtsdo.org/snomed#Structure_of_sinus_of_Valsalva,True,1.0
http://bioontology.org/projects/ontologies/fma/fmaOwlDlComponent_2_0#Episcleral_vein,http://www.ihtsdo.org/snomed#Structure_of_episcleral_vein,False,1.0
http://bioontology.org/projects/ontologies/fma/fmaOwlDlComponent_2_0#Right_renal_vein,http://www.ihtsdo.org/snomed#Structure_of_right_renal_vein,True,1.0
http://bioontology.org/projects/ontologies/fma/fmaOwlDlComponent_2_0#Distal_epiphysis_of_fifth_metacarpal_bone,http://www.ihtsdo.org/snomed#Structure_of_head_of_fifth_metacarpal_bone,True,1.0
http://bioontology.org/projects/ontologies/fma/fmaOwlDlComponent_2_0#Accessory_nasal_cartilage,http://www.ihtsdo.org/snomed#Structure_of_accessory_nasal_cartilages,False,1.0
http://bioontology.org/projects/ontologies/fma/fmaOwlDlComponent_2_0#Inferior_pole_of_kidney,http://www.ihtsdo.org/snomed#Structure_of_inferior_pole_of_kidney,True,1.0
http://bioontology.org/projects/ontologies/fma/fmaOwlDlComponent_2_0#Posterior_commissure_of_labium_majus,http://www.ihtsdo.org/snomed#Commissure_of_labium_majorum,True,1.0
http://bioontology.org/projects/ontologies/fma/fmaOwlDlComponent_2_0#Mastoid_emissary_vein,http://www.ihtsdo.org/snomed#Structure_of_mastoid_emissary_vein,False,1.0
http://bioontology.org/projects/ontologies/fma/fmaOwlDlComponent_2_0#Oblique_head_of_adductor_hallucis,http://www.ihtsdo.org/snomed#Structure_of_oblique_head_of_adductor_hallucis_muscle,True,1.0
http://bioontology.org/projects/ontologies/fma/fmaOwlDlComponent_2_0#Hepatic_duct_of_caudate_lobe,http://www.ihtsdo.org/snomed#Tributary_of_left_hepatic_duct,False,1.0
http://bioontology.org/projects/ontologies/fma/fmaOwlDlComponent_2_0#Medial_plantar_artery,http://www.ihtsdo.org/snomed#Structure_of_medial_plantar_artery,True,1.0
http://bioontology.org/projects/ontologies/fma/fmaOwlDlComponent_2_0#Sacrum,http://www.ihtsdo.org/snomed#Bone_structure_of_sacrum,True,1.0
http://bioontology.org/projects/ontologies/fma/fmaOwlDlComponent_2_0#First_metacarpal_bone,http://www.ihtsdo.org/snomed#Bone_structure_of_first_metacarpal,True,1.0
http://bioontology.org/projects/ontologies/fma/fmaOwlDlComponent_2_0#Lamina_of_lumbar_vertebra,http://www.ihtsdo.org/snomed#Structure_of_lamina_of_lumbar_vertebra,True,1.0
http://bioontology.org/projects/ontologies/fma/fmaOwlDlComponent_2_0#Rectal_ampulla,http://www.ihtsdo.org/snomed#Structure_of_rectal_ampulla,True,1.0
http://bioontology.org/projects/ontologies/fma/fmaOwlDlComponent_2_0#Anterior_spinal_artery,http://www.ihtsdo.org/snomed#Structure_of_anterior_spinal_artery,True,1.0
http://bioontology.org/projects/ontologies/fma/fmaOwlDlComponent_2_0#Left_occipital_lobe,http://www.ihtsdo.org/snomed#Left_occipital_lobe_structure,True,1.0
http://bioontology.org/projects/ontologies/fma/fmaOwlDlComponent_2_0#Subdivision_of_neck,http://www.ihtsdo.org/snomed#Region_of_neck,True,1.0
http://bioontology.org/projects/ontologies/fma/fmaOwlDlComponent_2_0#Anterior_temporal_diploic_vein,http://www.ihtsdo.org/snomed#Structure_of_anterior_temporal_diploic_vein,False,1.0
http://bioontology.org/projects/ontologies/fma/fmaOwlDlComponent_2_0#Third_cervical_vertebral_arch,http://www.ihtsdo.org/snomed#Structure_of_arch_of_third_cervical_vertebra,True,1.0
http://bioontology.org/projects/ontologies/fma/fmaOwlDlComponent_2_0#Set_of_tracheal_branches_of_inferior_thyroid_artery,http://www.ihtsdo.org/snomed#Structure_of_tracheal_branch_of_inferior_thyroid_artery,True,1.0
http://bioontology.org/projects/ontologies/fma/fmaOwlDlComponent_2_0#Dermatan,http://www.ihtsdo.org/snomed#Dermatan_sulfate,False,1.0
http://bioontology.org/projects/ontologies/fma/fmaOwlDlComponent_2_0#Lateral_pericardial_lymph_node,http://www.ihtsdo.org/snomed#Structure_of_lateral_pericardial_lymph_node,True,1.0
http://bioontology.org/projects/ontologies/fma/fmaOwlDlComponent_2_0#Head_of_femur,http://www.ihtsdo.org/snomed#Structure_of_head_of_femur,True,1.0
http://bioontology.org/projects/ontologies/fma/fmaOwlDlComponent_2_0#Posterior_wall_of_pyloric_antrum,http://www.ihtsdo.org/snomed#Posterior_wall_of_antrum_of_stomach,True,1.0
http://bioontology.org/projects/ontologies/fma/fmaOwlDlComponent_2_0#Cochlear_duct_of_membranous_labyrinth,http://www.ihtsdo.org/snomed#Cochlear_duct_structure,True,1.0
http://bioontology.org/projects/ontologies/fma/fmaOwlDlComponent_2_0#Uterine_tube,http://www.ihtsdo.org/snomed#Both_fallopian_tubes,False,1.0
http://bioontology.org/projects/ontologies/fma/fmaOwlDlComponent_2_0#Distal_epiphysis_of_phalanx_of_hand,http://www.ihtsdo.org/snomed#Structure_of_head_of_phalanx_of_hand,True,1.0
http://bioontology.org/projects/ontologies/fma/fmaOwlDlComponent_2_0#Submental_lymph_node,http://www.ihtsdo.org/snomed#Structure_of_submental_lymph_node,True,1.0
http://bioontology.org/projects/ontologies/fma/fmaOwlDlComponent_2_0#Hepatic_duct_of_caudate_lobe,http://www.ihtsdo.org/snomed#Structure_of_hepatic_duct_of_caudate_lobe,True,1.0
http://bioontology.org/projects/ontologies/fma/fmaOwlDlComponent_2_0#Left_external_iliac_artery,http://www.ihtsdo.org/snomed#Branch_of_external_iliac_artery,True,1.0
http://bioontology.org/projects/ontologies/fma/fmaOwlDlComponent_2_0#Pancreatic_tributary_of_splenic_vein,http://www.ihtsdo.org/snomed#Structure_of_pancreatic_vein,True,1.0
http://bioontology.org/projects/ontologies/fma/fmaOwlDlComponent_2_0#Fibrous_sheath_of_toe,http://www.ihtsdo.org/snomed#Structure_of_fibrous_sheath_of_toe,True,1.0
http://bioontology.org/projects/ontologies/fma/fmaOwlDlComponent_2_0#Celiac_artery,http://www.ihtsdo.org/snomed#Structure_of_celiac_artery,True,1.0
http://bioontology.org/projects/ontologies/fma/fmaOwlDlComponent_2_0#Set_of_dento_alveolar_joints,http://www.ihtsdo.org/snomed#Structure_of_alveolus_dentalis,True,1.0
http://bioontology.org/projects/ontologies/fma/fmaOwlDlComponent_2_0#Oblique_popliteal_ligament,http://www.ihtsdo.org/snomed#Structure_of_oblique_popliteal_ligament,True,1.0
http://bioontology.org/projects/ontologies/fma/fmaOwlDlComponent_2_0#Renal_vein,http://www.ihtsdo.org/snomed#Structure_of_renal_vein,True,1.0
http://bioontology.org/projects/ontologies/fma/fmaOwlDlComponent_2_0#Small_cardiac_vein,http://www.ihtsdo.org/snomed#Structure_of_small_cardiac_vein,False,1.0
http://bioontology.org/projects/ontologies/fma/fmaOwlDlComponent_2_0#Medial_intermuscular_septum_of_arm,http://www.ihtsdo.org/snomed#Structure_of_medial_intermuscular_brachial_septum,True,1.0
http://bioontology.org/projects/ontologies/fma/fmaOwlDlComponent_2_0#Posterior_root_of_spinal_nerve,http://www.ihtsdo.org/snomed#Dorsal_spinal_nerve_root_structure,True,1.0
http://bioontology.org/projects/ontologies/fma/fmaOwlDlComponent_2_0#Frontal_process_of_maxilla,http://www.ihtsdo.org/snomed#Structure_of_frontal_process_of_maxilla,True,1.0
http://bioontology.org/projects/ontologies/fma/fmaOwlDlComponent_2_0#Nasal_septum,http://www.ihtsdo.org/snomed#Nasal_septum_structure,True,1.0
http://bioontology.org/projects/ontologies/fma/fmaOwlDlComponent_2_0#Umbilical_ring,http://www.ihtsdo.org/snomed#Structure_of_umbilical_ring,True,1.0
http://bioontology.org/projects/ontologies/fma/fmaOwlDlComponent_2_0#Acromioclavicular_joint,http://www.ihtsdo.org/snomed#Acromioclavicular_joint_structure,True,1.0
http://bioontology.org/projects/ontologies/fma/fmaOwlDlComponent_2_0#Flocculonodular_lobe_of_cerebellum,http://www.ihtsdo.org/snomed#Archicerebellar_structure,True,1.0
http://bioontology.org/projects/ontologies/fma/fmaOwlDlComponent_2_0#Anulus_fibrosus_of_intervertebral_disk_of_seventh_cervical_vertebra,http://www.ihtsdo.org/snomed#Structure_of_anulus_fibrosus_of_intervertebral_disc_of_seventh_cervical_vertebra,True,1.0
http://bioontology.org/projects/ontologies/fma/fmaOwlDlComponent_2_0#Superior_labial_artery,http://www.ihtsdo.org/snomed#Structure_of_superior_labial_artery,True,1.0
http://bioontology.org/projects/ontologies/fma/fmaOwlDlComponent_2_0#Tributary_of_superior_ophthalmic_vein,http://www.ihtsdo.org/snomed#Structure_of_tributary_of_superior_ophthalmic_vein,True,1.0
http://bioontology.org/projects/ontologies/fma/fmaOwlDlComponent_2_0#Hepatic_nerve_plexus,http://www.ihtsdo.org/snomed#Structure_of_hepatic_plexus,False,1.0
http://bioontology.org/projects/ontologies/fma/fmaOwlDlComponent_2_0#Extensor_retinaculum_of_wrist,http://www.ihtsdo.org/snomed#Structure_of_retinaculum_extensorum_of_hand,True,1.0
http://bioontology.org/projects/ontologies/fma/fmaOwlDlComponent_2_0#Set_of_pectoral_veins,http://www.ihtsdo.org/snomed#Structure_of_pectoral_vein,False,1.0
http://bioontology.org/projects/ontologies/fma/fmaOwlDlComponent_2_0#Right_lateral_wall_of_urinary_bladder,http://www.ihtsdo.org/snomed#Structure_of_right_wall_of_urinary_bladder,True,1.0
http://bioontology.org/projects/ontologies/fma/fmaOwlDlComponent_2_0#Spinal_accessory_nerve,http://www.ihtsdo.org/snomed#Accessory_nerve_structure,True,1.0
http://bioontology.org/projects/ontologies/fma/fmaOwlDlComponent_2_0#Subcutaneous_trochanteric_bursa,http://www.ihtsdo.org/snomed#Structure_of_subcutaneous_trochanteric_bursa,True,1.0
http://bioontology.org/projects/ontologies/fma/fmaOwlDlComponent_2_0#Anterior_cutaneous_branch_of_femoral_nerve,http://www.ihtsdo.org/snomed#Structure_of_femoral_nerve_anterior_cutaneous_branches,True,1.0
http://bioontology.org/projects/ontologies/fma/fmaOwlDlComponent_2_0#Paracolic_gutter,http://www.ihtsdo.org/snomed#Paracolic_gutter,True,1.0
http://bioontology.org/projects/ontologies/fma/fmaOwlDlComponent_2_0#Trochlear_nucleus,http://www.ihtsdo.org/snomed#Structure_of_trochlear_nucleus,True,1.0
http://bioontology.org/projects/ontologies/fma/fmaOwlDlComponent_2_0#Paraduodenal_fold,http://www.ihtsdo.org/snomed#Structure_of_paraduodenal_fold,True,1.0
http://bioontology.org/projects/ontologies/fma/fmaOwlDlComponent_2_0#Stylomastoid_vein,http://www.ihtsdo.org/snomed#Structure_of_stylomastoid_vein,True,1.0
http://bioontology.org/projects/ontologies/fma/fmaOwlDlComponent_2_0#Paraduodenal_recess,http://www.ihtsdo.org/snomed#Structure_of_paraduodenal_recess,True,1.0
http://bioontology.org/projects/ontologies/fma/fmaOwlDlComponent_2_0#Set_of_prevertebral_lymph_nodes,http://www.ihtsdo.org/snomed#Structure_of_prevertebral_lymph_node,True,1.0
http://bioontology.org/projects/ontologies/fma/fmaOwlDlComponent_2_0#Lateral_wall_of_laryngopharynx,http://www.ihtsdo.org/snomed#Structure_of_lateral_wall_of_hypopharynx,True,1.0
http://bioontology.org/projects/ontologies/fma/fmaOwlDlComponent_2_0#Medial_geniculate_body,http://www.ihtsdo.org/snomed#Medial_geniculate_body_structure,True,1.0
http://bioontology.org/projects/ontologies/fma/fmaOwlDlComponent_2_0#Set_of_plantar_cuneonavicular_ligaments,http://www.ihtsdo.org/snomed#Structure_of_plantar_cuneonavicular_ligament,True,1.0
http://bioontology.org/projects/ontologies/fma/fmaOwlDlComponent_2_0#Urethral_crest,http://www.ihtsdo.org/snomed#Structure_of_crista_of_urethra,True,1.0
http://bioontology.org/projects/ontologies/fma/fmaOwlDlComponent_2_0#Kidney,http://www.ihtsdo.org/snomed#Both_kidneys,False,1.0
http://bioontology.org/projects/ontologies/fma/fmaOwlDlComponent_2_0#Body_of_second_thoracic_vertebra,http://www.ihtsdo.org/snomed#Structure_of_body_of_second_thoracic_vertebra,True,1.0
http://bioontology.org/projects/ontologies/fma/fmaOwlDlComponent_2_0#Parietal_lobe,http://www.ihtsdo.org/snomed#Parietal_lobe_structure,True,1.0
http://bioontology.org/projects/ontologies/fma/fmaOwlDlComponent_2_0#Set_of_lobules_of_epididymis,http://www.ihtsdo.org/snomed#Structure_of_lobule_of_epididymis,False,1.0
http://bioontology.org/projects/ontologies/fma/fmaOwlDlComponent_2_0#Pelvic_part_of_peritoneal_cavity,http://www.ihtsdo.org/snomed#Pelvic_peritoneal_cavity_structure,True,1.0
http://bioontology.org/projects/ontologies/fma/fmaOwlDlComponent_2_0#Articular_capsule_of_glenohumeral_joint,http://www.ihtsdo.org/snomed#Structure_of_capsule_of_shoulder_joint,True,1.0
http://bioontology.org/projects/ontologies/fma/fmaOwlDlComponent_2_0#Transverse_facial_artery,http://www.ihtsdo.org/snomed#Structure_of_transverse_facial_artery,False,1.0
http://bioontology.org/projects/ontologies/fma/fmaOwlDlComponent_2_0#Sacral_vertebra,http://www.ihtsdo.org/snomed#Sacral_vertebra_structure,True,1.0
http://bioontology.org/projects/ontologies/fma/fmaOwlDlComponent_2_0#Set_of_obturator_lymph_nodes,http://www.ihtsdo.org/snomed#Structure_of_obturator_lymph_node,True,1.0
http://bioontology.org/projects/ontologies/fma/fmaOwlDlComponent_2_0#Dorsal_branch_of_ulnar_nerve,http://www.ihtsdo.org/snomed#Structure_of_ulnar_nerve_dorsal_branch,True,1.0
http://bioontology.org/projects/ontologies/fma/fmaOwlDlComponent_2_0#Acidophil_cell_of_pars_distalis_of_adenohypophysis,http://www.ihtsdo.org/snomed#Pituitary_alpha_cell,True,1.0
http://bioontology.org/projects/ontologies/fma/fmaOwlDlComponent_2_0#Vestibular_surface_of_tooth,http://www.ihtsdo.org/snomed#Structure_of_vestibular_surface_of_tooth,True,1.0
http://bioontology.org/projects/ontologies/fma/fmaOwlDlComponent_2_0#Composite,http://www.ihtsdo.org/snomed#Composite,False,1.0
http://bioontology.org/projects/ontologies/fma/fmaOwlDlComponent_2_0#Posterior_branch_of_obturator_nerve,http://www.ihtsdo.org/snomed#Structure_of_obturator_nerve_posterior_branch,True,1.0
http://bioontology.org/projects/ontologies/fma/fmaOwlDlComponent_2_0#Dorsal_intercarpal_ligament,http://www.ihtsdo.org/snomed#Structure_of_dorsal_intercarpal_ligaments,True,1.0
http://bioontology.org/projects/ontologies/fma/fmaOwlDlComponent_2_0#Proximal_phalanx_of_index_finger,http://www.ihtsdo.org/snomed#Structure_of_proximal_phalanx_of_index_finger,True,1.0
http://bioontology.org/projects/ontologies/fma/fmaOwlDlComponent_2_0#Tympanic_part_of_temporal_bone,http://www.ihtsdo.org/snomed#Structure_of_tympanic_part_of_temporal_bone,True,1.0
http://bioontology.org/projects/ontologies/fma/fmaOwlDlComponent_2_0#Set_of_cerebellar_veins,http://www.ihtsdo.org/snomed#Structure_of_cerebellar_vein,True,1.0
http://bioontology.org/projects/ontologies/fma/fmaOwlDlComponent_2_0#Commissure_of_fornix_of_forebrain,http://www.ihtsdo.org/snomed#Structure_of_hippocampal_commissure,True,1.0
http://bioontology.org/projects/ontologies/fma/fmaOwlDlComponent_2_0#Medial_condyle_of_femur,http://www.ihtsdo.org/snomed#Structure_of_medial_condyle_of_femur,True,1.0
http://bioontology.org/projects/ontologies/fma/fmaOwlDlComponent_2_0#Internal_intercostal_membrane,http://www.ihtsdo.org/snomed#Structure_of_internal_intercostal_membrane,True,1.0
http://bioontology.org/projects/ontologies/fma/fmaOwlDlComponent_2_0#Coraco_acromial_ligament,http://www.ihtsdo.org/snomed#Structure_of_coracoacromial_ligament,False,1.0
http://bioontology.org/projects/ontologies/fma/fmaOwlDlComponent_2_0#Diaphysis_of_phalanx_of_little_toe,http://www.ihtsdo.org/snomed#Structure_of_shaft_of_phalanx_of_little_toe,True,1.0
http://bioontology.org/projects/ontologies/fma/fmaOwlDlComponent_2_0#Radiate_ligament_of_head_of_rib,http://www.ihtsdo.org/snomed#Structure_of_radiate_ligament_of_head_of_rib,True,1.0
http://bioontology.org/projects/ontologies/fma/fmaOwlDlComponent_2_0#Bronchial_artery,http://www.ihtsdo.org/snomed#Structure_of_bronchial_artery,True,1.0
http://bioontology.org/projects/ontologies/fma/fmaOwlDlComponent_2_0#Vein_of_medulla_oblongata,http://www.ihtsdo.org/snomed#Medulla_oblongata_structure,False,1.0
http://bioontology.org/projects/ontologies/fma/fmaOwlDlComponent_2_0#Eyebrow,http://www.ihtsdo.org/snomed#Eyebrow_structure,False,1.0
http://bioontology.org/projects/ontologies/fma/fmaOwlDlComponent_2_0#Palatopharyngeal_arch,http://www.ihtsdo.org/snomed#Structure_of_pharyngopalatine_arch,True,1.0
http://bioontology.org/projects/ontologies/fma/fmaOwlDlComponent_2_0#Midbrain_tegmentum,http://www.ihtsdo.org/snomed#Structure_of_tegmentum_of_midbrain,True,1.0
http://bioontology.org/projects/ontologies/fma/fmaOwlDlComponent_2_0#Rhomboid_fossa_of_fourth_ventricle,http://www.ihtsdo.org/snomed#Rhomboid_fossa_structure,True,1.0
http://bioontology.org/projects/ontologies/fma/fmaOwlDlComponent_2_0#Superior_lobar_bronchus,http://www.ihtsdo.org/snomed#Upper_lobe_bronchus_structure,True,1.0
http://bioontology.org/projects/ontologies/fma/fmaOwlDlComponent_2_0#Tendon_of_infraspinatus_muscle,http://www.ihtsdo.org/snomed#Structure_of_tendon_of_infraspinatus_muscle,True,1.0
http://bioontology.org/projects/ontologies/fma/fmaOwlDlComponent_2_0#Subclavian_nerve_plexus,http://www.ihtsdo.org/snomed#Structure_of_subclavian_plexus,True,1.0
http://bioontology.org/projects/ontologies/fma/fmaOwlDlComponent_2_0#Aberrant_ductule_of_epididymis,http://www.ihtsdo.org/snomed#Structure_of_aberrant_ductule_of_epididymis,True,1.0
http://bioontology.org/projects/ontologies/fma/fmaOwlDlComponent_2_0#Cistern_of_lateral_cerebral_fossa,http://www.ihtsdo.org/snomed#Structure_of_cisterna_fossae_lateralis_cerebri,True,1.0
http://bioontology.org/projects/ontologies/fma/fmaOwlDlComponent_2_0#Left_hip_joint,http://www.ihtsdo.org/snomed#Left_hip_joint_structure,True,1.0
http://bioontology.org/projects/ontologies/fma/fmaOwlDlComponent_2_0#Thyroid_notch,http://www.ihtsdo.org/snomed#Structure_of_thyroid_notch,True,1.0
http://bioontology.org/projects/ontologies/fma/fmaOwlDlComponent_2_0#Check_ligament_of_medial_rectus,http://www.ihtsdo.org/snomed#Structure_of_medial_check_ligament_of_eye,True,1.0
http://bioontology.org/projects/ontologies/fma/fmaOwlDlComponent_2_0#Muscular_fascia_of_eyeball,http://www.ihtsdo.org/snomed#Structure_of_muscular_fascia_of_eyeball,True,1.0
http://bioontology.org/projects/ontologies/fma/fmaOwlDlComponent_2_0#Aponeurosis_of_epicranius,http://www.ihtsdo.org/snomed#Structure_of_galea_aponeurotica,True,1.0
http://bioontology.org/projects/ontologies/fma/fmaOwlDlComponent_2_0#Set_of_trabeculae_of_corpus_spongiosum,http://www.ihtsdo.org/snomed#Structure_of_trabeculae_of_corpus_spongiosum,True,1.0
http://bioontology.org/projects/ontologies/fma/fmaOwlDlComponent_2_0#Duodenal_ampulla,http://www.ihtsdo.org/snomed#Duodenal_ampulla_structure,True,1.0
http://bioontology.org/projects/ontologies/fma/fmaOwlDlComponent_2_0#Diaphysis_of_fifth_metatarsal_bone,http://www.ihtsdo.org/snomed#Structure_of_shaft_of_fifth_metatarsal_bone,True,1.0
http://bioontology.org/projects/ontologies/fma/fmaOwlDlComponent_2_0#Set_of_tendinous_intersections,http://www.ihtsdo.org/snomed#Structure_of_tendinous_intersection,True,1.0
http://bioontology.org/projects/ontologies/fma/fmaOwlDlComponent_2_0#Right_branch_of_atrioventricular_bundle,http://www.ihtsdo.org/snomed#Structure_of_right_branch_of_atrioventricular_bundle,True,1.0
http://bioontology.org/projects/ontologies/fma/fmaOwlDlComponent_2_0#Intertransverse_ligament,http://www.ihtsdo.org/snomed#Structure_of_intertransverse_ligaments,True,1.0
http://bioontology.org/projects/ontologies/fma/fmaOwlDlComponent_2_0#Subdivision_of_brachiocephalic_vein,http://www.ihtsdo.org/snomed#Structure_of_tributary_of_brachiocephalic_vein,True,1.0
http://bioontology.org/projects/ontologies/fma/fmaOwlDlComponent_2_0#Superior_articular_process_of_first_thoracic_vertebra,http://www.ihtsdo.org/snomed#Structure_of_superior_articular_process_of_first_thoracic_vertebra,True,1.0
http://bioontology.org/projects/ontologies/fma/fmaOwlDlComponent_2_0#Middle_temporal_vein,http://www.ihtsdo.org/snomed#Structure_of_middle_temporal_vein,False,1.0
http://bioontology.org/projects/ontologies/fma/fmaOwlDlComponent_2_0#Right_axilla,http://www.ihtsdo.org/snomed#Structure_of_right_axillary_region,True,1.0
http://bioontology.org/projects/ontologies/fma/fmaOwlDlComponent_2_0#Vermilion_border_of_lower_lip,http://www.ihtsdo.org/snomed#Structure_of_vermilion_border_of_lower_lip,True,1.0
http://bioontology.org/projects/ontologies/fma/fmaOwlDlComponent_2_0#Fifth_metacarpal_bone,http://www.ihtsdo.org/snomed#Bone_structure_of_fifth_metacarpal,True,1.0
http://bioontology.org/projects/ontologies/fma/fmaOwlDlComponent_2_0#Right_forearm,http://www.ihtsdo.org/snomed#Structure_of_right_forearm,False,1.0
http://bioontology.org/projects/ontologies/fma/fmaOwlDlComponent_2_0#Macula_cribrosa_media,http://www.ihtsdo.org/snomed#Structure_of_macula_cribrosa_media,True,1.0
http://bioontology.org/projects/ontologies/fma/fmaOwlDlComponent_2_0#Pedicle_of_lumbar_vertebra,http://www.ihtsdo.org/snomed#Structure_of_pedicle_of_lumbar_vertebra,True,1.0
http://bioontology.org/projects/ontologies/fma/fmaOwlDlComponent_2_0#Solid_organ,http://www.ihtsdo.org/snomed#Solid_organ,False,1.0
http://bioontology.org/projects/ontologies/fma/fmaOwlDlComponent_2_0#Angle_of_fifth_rib,http://www.ihtsdo.org/snomed#Structure_of_angle_of_fifth_rib,False,1.0
http://bioontology.org/projects/ontologies/fma/fmaOwlDlComponent_2_0#Helicotrema,http://www.ihtsdo.org/snomed#Structure_of_helicotrema,True,1.0
http://bioontology.org/projects/ontologies/fma/fmaOwlDlComponent_2_0#Myocardium_of_atrium,http://www.ihtsdo.org/snomed#Structure_of_myocardium_of_atrium,True,1.0
http://bioontology.org/projects/ontologies/fma/fmaOwlDlComponent_2_0#Pubofemoral_ligament,http://www.ihtsdo.org/snomed#Structure_of_pubofemoral_ligament,True,1.0
http://bioontology.org/projects/ontologies/fma/fmaOwlDlComponent_2_0#Intervertebral_disk_of_sixth_thoracic_vertebra,http://www.ihtsdo.org/snomed#Intervertebral_disc_structure_of_sixth_thoracic_vertebra,True,1.0
http://bioontology.org/projects/ontologies/fma/fmaOwlDlComponent_2_0#Superficial_branch_of_lateral_plantar_nerve,http://www.ihtsdo.org/snomed#Structure_of_lateral_plantar_nerve_superficial_branch,True,1.0
http://bioontology.org/projects/ontologies/fma/fmaOwlDlComponent_2_0#Set_of_tarsal_bones,http://www.ihtsdo.org/snomed#Bone_structure_of_tarsus,True,1.0
http://bioontology.org/projects/ontologies/fma/fmaOwlDlComponent_2_0#Thoracoepigastric_vein,http://www.ihtsdo.org/snomed#Structure_of_thoracoepigastric_vein,False,1.0
http://bioontology.org/projects/ontologies/fma/fmaOwlDlComponent_2_0#Cavernous_sinus,http://www.ihtsdo.org/snomed#Structure_of_cavernous_sinus,False,1.0
http://bioontology.org/projects/ontologies/fma/fmaOwlDlComponent_2_0#Flexor_retinaculum_of_wrist,http://www.ihtsdo.org/snomed#Structure_of_retinaculum_flexorum_of_hand,True,1.0
http://bioontology.org/projects/ontologies/fma/fmaOwlDlComponent_2_0#Tendon_of_second_lumbrical_of_hand,http://www.ihtsdo.org/snomed#Second_lumbrical_muscle_of_hand,False,1.0
http://bioontology.org/projects/ontologies/fma/fmaOwlDlComponent_2_0#Aortic_hiatus,http://www.ihtsdo.org/snomed#Structure_of_aortic_hiatus_of_diaphragm,True,1.0
http://bioontology.org/projects/ontologies/fma/fmaOwlDlComponent_2_0#Optic_radiation,http://www.ihtsdo.org/snomed#Structure_of_optic_radiation,True,1.0
http://bioontology.org/projects/ontologies/fma/fmaOwlDlComponent_2_0#Nail_of_third_toe,http://www.ihtsdo.org/snomed#Structure_of_nail_of_third_toe,True,1.0
http://bioontology.org/projects/ontologies/fma/fmaOwlDlComponent_2_0#Set_of_nuclei_of_lateral_lemniscus,http://www.ihtsdo.org/snomed#Structure_of_lateral_lemniscus_nucleus,True,1.0
http://bioontology.org/projects/ontologies/fma/fmaOwlDlComponent_2_0#Oblique_pericardial_sinus,http://www.ihtsdo.org/snomed#Structure_of_oblique_sinus_of_pericardium,True,1.0
http://bioontology.org/projects/ontologies/fma/fmaOwlDlComponent_2_0#Thyrocervical_trunk,http://www.ihtsdo.org/snomed#Structure_of_thyrocervical_trunk,True,1.0
http://bioontology.org/projects/ontologies/fma/fmaOwlDlComponent_2_0#Retina,http://www.ihtsdo.org/snomed#Retinal_structure,True,1.0
http://bioontology.org/projects/ontologies/fma/fmaOwlDlComponent_2_0#Tail_of_pancreas,http://www.ihtsdo.org/snomed#Structure_of_tail_of_pancreas,True,1.0
http://bioontology.org/projects/ontologies/fma/fmaOwlDlComponent_2_0#Mastoid_wall_of_middle_ear,http://www.ihtsdo.org/snomed#Structure_of_posterior_wall_of_tympanic_cavity,True,1.0
http://bioontology.org/projects/ontologies/fma/fmaOwlDlComponent_2_0#Olecranon,http://www.ihtsdo.org/snomed#Structure_of_olecranon,True,1.0
http://bioontology.org/projects/ontologies/fma/fmaOwlDlComponent_2_0#Ethmoid,http://www.ihtsdo.org/snomed#Ethmoid_bone_structure,True,1.0
http://bioontology.org/projects/ontologies/fma/fmaOwlDlComponent_2_0#Head_of_second_rib,http://www.ihtsdo.org/snomed#Head_of_second_rib_structure,True,1.0
http://bioontology.org/projects/ontologies/fma/fmaOwlDlComponent_2_0#Lateral_wall_of_nasopharynx,http://www.ihtsdo.org/snomed#Structure_of_lateral_wall_of_nasopharynx,True,1.0
http://bioontology.org/projects/ontologies/fma/fmaOwlDlComponent_2_0#Body_of_ninth_rib,http://www.ihtsdo.org/snomed#Structure_of_shaft_of_ninth_rib,True,1.0
http://bioontology.org/projects/ontologies/fma/fmaOwlDlComponent_2_0#Adventitia_of_seminal_vesicle,http://www.ihtsdo.org/snomed#Structure_of_adventitia_of_seminal_vesicle,True,1.0
http://bioontology.org/projects/ontologies/fma/fmaOwlDlComponent_2_0#Ventral_sacrococcygeal_ligament,http://www.ihtsdo.org/snomed#Structure_of_ventral_sacrococcygeal_ligament,True,1.0
http://bioontology.org/projects/ontologies/fma/fmaOwlDlComponent_2_0#Set_of_vesical_veins,http://www.ihtsdo.org/snomed#Structure_of_vesical_vein,False,1.0
http://bioontology.org/projects/ontologies/fma/fmaOwlDlComponent_2_0#Carbohydrate,http://www.ihtsdo.org/snomed#Sugar,True,1.0
http://bioontology.org/projects/ontologies/fma/fmaOwlDlComponent_2_0#Rima_vestibuli,http://www.ihtsdo.org/snomed#Structure_of_rima_vestibuli,False,1.0
http://bioontology.org/projects/ontologies/fma/fmaOwlDlComponent_2_0#Set_of_tarsal_glands,http://www.ihtsdo.org/snomed#Structure_of_meibomian_gland,False,1.0
http://bioontology.org/projects/ontologies/fma/fmaOwlDlComponent_2_0#Right_subsuperior_segmental_artery,http://www.ihtsdo.org/snomed#Structure_of_subapical_branch_of_right_pulmonary_artery,True,1.0
http://bioontology.org/projects/ontologies/fma/fmaOwlDlComponent_2_0#Anulus_fibrosus_of_intervertebral_disk_of_second_lumbar_vertebra,http://www.ihtsdo.org/snomed#Structure_of_anulus_fibrosus_of_intervertebral_disc_of_second_lumbar_vertebra,True,1.0
http://bioontology.org/projects/ontologies/fma/fmaOwlDlComponent_2_0#Nephron,http://www.ihtsdo.org/snomed#Nephron_structure,True,1.0
http://bioontology.org/projects/ontologies/fma/fmaOwlDlComponent_2_0#Sural_nerve,http://www.ihtsdo.org/snomed#Structure_of_sural_nerve,False,1.0
http://bioontology.org/projects/ontologies/fma/fmaOwlDlComponent_2_0#Left_cerebral_hemisphere,http://www.ihtsdo.org/snomed#Left_cerebral_hemisphere_structure,True,1.0
http://bioontology.org/projects/ontologies/fma/fmaOwlDlComponent_2_0#Left_inferior_pulmonary_vein,http://www.ihtsdo.org/snomed#Structure_of_inferior_left_pulmonary_vein,True,1.0
http://bioontology.org/projects/ontologies/fma/fmaOwlDlComponent_2_0#Thyroid_lobule,http://www.ihtsdo.org/snomed#Structure_of_thyroid_lobule,True,1.0
http://bioontology.org/projects/ontologies/fma/fmaOwlDlComponent_2_0#Pedicle_of_fourth_thoracic_vertebra,http://www.ihtsdo.org/snomed#Structure_of_pedicle_of_fourth_thoracic_vertebra,True,1.0
http://bioontology.org/projects/ontologies/fma/fmaOwlDlComponent_2_0#Muscle_layer_of_deferent_duct,http://www.ihtsdo.org/snomed#Structure_of_muscularis_of_vas_deferens,True,1.0
http://bioontology.org/projects/ontologies/fma/fmaOwlDlComponent_2_0#Basicranium,http://www.ihtsdo.org/snomed#Base_of_skull_structure,True,1.0
http://bioontology.org/projects/ontologies/fma/fmaOwlDlComponent_2_0#Lymphatic_system_of_head,http://www.ihtsdo.org/snomed#Structure_of_lymphatic_system_of_head,True,1.0
http://bioontology.org/projects/ontologies/fma/fmaOwlDlComponent_2_0#Tendon_of_semimembranosus,http://www.ihtsdo.org/snomed#Structure_of_tendon_of_semimembranosus,True,1.0
http://bioontology.org/projects/ontologies/fma/fmaOwlDlComponent_2_0#Fourth_intercostal_nerve,http://www.ihtsdo.org/snomed#Fourth_intercostal_nerve,True,1.0
http://bioontology.org/projects/ontologies/fma/fmaOwlDlComponent_2_0#Set_of_capsular_ligaments,http://www.ihtsdo.org/snomed#Structure_of_intracapsular_ligament,False,1.0
http://bioontology.org/projects/ontologies/fma/fmaOwlDlComponent_2_0#Crista_galli,http://www.ihtsdo.org/snomed#Structure_of_crista_galli,True,1.0
http://bioontology.org/projects/ontologies/fma/fmaOwlDlComponent_2_0#Semilunar_line,http://www.ihtsdo.org/snomed#Linea_semilunaris,True,1.0
http://bioontology.org/projects/ontologies/fma/fmaOwlDlComponent_2_0#Proximal_phalanx_of_little_finger,http://www.ihtsdo.org/snomed#Structure_of_proximal_phalanx_of_little_finger,True,1.0
http://bioontology.org/projects/ontologies/fma/fmaOwlDlComponent_2_0#Diaphragmatic_surface_of_heart,http://www.ihtsdo.org/snomed#Structure_of_diaphragmatic_surface_of_heart,True,1.0
http://bioontology.org/projects/ontologies/fma/fmaOwlDlComponent_2_0#Ependyma_of_lateral_ventricle,http://www.ihtsdo.org/snomed#Structure_of_ependyma_of_lateral_ventricle,True,1.0
http://bioontology.org/projects/ontologies/fma/fmaOwlDlComponent_2_0#Anulus_fibrosus_of_intervertebral_disk_of_fourth_lumbar_vertebra,http://www.ihtsdo.org/snomed#Structure_of_anulus_fibrosus_of_intervertebral_disc_of_fourth_lumbar_vertebra,True,1.0
http://bioontology.org/projects/ontologies/fma/fmaOwlDlComponent_2_0#External_spermatic_fascia,http://www.ihtsdo.org/snomed#Structure_of_external_spermatic_fascia,True,1.0
http://bioontology.org/projects/ontologies/fma/fmaOwlDlComponent_2_0#Nucleus_pulposus_of_intervertebral_disk_of_third_lumbar_vertebra,http://www.ihtsdo.org/snomed#Structure_of_nucleus_pulposus_of_intervertebral_disc_of_third_lumbar_vertebra,True,1.0
http://bioontology.org/projects/ontologies/fma/fmaOwlDlComponent_2_0#Axon,http://www.ihtsdo.org/snomed#Axon_structure,False,1.0
http://bioontology.org/projects/ontologies/fma/fmaOwlDlComponent_2_0#Radial_nerve,http://www.ihtsdo.org/snomed#Structure_of_radial_nerve,True,1.0
http://bioontology.org/projects/ontologies/fma/fmaOwlDlComponent_2_0#Sebaceous_gland,http://www.ihtsdo.org/snomed#Sebaceous_gland_structure,True,1.0
http://bioontology.org/projects/ontologies/fma/fmaOwlDlComponent_2_0#Mentolabial_sulcus,http://www.ihtsdo.org/snomed#Mentolabial_sulcus_structure,True,1.0
http://bioontology.org/projects/ontologies/fma/fmaOwlDlComponent_2_0#Pulmonary_hilum,http://www.ihtsdo.org/snomed#Structure_of_hilum_of_lung,True,1.0
http://bioontology.org/projects/ontologies/fma/fmaOwlDlComponent_2_0#Chamber_of_eyeball,http://www.ihtsdo.org/snomed#Chamber_of_eye,True,1.0
http://bioontology.org/projects/ontologies/fma/fmaOwlDlComponent_2_0#Lingual_surface_of_tooth,http://www.ihtsdo.org/snomed#Structure_of_lingual_surface_of_tooth,True,1.0
http://bioontology.org/projects/ontologies/fma/fmaOwlDlComponent_2_0#Posterior_ethmoidal_nerve,http://www.ihtsdo.org/snomed#Structure_of_posterior_ethmoidal_nerve,False,1.0
http://bioontology.org/projects/ontologies/fma/fmaOwlDlComponent_2_0#Diaphysis,http://www.ihtsdo.org/snomed#Structure_of_diaphysis,True,1.0
http://bioontology.org/projects/ontologies/fma/fmaOwlDlComponent_2_0#Intestinal_epithelium,http://www.ihtsdo.org/snomed#Structure_of_intestinal_epithelium,False,1.0
http://bioontology.org/projects/ontologies/fma/fmaOwlDlComponent_2_0#Mandibular_foramen,http://www.ihtsdo.org/snomed#Structure_of_mandibular_foramen,True,1.0
http://bioontology.org/projects/ontologies/fma/fmaOwlDlComponent_2_0#Infrasternal_angle,http://www.ihtsdo.org/snomed#Structure_of_infrasternal_angle,False,1.0
http://bioontology.org/projects/ontologies/fma/fmaOwlDlComponent_2_0#Index_finger,http://www.ihtsdo.org/snomed#Index_finger_structure,True,1.0
http://bioontology.org/projects/ontologies/fma/fmaOwlDlComponent_2_0#Left_renal_artery,http://www.ihtsdo.org/snomed#Structure_of_left_renal_artery,True,1.0
http://bioontology.org/projects/ontologies/fma/fmaOwlDlComponent_2_0#Dorsomedial_nucleus_of_hypothalamus,http://www.ihtsdo.org/snomed#Structure_of_dorsomedial_hypothalamic_nucleus,True,1.0
http://bioontology.org/projects/ontologies/fma/fmaOwlDlComponent_2_0#Mediastinal_surface_of_lung,http://www.ihtsdo.org/snomed#Structure_of_medial_surface_of_lung,True,1.0
http://bioontology.org/projects/ontologies/fma/fmaOwlDlComponent_2_0#Descending_part_of_duodenum,http://www.ihtsdo.org/snomed#Structure_of_descending_portion_of_duodenum,True,1.0
http://bioontology.org/projects/ontologies/fma/fmaOwlDlComponent_2_0#Polychromatophilic_erythroblast,http://www.ihtsdo.org/snomed#Polychromatophilic_erythroblast,True,1.0
http://bioontology.org/projects/ontologies/fma/fmaOwlDlComponent_2_0#Right_anterior_cusp_of_pulmonary_valve,http://www.ihtsdo.org/snomed#Structure_of_right_cusp_of_pulmonic_valve,True,1.0
http://bioontology.org/projects/ontologies/fma/fmaOwlDlComponent_2_0#Lamina_of_cricoid_cartilage,http://www.ihtsdo.org/snomed#Structure_of_lamina_of_cricoid_cartilage,True,1.0
http://bioontology.org/projects/ontologies/fma/fmaOwlDlComponent_2_0#Skin_of_toe,http://www.ihtsdo.org/snomed#Skin_structure_of_toe,True,1.0
http://bioontology.org/projects/ontologies/fma/fmaOwlDlComponent_2_0#Olfactory_tract,http://www.ihtsdo.org/snomed#Olfactory_tract_structure,True,1.0
http://bioontology.org/projects/ontologies/fma/fmaOwlDlComponent_2_0#Endocrine_cell,http://www.ihtsdo.org/snomed#Endocrine_cell,True,1.0
http://bioontology.org/projects/ontologies/fma/fmaOwlDlComponent_2_0#Dorsal_tarsometatarsal_ligament,http://www.ihtsdo.org/snomed#Structure_of_dorsal_tarsometatarsal_ligaments,True,1.0
http://bioontology.org/projects/ontologies/fma/fmaOwlDlComponent_2_0#Posterior_labial_vein,http://www.ihtsdo.org/snomed#Structure_of_posterior_labial_vein,True,1.0
http://bioontology.org/projects/ontologies/fma/fmaOwlDlComponent_2_0#Proximal_portion_of_circumflex_branch_of_left_coronary_artery,http://www.ihtsdo.org/snomed#Structure_of_proximal_portion_of_circumflex_branch_of_left_coronary_artery,True,1.0
http://bioontology.org/projects/ontologies/fma/fmaOwlDlComponent_2_0#Inferior_lacrimal_canaliculus,http://www.ihtsdo.org/snomed#Lower_lacrimal_canaliculus,True,1.0
http://bioontology.org/projects/ontologies/fma/fmaOwlDlComponent_2_0#Hemisphere_of_cerebellum,http://www.ihtsdo.org/snomed#Cerebellar_hemisphere_structure,True,1.0
http://bioontology.org/projects/ontologies/fma/fmaOwlDlComponent_2_0#Parietal_peritoneum,http://www.ihtsdo.org/snomed#Parietal_peritoneum_structure,True,1.0
http://bioontology.org/projects/ontologies/fma/fmaOwlDlComponent_2_0#Set_of_lateral_sacral_arteries,http://www.ihtsdo.org/snomed#Structure_of_lateral_sacral_artery,True,1.0
http://bioontology.org/projects/ontologies/fma/fmaOwlDlComponent_2_0#Set_of_trigonal_muscles,http://www.ihtsdo.org/snomed#Trigonal_muscle,False,1.0
http://bioontology.org/projects/ontologies/fma/fmaOwlDlComponent_2_0#Set_of_medial_supraclavicular_nerves,http://www.ihtsdo.org/snomed#Medial_supraclavicular_nerve,True,1.0
http://bioontology.org/projects/ontologies/fma/fmaOwlDlComponent_2_0#Crest_of_head_of_seventh_rib,http://www.ihtsdo.org/snomed#Structure_of_crest_of_head_of_seventh_rib,True,1.0
http://bioontology.org/projects/ontologies/fma/fmaOwlDlComponent_2_0#Set_of_anterior_auricular_veins,http://www.ihtsdo.org/snomed#Structure_of_anterior_auricular_vein,False,1.0
http://bioontology.org/projects/ontologies/fma/fmaOwlDlComponent_2_0#Uterine_part_of_uterine_tube,http://www.ihtsdo.org/snomed#Structure_of_uterine_portion_of_fallopian_tube,True,1.0
http://bioontology.org/projects/ontologies/fma/fmaOwlDlComponent_2_0#Left_external_carotid_artery,http://www.ihtsdo.org/snomed#Structure_of_left_external_carotid_artery,False,1.0
http://bioontology.org/projects/ontologies/fma/fmaOwlDlComponent_2_0#Transverse_process_of_eleventh_thoracic_vertebra,http://www.ihtsdo.org/snomed#Structure_of_transverse_process_of_eleventh_thoracic_vertebra,True,1.0
http://bioontology.org/projects/ontologies/fma/fmaOwlDlComponent_2_0#Mucosa_of_larynx,http://www.ihtsdo.org/snomed#Structure_of_mucous_membrane_of_larynx,True,1.0
http://bioontology.org/projects/ontologies/fma/fmaOwlDlComponent_2_0#Set_of_long_ciliary_nerves,http://www.ihtsdo.org/snomed#Long_ciliary_nerves,True,1.0
http://bioontology.org/projects/ontologies/fma/fmaOwlDlComponent_2_0#Subcutaneous_bursa_of_laryngeal_prominence,http://www.ihtsdo.org/snomed#Structure_of_subcutaneous_bursa_of_laryngeal_prominence,True,1.0
http://bioontology.org/projects/ontologies/fma/fmaOwlDlComponent_2_0#Anterior_surface_of_uterus,http://www.ihtsdo.org/snomed#Structure_of_vesical_surface_of_uterus,True,1.0
http://bioontology.org/projects/ontologies/fma/fmaOwlDlComponent_2_0#Ovarian_nerve_plexus,http://www.ihtsdo.org/snomed#Structure_of_ovarian_plexus,False,1.0
http://bioontology.org/projects/ontologies/fma/fmaOwlDlComponent_2_0#Alveolar_arch_of_mandible,http://www.ihtsdo.org/snomed#Structure_of_alveolar_arch_of_mandible,True,1.0
http://bioontology.org/projects/ontologies/fma/fmaOwlDlComponent_2_0#Mucosa_of_deferent_duct,http://www.ihtsdo.org/snomed#Structure_of_mucosa_of_vas_deferens,True,1.0
http://bioontology.org/projects/ontologies/fma/fmaOwlDlComponent_2_0#Right_posterior_cerebral_artery,http://www.ihtsdo.org/snomed#Structure_of_right_posterior_cerebral_artery,False,1.0
http://bioontology.org/projects/ontologies/fma/fmaOwlDlComponent_2_0#Bronchial_branch_of_vagus_nerve,http://www.ihtsdo.org/snomed#Structure_of_vagus_nerve_bronchial_branch,True,1.0
http://bioontology.org/projects/ontologies/fma/fmaOwlDlComponent_2_0#Thoracic_ganglion,http://www.ihtsdo.org/snomed#Structure_of_thoracic_sympathetic_ganglion,False,1.0
http://bioontology.org/projects/ontologies/fma/fmaOwlDlComponent_2_0#Plantar_metatarsal_artery,http://www.ihtsdo.org/snomed#Structure_of_plantar_metatarsal_artery,True,1.0
http://bioontology.org/projects/ontologies/fma/fmaOwlDlComponent_2_0#Arch_of_fourth_lumbar_vertebra,http://www.ihtsdo.org/snomed#Structure_of_arch_of_fourth_lumbar_vertebra,True,1.0
http://bioontology.org/projects/ontologies/fma/fmaOwlDlComponent_2_0#Subfascial_prepatellar_bursa,http://www.ihtsdo.org/snomed#Structure_of_subfascial_prepatellar_bursa,True,1.0
http://bioontology.org/projects/ontologies/fma/fmaOwlDlComponent_2_0#Coracoclavicular_ligament,http://www.ihtsdo.org/snomed#Coracoclavicular_ligament_structure,True,1.0
http://bioontology.org/projects/ontologies/fma/fmaOwlDlComponent_2_0#Rete_testis,http://www.ihtsdo.org/snomed#Structure_of_rete_testis,True,1.0
http://bioontology.org/projects/ontologies/fma/fmaOwlDlComponent_2_0#Styloid_process_of_petrous_part_of_temporal_bone,http://www.ihtsdo.org/snomed#Structure_of_styloid_process_of_temporal_bone,True,1.0
http://bioontology.org/projects/ontologies/fma/fmaOwlDlComponent_2_0#Paraganglion,http://www.ihtsdo.org/snomed#Paraganglia_structure,True,1.0
http://bioontology.org/projects/ontologies/fma/fmaOwlDlComponent_2_0#Proximal_epiphysis_of_fourth_metatarsal_bone,http://www.ihtsdo.org/snomed#Structure_of_base_of_fourth_metatarsal_bone,True,1.0
http://bioontology.org/projects/ontologies/fma/fmaOwlDlComponent_2_0#Right_corpus_cavernosum_of_clitoris,http://www.ihtsdo.org/snomed#Structure_of_right_corpus_cavernosum_of_clitoris,True,1.0
http://bioontology.org/projects/ontologies/fma/fmaOwlDlComponent_2_0#Tubercle_of_second_rib,http://www.ihtsdo.org/snomed#Tubercle_of_second_rib_structure,True,1.0
http://bioontology.org/projects/ontologies/fma/fmaOwlDlComponent_2_0#Superior_gluteal_artery,http://www.ihtsdo.org/snomed#Structure_of_superior_gluteal_artery,True,1.0
http://bioontology.org/projects/ontologies/fma/fmaOwlDlComponent_2_0#Fifth_intercostal_nerve,http://www.ihtsdo.org/snomed#Fifth_intercostal_nerve,True,1.0
http://bioontology.org/projects/ontologies/fma/fmaOwlDlComponent_2_0#Dental_branch_of_inferior_alveolar_artery,http://www.ihtsdo.org/snomed#Structure_of_dental_branch_of_inferior_alveolar_artery,True,1.0
http://bioontology.org/projects/ontologies/fma/fmaOwlDlComponent_2_0#Vertebral_ganglion,http://www.ihtsdo.org/snomed#Structure_of_vertebral_ganglion,False,1.0
http://bioontology.org/projects/ontologies/fma/fmaOwlDlComponent_2_0#Set_of_infraclavicular_lymph_nodes,http://www.ihtsdo.org/snomed#Infraclavicular_lymph_node,True,1.0
http://bioontology.org/projects/ontologies/fma/fmaOwlDlComponent_2_0#Right_main_bronchus,http://www.ihtsdo.org/snomed#Right_main_bronchus_structure,True,1.0
http://bioontology.org/projects/ontologies/fma/fmaOwlDlComponent_2_0#Left_axillary_artery,http://www.ihtsdo.org/snomed#Structure_of_left_axillary_artery,False,1.0
http://bioontology.org/projects/ontologies/fma/fmaOwlDlComponent_2_0#Superior_recess_of_tympanic_membrane,http://www.ihtsdo.org/snomed#Structure_of_superior_recess_of_tympanic_membrane,True,1.0
http://bioontology.org/projects/ontologies/fma/fmaOwlDlComponent_2_0#Axis_of_lens,http://www.ihtsdo.org/snomed#Structure_of_axis_of_lens,False,1.0
http://bioontology.org/projects/ontologies/fma/fmaOwlDlComponent_2_0#Muscle_of_larynx,http://www.ihtsdo.org/snomed#Laryngeal_muscle_structure,True,1.0
http://bioontology.org/projects/ontologies/fma/fmaOwlDlComponent_2_0#Set_of_radii_of_lens,http://www.ihtsdo.org/snomed#Structure_of_radius_of_lens,False,1.0
http://bioontology.org/projects/ontologies/fma/fmaOwlDlComponent_2_0#Set_of_semilunar_folds_of_colon,http://www.ihtsdo.org/snomed#Structure_of_plicae_semilunares_coli,True,1.0
http://bioontology.org/projects/ontologies/fma/fmaOwlDlComponent_2_0#Round_window,http://www.ihtsdo.org/snomed#Structure_of_cochlear_window,True,1.0
http://bioontology.org/projects/ontologies/fma/fmaOwlDlComponent_2_0#Spiral_valve_of_cystic_duct,http://www.ihtsdo.org/snomed#Structure_of_valve_of_Heister,True,1.0
http://bioontology.org/projects/ontologies/fma/fmaOwlDlComponent_2_0#Clavicular_facet_of_scapula,http://www.ihtsdo.org/snomed#Structure_of_clavicular_facet_of_scapula,True,1.0
http://bioontology.org/projects/ontologies/fma/fmaOwlDlComponent_2_0#Medial_surface_of_middle_finger,http://www.ihtsdo.org/snomed#Structure_of_medial_surface_of_middle_finger,True,1.0
http://bioontology.org/projects/ontologies/fma/fmaOwlDlComponent_2_0#Right_superior_lobar_bronchus,http://www.ihtsdo.org/snomed#Structure_of_bronchus_of_right_upper_lobe,True,1.0
http://bioontology.org/projects/ontologies/fma/fmaOwlDlComponent_2_0#Muscle_layer_of_duodenum,http://www.ihtsdo.org/snomed#Duodenal_muscularis_propria_structure,True,1.0
http://bioontology.org/projects/ontologies/fma/fmaOwlDlComponent_2_0#Tubercle_of_ninth_rib,http://www.ihtsdo.org/snomed#Tubercle_of_ninth_rib_structure,True,1.0
http://bioontology.org/projects/ontologies/fma/fmaOwlDlComponent_2_0#Muscle_of_forearm,http://www.ihtsdo.org/snomed#Structure_of_muscle_of_forearm,False,1.0
http://bioontology.org/projects/ontologies/fma/fmaOwlDlComponent_2_0#Pontine_reticular_formation,http://www.ihtsdo.org/snomed#Structure_of_reticular_formation_of_pons,True,1.0
http://bioontology.org/projects/ontologies/fma/fmaOwlDlComponent_2_0#Commissure_of_inferior_colliculus,http://www.ihtsdo.org/snomed#Structure_of_commissure_of_inferior_colliculus,True,1.0
http://bioontology.org/projects/ontologies/fma/fmaOwlDlComponent_2_0#Posterior_vestibular_vein,http://www.ihtsdo.org/snomed#Structure_of_posterior_vestibular_vein,True,1.0
http://bioontology.org/projects/ontologies/fma/fmaOwlDlComponent_2_0#Cerebral_part_of_internal_carotid_artery,http://www.ihtsdo.org/snomed#Structure_of_cerebral_portion_of_internal_carotid_artery,True,1.0
http://bioontology.org/projects/ontologies/fma/fmaOwlDlComponent_2_0#Pedicle_of_seventh_thoracic_vertebra,http://www.ihtsdo.org/snomed#Structure_of_pedicle_of_seventh_thoracic_vertebra,True,1.0
http://bioontology.org/projects/ontologies/fma/fmaOwlDlComponent_2_0#Pedicle_of_vertebra,http://www.ihtsdo.org/snomed#Structure_of_pedicle_of_vertebra,False,1.0
http://bioontology.org/projects/ontologies/fma/fmaOwlDlComponent_2_0#Frontal_horn_of_lateral_ventricle,http://www.ihtsdo.org/snomed#Structure_of_anterior_horn_of_lateral_ventricle,True,1.0
http://bioontology.org/projects/ontologies/fma/fmaOwlDlComponent_2_0#Crus_penis,http://www.ihtsdo.org/snomed#Crus_penis_structure,True,1.0
http://bioontology.org/projects/ontologies/fma/fmaOwlDlComponent_2_0#Ampullary_crest_of_semicircular_duct,http://www.ihtsdo.org/snomed#Structure_of_crista_ampullaris,True,1.0
http://bioontology.org/projects/ontologies/fma/fmaOwlDlComponent_2_0#Wall_of_intestine,http://www.ihtsdo.org/snomed#Intestinal_wall_structure,True,1.0
http://bioontology.org/projects/ontologies/fma/fmaOwlDlComponent_2_0#Hair_of_face,http://www.ihtsdo.org/snomed#Structure_of_hair_of_face,False,1.0
http://bioontology.org/projects/ontologies/fma/fmaOwlDlComponent_2_0#Interosseous_talocalcaneal_ligament,http://www.ihtsdo.org/snomed#Structure_of_interosseous_talocalcaneal_ligament,True,1.0
http://bioontology.org/projects/ontologies/fma/fmaOwlDlComponent_2_0#Right_spermatic_cord,http://www.ihtsdo.org/snomed#Artery_of_spermatic_cord,False,1.0
http://bioontology.org/projects/ontologies/fma/fmaOwlDlComponent_2_0#Pharyngeal_opening_of_pharyngotympanic_tube,http://www.ihtsdo.org/snomed#Structure_of_pharyngeal_ostium_of_Eustachian_tube,True,1.0
http://bioontology.org/projects/ontologies/fma/fmaOwlDlComponent_2_0#Inferior_surface_of_tongue,http://www.ihtsdo.org/snomed#Structure_of_inferior_surface_of_tongue,True,1.0
http://bioontology.org/projects/ontologies/fma/fmaOwlDlComponent_2_0#Deep_palmar_branch_of_ulnar_artery,http://www.ihtsdo.org/snomed#Structure_of_deep_palmar_branch_of_ulnar_artery,True,1.0
http://bioontology.org/projects/ontologies/fma/fmaOwlDlComponent_2_0#Pudendal_canal,http://www.ihtsdo.org/snomed#Structure_of_pudendal_canal,True,1.0
http://bioontology.org/projects/ontologies/fma/fmaOwlDlComponent_2_0#Outflow_part_of_right_ventricle,http://www.ihtsdo.org/snomed#Structure_of_outflow_tract_of_right_ventricle,True,1.0
http://bioontology.org/projects/ontologies/fma/fmaOwlDlComponent_2_0#Upper_lobe_of_right_lung,http://www.ihtsdo.org/snomed#Structure_of_segment_of_right_lung,False,1.0
http://bioontology.org/projects/ontologies/fma/fmaOwlDlComponent_2_0#Dorsal_venous_plexus_of_foot,http://www.ihtsdo.org/snomed#Structure_of_dorsal_venous_network_of_foot,True,1.0
http://bioontology.org/projects/ontologies/fma/fmaOwlDlComponent_2_0#Set_of_nasal_muscles,http://www.ihtsdo.org/snomed#Nasalis_muscle_structure,False,1.0
http://bioontology.org/projects/ontologies/fma/fmaOwlDlComponent_2_0#Pericardial_branch_of_phrenic_nerve,http://www.ihtsdo.org/snomed#Structure_of_phrenic_nerve_pericardial_branch,True,1.0
http://bioontology.org/projects/ontologies/fma/fmaOwlDlComponent_2_0#Superficial_layer_of_cervical_fascia,http://www.ihtsdo.org/snomed#Structure_of_superficial_layer_of_cervical_fascia,True,1.0
http://bioontology.org/projects/ontologies/fma/fmaOwlDlComponent_2_0#Posterior_scrotal_vein,http://www.ihtsdo.org/snomed#Structure_of_posterior_scrotal_vein,True,1.0
http://bioontology.org/projects/ontologies/fma/fmaOwlDlComponent_2_0#Proximal_carpal_bone,http://www.ihtsdo.org/snomed#Bone_structure_of_proximal_ulna,False,1.0
http://bioontology.org/projects/ontologies/fma/fmaOwlDlComponent_2_0#Middle_lobe_of_lung,http://www.ihtsdo.org/snomed#Structure_of_middle_lobe_of_lung,True,1.0
http://bioontology.org/projects/ontologies/fma/fmaOwlDlComponent_2_0#Duodenal_impression_of_liver,http://www.ihtsdo.org/snomed#Structure_of_duodenal_impression_of_liver,True,1.0
http://bioontology.org/projects/ontologies/fma/fmaOwlDlComponent_2_0#Superficial_epigastric_artery,http://www.ihtsdo.org/snomed#Structure_of_superficial_epigastric_artery,True,1.0
http://bioontology.org/projects/ontologies/fma/fmaOwlDlComponent_2_0#Palmar_carpal_branch_of_ulnar_artery,http://www.ihtsdo.org/snomed#Structure_of_palmar_carpal_branch_of_ulnar_artery,True,1.0
http://bioontology.org/projects/ontologies/fma/fmaOwlDlComponent_2_0#Intrinsic_auricular_muscle,http://www.ihtsdo.org/snomed#Structure_of_intrinsic_auricular_muscle,False,1.0
http://bioontology.org/projects/ontologies/fma/fmaOwlDlComponent_2_0#Palmar_ligament_of_carpometacarpal_joint,http://www.ihtsdo.org/snomed#Structure_of_palmar_carpometacarpal_ligaments,True,1.0
http://bioontology.org/projects/ontologies/fma/fmaOwlDlComponent_2_0#Internal_iliac_vein,http://www.ihtsdo.org/snomed#Structure_of_internal_iliac_vein,True,1.0
http://bioontology.org/projects/ontologies/fma/fmaOwlDlComponent_2_0#Dorsal_digital_nerve_of_big_toe,http://www.ihtsdo.org/snomed#Dorsal_digital_nerve_to_great_toe,True,1.0
http://bioontology.org/projects/ontologies/fma/fmaOwlDlComponent_2_0#Intrinsic_muscle_of_tongue,http://www.ihtsdo.org/snomed#Structure_of_intrinsic_lingual_muscle,True,1.0
http://bioontology.org/projects/ontologies/fma/fmaOwlDlComponent_2_0#Parasympathetic_ganglion,http://www.ihtsdo.org/snomed#Structure_of_parasympathetic_ganglion,True,1.0
http://bioontology.org/projects/ontologies/fma/fmaOwlDlComponent_2_0#Xiphoid_process,http://www.ihtsdo.org/snomed#Structure_of_xiphoid_process_of_sternum,True,1.0
http://bioontology.org/projects/ontologies/fma/fmaOwlDlComponent_2_0#Sigmoid_artery,http://www.ihtsdo.org/snomed#Structure_of_sigmoid_artery,True,1.0
http://bioontology.org/projects/ontologies/fma/fmaOwlDlComponent_2_0#Set_of_superficial_dorsal_veins_of_penis,http://www.ihtsdo.org/snomed#Structure_of_superficial_dorsal_vein_of_penis,True,1.0
http://bioontology.org/projects/ontologies/fma/fmaOwlDlComponent_2_0#Septum_of_penis,http://www.ihtsdo.org/snomed#Structure_of_septum_of_penis,True,1.0
http://bioontology.org/projects/ontologies/fma/fmaOwlDlComponent_2_0#Metacarpophalangeal_joint_of_little_finger,http://www.ihtsdo.org/snomed#Metacarpophalangeal_joint_structure_of_little_finger,True,1.0
http://bioontology.org/projects/ontologies/fma/fmaOwlDlComponent_2_0#Humeroulnar_joint,http://www.ihtsdo.org/snomed#Structure_of_humeroulnar_joint,True,1.0
http://bioontology.org/projects/ontologies/fma/fmaOwlDlComponent_2_0#Segment_of_foot,http://www.ihtsdo.org/snomed#Region_of_foot,True,1.0
http://bioontology.org/projects/ontologies/fma/fmaOwlDlComponent_2_0#Set_of_accessory_parathyroid_glands,http://www.ihtsdo.org/snomed#Accessory_parathyroid_gland,True,1.0
http://bioontology.org/projects/ontologies/fma/fmaOwlDlComponent_2_0#Immunoglobulin_A,http://www.ihtsdo.org/snomed#Immunoglobulin_IgA,True,1.0
http://bioontology.org/projects/ontologies/fma/fmaOwlDlComponent_2_0#Posterior_surface_of_prostate,http://www.ihtsdo.org/snomed#Structure_of_posterior_surface_of_prostate,True,1.0
http://bioontology.org/projects/ontologies/fma/fmaOwlDlComponent_2_0#Ileocolic_lymph_node,http://www.ihtsdo.org/snomed#Structure_of_ileocolic_lymph_node,False,1.0
http://bioontology.org/projects/ontologies/fma/fmaOwlDlComponent_2_0#Skin_of_hand,http://www.ihtsdo.org/snomed#Skin_structure_of_hand,True,1.0
http://bioontology.org/projects/ontologies/fma/fmaOwlDlComponent_2_0#Vein_of_lateral_recess_of_fourth_ventricle,http://www.ihtsdo.org/snomed#Structure_of_lateral_recess_of_fourth_ventricle,False,1.0
http://bioontology.org/projects/ontologies/fma/fmaOwlDlComponent_2_0#Anterior_cecal_artery,http://www.ihtsdo.org/snomed#Structure_of_anterior_cecal_artery,True,1.0
http://bioontology.org/projects/ontologies/fma/fmaOwlDlComponent_2_0#Belly_of_biceps_brachii,http://www.ihtsdo.org/snomed#Muscle_belly_of_biceps_brachii,True,1.0
http://bioontology.org/projects/ontologies/fma/fmaOwlDlComponent_2_0#Canine_tooth,http://www.ihtsdo.org/snomed#Structure_of_canine_tooth,False,1.0
http://bioontology.org/projects/ontologies/fma/fmaOwlDlComponent_2_0#Intervertebral_disk_of_ninth_thoracic_vertebra,http://www.ihtsdo.org/snomed#Intervertebral_disc_structure_of_ninth_thoracic_vertebra,True,1.0
http://bioontology.org/projects/ontologies/fma/fmaOwlDlComponent_2_0#Appendicular_lymph_node,http://www.ihtsdo.org/snomed#Structure_of_appendicular_lymph_node,True,1.0
http://bioontology.org/projects/ontologies/fma/fmaOwlDlComponent_2_0#Intermediate_supraclavicular_nerve,http://www.ihtsdo.org/snomed#Intermediate_supraclavicular_nerves,True,1.0
http://bioontology.org/projects/ontologies/fma/fmaOwlDlComponent_2_0#Distal_epiphysis_of_phalanx_of_little_finger,http://www.ihtsdo.org/snomed#Structure_of_head_of_phalanx_of_little_finger,True,1.0
http://bioontology.org/projects/ontologies/fma/fmaOwlDlComponent_2_0#Merkel_cell,http://www.ihtsdo.org/snomed#Merkel_s_cell,True,1.0
http://bioontology.org/projects/ontologies/fma/fmaOwlDlComponent_2_0#Right_femoral_artery,http://www.ihtsdo.org/snomed#Structure_of_right_femoral_artery,False,1.0
http://bioontology.org/projects/ontologies/fma/fmaOwlDlComponent_2_0#Distal_epiphysis_of_phalanx_of_third_toe,http://www.ihtsdo.org/snomed#Structure_of_head_of_phalanx_of_third_toe,True,1.0
http://bioontology.org/projects/ontologies/fma/fmaOwlDlComponent_2_0#Perineal_nerve,http://www.ihtsdo.org/snomed#Structure_of_perineal_nerve,True,1.0
http://bioontology.org/projects/ontologies/fma/fmaOwlDlComponent_2_0#Set_of_suprahyoid_muscles,http://www.ihtsdo.org/snomed#Structure_of_suprahyoid_muscle,True,1.0
http://bioontology.org/projects/ontologies/fma/fmaOwlDlComponent_2_0#Intervertebral_foramen_of_fifth_lumbar_vertebra,http://www.ihtsdo.org/snomed#Structure_of_intervertebral_foramen_of_fifth_lumbar_vertebra,True,1.0
http://bioontology.org/projects/ontologies/fma/fmaOwlDlComponent_2_0#Pelvic_ganglion,http://www.ihtsdo.org/snomed#Structure_of_pelvic_ganglia,True,1.0
http://bioontology.org/projects/ontologies/fma/fmaOwlDlComponent_2_0#Set_of_anterior_cutaneous_branches_of_femoral_nerve,http://www.ihtsdo.org/snomed#Structure_of_femoral_nerve_anterior_cutaneous_branches,True,1.0
http://bioontology.org/projects/ontologies/fma/fmaOwlDlComponent_2_0#Left_superior_intercostal_vein,http://www.ihtsdo.org/snomed#Structure_of_left_superior_intercostal_vein,True,1.0
http://bioontology.org/projects/ontologies/fma/fmaOwlDlComponent_2_0#Body_of_tongue,http://www.ihtsdo.org/snomed#Structure_of_body_of_tongue,False,1.0
http://bioontology.org/projects/ontologies/fma/fmaOwlDlComponent_2_0#Atrioventricular_bundle,http://www.ihtsdo.org/snomed#Atrioventricular_bundle_structure,True,1.0
http://bioontology.org/projects/ontologies/fma/fmaOwlDlComponent_2_0#Paravaginal_lymph_node,http://www.ihtsdo.org/snomed#Structure_of_paravaginal_lymph_node,True,1.0
http://bioontology.org/projects/ontologies/fma/fmaOwlDlComponent_2_0#Immunoglobulin_D,http://www.ihtsdo.org/snomed#Immunoglobulin_IgD,True,1.0
http://bioontology.org/projects/ontologies/fma/fmaOwlDlComponent_2_0#Cave_of_septum_pellucidum,http://www.ihtsdo.org/snomed#Structure_of_cavum_septi_pellucidi,True,1.0
http://bioontology.org/projects/ontologies/fma/fmaOwlDlComponent_2_0#Immunoglobulin_E,http://www.ihtsdo.org/snomed#Immunoglobulin_IgE,True,1.0
http://bioontology.org/projects/ontologies/fma/fmaOwlDlComponent_2_0#Synovial_tendon_sheath,http://www.ihtsdo.org/snomed#Synovial_tendon_sheath_structure,True,1.0
http://bioontology.org/projects/ontologies/fma/fmaOwlDlComponent_2_0#Stroma_of_iris,http://www.ihtsdo.org/snomed#Structure_of_stroma_of_iris,True,1.0
http://bioontology.org/projects/ontologies/fma/fmaOwlDlComponent_2_0#Anti_mesenteric_border_of_jejunum,http://www.ihtsdo.org/snomed#Structure_of_anti_mesenteric_border_of_jejunum,True,1.0
http://bioontology.org/projects/ontologies/fma/fmaOwlDlComponent_2_0#End_bulb_of_Krause,http://www.ihtsdo.org/snomed#Krause_s_end_bulb,True,1.0
http://bioontology.org/projects/ontologies/fma/fmaOwlDlComponent_2_0#Coronary_ligament,http://www.ihtsdo.org/snomed#Structure_of_coronary_ligament,True,1.0
http://bioontology.org/projects/ontologies/fma/fmaOwlDlComponent_2_0#Nasal_cavity,http://www.ihtsdo.org/snomed#Nasal_cavity_structure,True,1.0
http://bioontology.org/projects/ontologies/fma/fmaOwlDlComponent_2_0#Glycopeptide,http://www.ihtsdo.org/snomed#Glycopeptide,True,1.0
http://bioontology.org/projects/ontologies/fma/fmaOwlDlComponent_2_0#Cardiac_valve,http://www.ihtsdo.org/snomed#Cardiac_valve_structure,True,1.0
http://bioontology.org/projects/ontologies/fma/fmaOwlDlComponent_2_0#Synovial_fluid,http://www.ihtsdo.org/snomed#Joint_fluid,True,1.0
http://bioontology.org/projects/ontologies/fma/fmaOwlDlComponent_2_0#Anterior_vestibular_vein,http://www.ihtsdo.org/snomed#Structure_of_anterior_vestibular_vein,True,1.0
http://bioontology.org/projects/ontologies/fma/fmaOwlDlComponent_2_0#Nucleus_pulposus_of_intervertebral_disk_of_fifth_thoracic_vertebra,http://www.ihtsdo.org/snomed#Structure_of_nucleus_pulposus_of_intervertebral_disc_of_fifth_thoracic_vertebra,True,1.0
http://bioontology.org/projects/ontologies/fma/fmaOwlDlComponent_2_0#Interthalamic_adhesion,http://www.ihtsdo.org/snomed#Structure_of_massa_intermedia,True,1.0
http://bioontology.org/projects/ontologies/fma/fmaOwlDlComponent_2_0#Limitans_nucleus,http://www.ihtsdo.org/snomed#Structure_of_limitans_nucleus,True,1.0
http://bioontology.org/projects/ontologies/fma/fmaOwlDlComponent_2_0#Bone_of_scaphoid,http://www.ihtsdo.org/snomed#Bone_structure_of_scaphoid,True,1.0
http://bioontology.org/projects/ontologies/fma/fmaOwlDlComponent_2_0#Intraparietal_sulcus,http://www.ihtsdo.org/snomed#Structure_of_intraparietal_sulcus,True,1.0
http://bioontology.org/projects/ontologies/fma/fmaOwlDlComponent_2_0#Appendicular_skeleton,http://www.ihtsdo.org/snomed#Structure_of_appendicular_skeleton,False,1.0
http://bioontology.org/projects/ontologies/fma/fmaOwlDlComponent_2_0#Cranial_pia_mater,http://www.ihtsdo.org/snomed#Cranial_pia_mater_structure,True,1.0
http://bioontology.org/projects/ontologies/fma/fmaOwlDlComponent_2_0#Basal_vein,http://www.ihtsdo.org/snomed#Structure_of_basal_vein,True,1.0
http://bioontology.org/projects/ontologies/fma/fmaOwlDlComponent_2_0#Left_lateral_wall_of_urinary_bladder,http://www.ihtsdo.org/snomed#Structure_of_left_wall_of_urinary_bladder,True,1.0
http://bioontology.org/projects/ontologies/fma/fmaOwlDlComponent_2_0#Set_of_palmar_surfaces_of_fingers,http://www.ihtsdo.org/snomed#Structure_of_palmar_surface_of_finger,True,1.0
http://bioontology.org/projects/ontologies/fma/fmaOwlDlComponent_2_0#Corpus_albicans,http://www.ihtsdo.org/snomed#Structure_of_corpus_albicans_of_ovary,True,1.0
http://bioontology.org/projects/ontologies/fma/fmaOwlDlComponent_2_0#Archicortex,http://www.ihtsdo.org/snomed#Structure_of_archicortex,True,1.0
http://bioontology.org/projects/ontologies/fma/fmaOwlDlComponent_2_0#Set_of_auricular_muscles,http://www.ihtsdo.org/snomed#Auricular_muscle,True,1.0
http://bioontology.org/projects/ontologies/fma/fmaOwlDlComponent_2_0#Femoral_artery,http://www.ihtsdo.org/snomed#Structure_of_femoral_artery,False,1.0
http://bioontology.org/projects/ontologies/fma/fmaOwlDlComponent_2_0#Set_of_toes,http://www.ihtsdo.org/snomed#Toe_structure,False,1.0
http://bioontology.org/projects/ontologies/fma/fmaOwlDlComponent_2_0#Left_forearm,http://www.ihtsdo.org/snomed#Structure_of_left_forearm,False,1.0
http://bioontology.org/projects/ontologies/fma/fmaOwlDlComponent_2_0#Talocalcaneal_joint,http://www.ihtsdo.org/snomed#Talocalcaneal_ligament,False,1.0
http://bioontology.org/projects/ontologies/fma/fmaOwlDlComponent_2_0#Lymph_node_of_lower_limb,http://www.ihtsdo.org/snomed#Lower_limb_lymph_node_structure,True,1.0
http://bioontology.org/projects/ontologies/fma/fmaOwlDlComponent_2_0#Mesosalpinx,http://www.ihtsdo.org/snomed#Structure_of_mesosalpinx,True,1.0
http://bioontology.org/projects/ontologies/fma/fmaOwlDlComponent_2_0#Mesentery_of_ileum,http://www.ihtsdo.org/snomed#Structure_of_ileal_mesentery,True,1.0
http://bioontology.org/projects/ontologies/fma/fmaOwlDlComponent_2_0#Radio_ulnar_joint,http://www.ihtsdo.org/snomed#Structure_of_radioulnar_joint,True,1.0
http://bioontology.org/projects/ontologies/fma/fmaOwlDlComponent_2_0#Inferior_branch_of_oculomotor_nerve,http://www.ihtsdo.org/snomed#Structure_of_inferior_branch_of_oculomotor_nerve,True,1.0
http://bioontology.org/projects/ontologies/fma/fmaOwlDlComponent_2_0#Meridian_of_eyeball,http://www.ihtsdo.org/snomed#Structure_of_meridian_of_eyeball,True,1.0
http://bioontology.org/projects/ontologies/fma/fmaOwlDlComponent_2_0#Tendon_of_gluteus_maximus,http://www.ihtsdo.org/snomed#Structure_of_tendon_of_gluteus_maximus,True,1.0
http://bioontology.org/projects/ontologies/fma/fmaOwlDlComponent_2_0#Globose_nucleus,http://www.ihtsdo.org/snomed#Structure_of_cerebellar_globose_nucleus,True,1.0
http://bioontology.org/projects/ontologies/fma/fmaOwlDlComponent_2_0#Set_of_mastoid_lymph_nodes,http://www.ihtsdo.org/snomed#Mastoid_lymph_node,True,1.0
http://bioontology.org/projects/ontologies/fma/fmaOwlDlComponent_2_0#Pericardial_sac,http://www.ihtsdo.org/snomed#Pericardial_sac_structure,True,1.0
http://bioontology.org/projects/ontologies/fma/fmaOwlDlComponent_2_0#Anterior_compartment_of_forearm,http://www.ihtsdo.org/snomed#Structure_of_flexor_compartment_of_forearm,True,1.0
http://bioontology.org/projects/ontologies/fma/fmaOwlDlComponent_2_0#Tendon_of_gemellus_superior,http://www.ihtsdo.org/snomed#Superior_gemellus_muscle,False,1.0
http://bioontology.org/projects/ontologies/fma/fmaOwlDlComponent_2_0#First_dorsal_interosseous_of_foot,http://www.ihtsdo.org/snomed#First_dorsal_interosseous_muscle_of_foot,True,1.0
http://bioontology.org/projects/ontologies/fma/fmaOwlDlComponent_2_0#Glandular_branch_of_inferior_thyroid_artery,http://www.ihtsdo.org/snomed#Structure_of_glandular_branch_of_inferior_thyroid_artery,True,1.0
http://bioontology.org/projects/ontologies/fma/fmaOwlDlComponent_2_0#Set_of_sternal_synchondroses,http://www.ihtsdo.org/snomed#Structure_of_sternal_synchondrosis,True,1.0
http://bioontology.org/projects/ontologies/fma/fmaOwlDlComponent_2_0#Left_medial_basal_bronchopulmonary_segment,http://www.ihtsdo.org/snomed#Structure_of_medial_basal_segment_of_left_lower_lobe_of_lung,True,1.0
http://bioontology.org/projects/ontologies/fma/fmaOwlDlComponent_2_0#Little_toe,http://www.ihtsdo.org/snomed#Fifth_toe_structure,True,1.0
http://bioontology.org/projects/ontologies/fma/fmaOwlDlComponent_2_0#Pedicle_of_third_lumbar_vertebra,http://www.ihtsdo.org/snomed#Structure_of_pedicle_of_third_lumbar_vertebra,True,1.0
http://bioontology.org/projects/ontologies/fma/fmaOwlDlComponent_2_0#Spinal_pia_mater,http://www.ihtsdo.org/snomed#Spinal_pia_mater_structure,True,1.0
http://bioontology.org/projects/ontologies/fma/fmaOwlDlComponent_2_0#Inferior_phrenic_artery,http://www.ihtsdo.org/snomed#Structure_of_inferior_phrenic_artery,False,1.0
http://bioontology.org/projects/ontologies/fma/fmaOwlDlComponent_2_0#Variant_bronchial_artery,http://www.ihtsdo.org/snomed#Structure_of_bronchial_artery,False,1.0
http://bioontology.org/projects/ontologies/fma/fmaOwlDlComponent_2_0#Pericardium,http://www.ihtsdo.org/snomed#Pericardial_structure,True,1.0
http://bioontology.org/projects/ontologies/fma/fmaOwlDlComponent_2_0#Proximal_phalanx_of_second_toe,http://www.ihtsdo.org/snomed#Structure_of_proximal_phalanx_of_second_toe,True,1.0
http://bioontology.org/projects/ontologies/fma/fmaOwlDlComponent_2_0#Set_of_mediastinal_veins,http://www.ihtsdo.org/snomed#Structure_of_mediastinal_vein,False,1.0
http://bioontology.org/projects/ontologies/fma/fmaOwlDlComponent_2_0#Uvula,http://www.ihtsdo.org/snomed#Uvula_palatina_structure,True,1.0
http://bioontology.org/projects/ontologies/fma/fmaOwlDlComponent_2_0#Interclavicular_ligament,http://www.ihtsdo.org/snomed#Structure_of_interclavicular_ligament,True,1.0
http://bioontology.org/projects/ontologies/fma/fmaOwlDlComponent_2_0#Duodenal_gland,http://www.ihtsdo.org/snomed#Duodenal_gland,True,1.0
http://bioontology.org/projects/ontologies/fma/fmaOwlDlComponent_2_0#Costal_groove_of_sixth_rib,http://www.ihtsdo.org/snomed#Structure_of_costal_groove_of_sixth_rib,True,1.0
http://bioontology.org/projects/ontologies/fma/fmaOwlDlComponent_2_0#Frenulum_of_ileocecal_valve,http://www.ihtsdo.org/snomed#Structure_of_frenulum_of_ileocecal_valve,True,1.0
http://bioontology.org/projects/ontologies/fma/fmaOwlDlComponent_2_0#Anterior_median_fissure_of_medulla_oblongata,http://www.ihtsdo.org/snomed#Structure_of_anterior_median_fissure_of_medulla_oblongata,True,1.0
http://bioontology.org/projects/ontologies/fma/fmaOwlDlComponent_2_0#Axial,http://www.ihtsdo.org/snomed#Axial,True,1.0
http://bioontology.org/projects/ontologies/fma/fmaOwlDlComponent_2_0#Articular_disk_of_sternoclavicular_joint,http://www.ihtsdo.org/snomed#Structure_of_articular_disc_of_sternoclavicular_joint,True,1.0
http://bioontology.org/projects/ontologies/fma/fmaOwlDlComponent_2_0#Renal_nerve_plexus,http://www.ihtsdo.org/snomed#Structure_of_renal_plexus,False,1.0
http://bioontology.org/projects/ontologies/fma/fmaOwlDlComponent_2_0#Septum_of_scrotum,http://www.ihtsdo.org/snomed#Structure_of_scrotal_septum,True,1.0
http://bioontology.org/projects/ontologies/fma/fmaOwlDlComponent_2_0#Left_radial_artery,http://www.ihtsdo.org/snomed#Structure_of_left_radial_artery,False,1.0
http://bioontology.org/projects/ontologies/fma/fmaOwlDlComponent_2_0#Pelvic_viscus,http://www.ihtsdo.org/snomed#Structure_of_pelvic_viscus,True,1.0
http://bioontology.org/projects/ontologies/fma/fmaOwlDlComponent_2_0#Inferior_tarsal_muscle,http://www.ihtsdo.org/snomed#Structure_of_inferior_tarsal_muscle,True,1.0
http://bioontology.org/projects/ontologies/fma/fmaOwlDlComponent_2_0#Corneal_vertex,http://www.ihtsdo.org/snomed#Structure_of_vertex_of_cornea,True,1.0
http://bioontology.org/projects/ontologies/fma/fmaOwlDlComponent_2_0#Posterior_wall_of_vagina,http://www.ihtsdo.org/snomed#Structure_of_posterior_wall_of_vagina,True,1.0
http://bioontology.org/projects/ontologies/fma/fmaOwlDlComponent_2_0#Ductus_venosus,http://www.ihtsdo.org/snomed#Structure_of_ductus_venosus,True,1.0
http://bioontology.org/projects/ontologies/fma/fmaOwlDlComponent_2_0#Infundibulum_of_uterine_tube,http://www.ihtsdo.org/snomed#Structure_of_infundibulum_of_fallopian_tube,True,1.0
http://bioontology.org/projects/ontologies/fma/fmaOwlDlComponent_2_0#Hepatovenous_segment_IV,http://www.ihtsdo.org/snomed#Couinaud_hepatic_segment_IV,True,1.0
http://bioontology.org/projects/ontologies/fma/fmaOwlDlComponent_2_0#Ventral_posterior_nucleus,http://www.ihtsdo.org/snomed#Structure_of_ventral_posterior_nucleus_of_thalamus,True,1.0
http://bioontology.org/projects/ontologies/fma/fmaOwlDlComponent_2_0#Mastoid_artery,http://www.ihtsdo.org/snomed#Structure_of_mastoid_branch_of_occipital_artery,True,1.0
http://bioontology.org/projects/ontologies/fma/fmaOwlDlComponent_2_0#Sertoli_cell,http://www.ihtsdo.org/snomed#Structure_of_sertoli_cell,False,1.0
http://bioontology.org/projects/ontologies/fma/fmaOwlDlComponent_2_0#Neck_of_seventh_rib,http://www.ihtsdo.org/snomed#Head_of_seventh_rib_structure,False,1.0
http://bioontology.org/projects/ontologies/fma/fmaOwlDlComponent_2_0#Ciliary_margin_of_iris,http://www.ihtsdo.org/snomed#Structure_of_ciliary_margin_of_iris,True,1.0
http://bioontology.org/projects/ontologies/fma/fmaOwlDlComponent_2_0#Hyaloid_canal,http://www.ihtsdo.org/snomed#Hyaloid_canal_structure,True,1.0
http://bioontology.org/projects/ontologies/fma/fmaOwlDlComponent_2_0#Posterior_papillary_muscle_of_right_ventricle,http://www.ihtsdo.org/snomed#Structure_of_posterior_papillary_muscle_of_right_ventricle,True,1.0
http://bioontology.org/projects/ontologies/fma/fmaOwlDlComponent_2_0#Common_hepatic_artery,http://www.ihtsdo.org/snomed#Structure_of_common_hepatic_artery,True,1.0
http://bioontology.org/projects/ontologies/fma/fmaOwlDlComponent_2_0#Body_compartment_subdivision,http://www.ihtsdo.org/snomed#Body_part_subdivision,True,1.0
http://bioontology.org/projects/ontologies/fma/fmaOwlDlComponent_2_0#Anterior_surface_of_manubrium,http://www.ihtsdo.org/snomed#Structure_of_anterior_surface_of_manubrium,False,1.0
http://bioontology.org/projects/ontologies/fma/fmaOwlDlComponent_2_0#Lamina_of_tenth_thoracic_vertebra,http://www.ihtsdo.org/snomed#Structure_of_lamina_of_tenth_thoracic_vertebra,True,1.0
http://bioontology.org/projects/ontologies/fma/fmaOwlDlComponent_2_0#External_carotid_artery,http://www.ihtsdo.org/snomed#External_carotid_artery_structure,True,1.0
http://bioontology.org/projects/ontologies/fma/fmaOwlDlComponent_2_0#Tributary_of_transverse_sinus,http://www.ihtsdo.org/snomed#Structure_of_tributary_of_transverse_sinus,True,1.0
http://bioontology.org/projects/ontologies/fma/fmaOwlDlComponent_2_0#Accessory_pancreatic_duct,http://www.ihtsdo.org/snomed#Structure_of_accessory_pancreatic_duct,True,1.0
http://bioontology.org/projects/ontologies/fma/fmaOwlDlComponent_2_0#Medial_mammillary_nucleus,http://www.ihtsdo.org/snomed#Structure_of_medial_mammillary_nucleus,True,1.0
http://bioontology.org/projects/ontologies/fma/fmaOwlDlComponent_2_0#Superior_thoracic_aperture,http://www.ihtsdo.org/snomed#Structure_of_thoracic_inlet,True,1.0
http://bioontology.org/projects/ontologies/fma/fmaOwlDlComponent_2_0#Subcostal_muscle,http://www.ihtsdo.org/snomed#Structure_of_subcostal_muscle,True,1.0
http://bioontology.org/projects/ontologies/fma/fmaOwlDlComponent_2_0#Bulbar_conjunctiva,http://www.ihtsdo.org/snomed#Structure_of_bulbar_conjunctiva,True,1.0
http://bioontology.org/projects/ontologies/fma/fmaOwlDlComponent_2_0#Adventitia_of_deferent_duct,http://www.ihtsdo.org/snomed#Structure_of_adventitia_of_vas_deferens,True,1.0
http://bioontology.org/projects/ontologies/fma/fmaOwlDlComponent_2_0#Spinous_process_of_twelfth_thoracic_vertebra,http://www.ihtsdo.org/snomed#Structure_of_spinous_process_of_twelfth_thoracic_vertebra,True,1.0
http://bioontology.org/projects/ontologies/fma/fmaOwlDlComponent_2_0#Inferior_articular_process_of_ninth_thoracic_vertebra,http://www.ihtsdo.org/snomed#Structure_of_inferior_articular_process_of_ninth_thoracic_vertebra,True,1.0
http://bioontology.org/projects/ontologies/fma/fmaOwlDlComponent_2_0#Set_of_pelvic_ganglia,http://www.ihtsdo.org/snomed#Structure_of_pelvic_ganglia,True,1.0
http://bioontology.org/projects/ontologies/fma/fmaOwlDlComponent_2_0#Palmar_ligament_of_metacarpophalangeal_joint,http://www.ihtsdo.org/snomed#Structure_of_palmar_ligaments_of_metacarpophalangeal_joints,True,1.0
http://bioontology.org/projects/ontologies/fma/fmaOwlDlComponent_2_0#Vaginal_vein,http://www.ihtsdo.org/snomed#Structure_of_vaginal_vein,True,1.0
http://bioontology.org/projects/ontologies/fma/fmaOwlDlComponent_2_0#Sagittal,http://www.ihtsdo.org/snomed#Sagittal,True,1.0
http://bioontology.org/projects/ontologies/fma/fmaOwlDlComponent_2_0#Right_posterior_aortic_sinus,http://www.ihtsdo.org/snomed#Structure_of_posterior_sinus_of_Valsalva,True,1.0
http://bioontology.org/projects/ontologies/fma/fmaOwlDlComponent_2_0#Posterior_pulmonary_nerve_plexus,http://www.ihtsdo.org/snomed#Posterior_pulmonary_plexus,True,1.0
http://bioontology.org/projects/ontologies/fma/fmaOwlDlComponent_2_0#Cochlear_branch_of_vestibulocochlear_artery,http://www.ihtsdo.org/snomed#Structure_of_cochlear_branch_of_vestibulocochlear_artery,True,1.0
http://bioontology.org/projects/ontologies/fma/fmaOwlDlComponent_2_0#Set_of_dorsal_surfaces_of_fingers,http://www.ihtsdo.org/snomed#Structure_of_dorsal_surface_of_finger,True,1.0
http://bioontology.org/projects/ontologies/fma/fmaOwlDlComponent_2_0#Left_marginal_artery,http://www.ihtsdo.org/snomed#Structure_of_obtuse_marginal_branch_of_circumflex_branch_of_left_coronary_artery,True,1.0
http://bioontology.org/projects/ontologies/fma/fmaOwlDlComponent_2_0#Posterior_clinoid_process,http://www.ihtsdo.org/snomed#Structure_of_posterior_clinoid_process,True,1.0
http://bioontology.org/projects/ontologies/fma/fmaOwlDlComponent_2_0#Middle_nasal_concha,http://www.ihtsdo.org/snomed#Middle_nasal_turbinate_structure,True,1.0
http://bioontology.org/projects/ontologies/fma/fmaOwlDlComponent_2_0#Set_of_lumbar_arteries,http://www.ihtsdo.org/snomed#Structure_of_lumbar_artery,False,1.0
http://bioontology.org/projects/ontologies/fma/fmaOwlDlComponent_2_0#Nucleus_pulposus_of_intervertebral_disk_of_fifth_lumbar_vertebra,http://www.ihtsdo.org/snomed#Structure_of_nucleus_pulposus_of_intervertebral_disc_of_fifth_lumbar_vertebra,True,1.0
http://bioontology.org/projects/ontologies/fma/fmaOwlDlComponent_2_0#Uncus,http://www.ihtsdo.org/snomed#Structure_of_uncus_of_hippocampus,True,1.0
http://bioontology.org/projects/ontologies/fma/fmaOwlDlComponent_2_0#Prepuce_of_clitoris,http://www.ihtsdo.org/snomed#Structure_of_prepuce_of_clitoris,True,1.0
http://bioontology.org/projects/ontologies/fma/fmaOwlDlComponent_2_0#Internal_nose,http://www.ihtsdo.org/snomed#Artery_of_internal_nose,False,1.0
http://bioontology.org/projects/ontologies/fma/fmaOwlDlComponent_2_0#Type_I_alveolar_epithelial_cell,http://www.ihtsdo.org/snomed#Pneumocyte_type_1,True,1.0
http://bioontology.org/projects/ontologies/fma/fmaOwlDlComponent_2_0#Dorsum_of_tongue,http://www.ihtsdo.org/snomed#Structure_of_dorsum_of_tongue,True,1.0
http://bioontology.org/projects/ontologies/fma/fmaOwlDlComponent_2_0#Anterior_wall_of_pyloric_antrum,http://www.ihtsdo.org/snomed#Anterior_wall_of_antrum_of_stomach,True,1.0
http://bioontology.org/projects/ontologies/fma/fmaOwlDlComponent_2_0#Supra_orbital_nerve,http://www.ihtsdo.org/snomed#Structure_of_supraorbital_nerve,False,1.0
http://bioontology.org/projects/ontologies/fma/fmaOwlDlComponent_2_0#Hyo_epiglottic_ligament,http://www.ihtsdo.org/snomed#Structure_of_hyoepiglottic_ligament,True,1.0
http://bioontology.org/projects/ontologies/fma/fmaOwlDlComponent_2_0#Vulva,http://www.ihtsdo.org/snomed#Vulval_structure,True,1.0
http://bioontology.org/projects/ontologies/fma/fmaOwlDlComponent_2_0#Trochlear_nerve,http://www.ihtsdo.org/snomed#Trochlear_nerve_structure,True,1.0
http://bioontology.org/projects/ontologies/fma/fmaOwlDlComponent_2_0#Compact_bone,http://www.ihtsdo.org/snomed#Compact_bone_structure,True,1.0
http://bioontology.org/projects/ontologies/fma/fmaOwlDlComponent_2_0#Finger,http://www.ihtsdo.org/snomed#Finger_structure,True,1.0
http://bioontology.org/projects/ontologies/fma/fmaOwlDlComponent_2_0#Immunoglobulin_G,http://www.ihtsdo.org/snomed#Immunoglobulin_IgG,True,1.0
http://bioontology.org/projects/ontologies/fma/fmaOwlDlComponent_2_0#Frontal_pole,http://www.ihtsdo.org/snomed#Structure_of_frontal_pole,True,1.0
http://bioontology.org/projects/ontologies/fma/fmaOwlDlComponent_2_0#Left_temporal_lobe,http://www.ihtsdo.org/snomed#Left_temporal_lobe_structure,True,1.0
http://bioontology.org/projects/ontologies/fma/fmaOwlDlComponent_2_0#Lateral_ligament_of_malleus,http://www.ihtsdo.org/snomed#Structure_of_lateral_ligament_of_malleus,False,1.0
http://bioontology.org/projects/ontologies/fma/fmaOwlDlComponent_2_0#Middle_genicular_artery,http://www.ihtsdo.org/snomed#Structure_of_middle_genicular_artery,True,1.0
http://bioontology.org/projects/ontologies/fma/fmaOwlDlComponent_2_0#Check_ligament_of_lateral_rectus,http://www.ihtsdo.org/snomed#Structure_of_lateral_check_ligament_of_eye,True,1.0
http://bioontology.org/projects/ontologies/fma/fmaOwlDlComponent_2_0#Intraculminate_fissure_of_cerebellum,http://www.ihtsdo.org/snomed#Structure_of_intraculminate_fissure,True,1.0
http://bioontology.org/projects/ontologies/fma/fmaOwlDlComponent_2_0#Tributary_of_superior_petrosal_sinus,http://www.ihtsdo.org/snomed#Structure_of_tributary_of_superior_petrosal_sinus,False,1.0
http://bioontology.org/projects/ontologies/fma/fmaOwlDlComponent_2_0#Distal_epiphysis_of_first_metatarsal_bone,http://www.ihtsdo.org/snomed#Structure_of_head_of_first_metatarsal_bone,True,1.0
http://bioontology.org/projects/ontologies/fma/fmaOwlDlComponent_2_0#Ciliary_body,http://www.ihtsdo.org/snomed#Ciliary_body_structure,True,1.0
http://bioontology.org/projects/ontologies/fma/fmaOwlDlComponent_2_0#Stellate,http://www.ihtsdo.org/snomed#Stellate,False,1.0
http://bioontology.org/projects/ontologies/fma/fmaOwlDlComponent_2_0#Long_ciliary_nerve,http://www.ihtsdo.org/snomed#Long_ciliary_nerves,True,1.0
http://bioontology.org/projects/ontologies/fma/fmaOwlDlComponent_2_0#Lipopolysaccharide,http://www.ihtsdo.org/snomed#Lipopolysaccharide,True,1.0
http://bioontology.org/projects/ontologies/fma/fmaOwlDlComponent_2_0#Lamina_cribrosa_of_sclera,http://www.ihtsdo.org/snomed#Structure_of_lamina_cribrosa_of_sclera,True,1.0
http://bioontology.org/projects/ontologies/fma/fmaOwlDlComponent_2_0#Phrenic_nerve,http://www.ihtsdo.org/snomed#Structure_of_phrenic_nerve,False,1.0
http://bioontology.org/projects/ontologies/fma/fmaOwlDlComponent_2_0#Lumen_of_esophagus,http://www.ihtsdo.org/snomed#Structure_of_esophageal_lumen,True,1.0
http://bioontology.org/projects/ontologies/fma/fmaOwlDlComponent_2_0#Infrarenal_aorta,http://www.ihtsdo.org/snomed#Structure_of_infrarenal_aorta,True,1.0
http://bioontology.org/projects/ontologies/fma/fmaOwlDlComponent_2_0#Tendon_of_second_lumbrical_of_hand,http://www.ihtsdo.org/snomed#Tendon_of_second_lumbrical_muscle_of_hand,True,1.0
http://bioontology.org/projects/ontologies/fma/fmaOwlDlComponent_2_0#Third_ventricle,http://www.ihtsdo.org/snomed#Third_ventricle_structure,True,1.0
http://bioontology.org/projects/ontologies/fma/fmaOwlDlComponent_2_0#Condyle_of_humerus,http://www.ihtsdo.org/snomed#Structure_of_condyle_of_humerus,True,1.0
http://bioontology.org/projects/ontologies/fma/fmaOwlDlComponent_2_0#Posterior_interosseous_artery,http://www.ihtsdo.org/snomed#Structure_of_posterior_interosseous_artery,True,1.0
http://bioontology.org/projects/ontologies/fma/fmaOwlDlComponent_2_0#Temporal_pole,http://www.ihtsdo.org/snomed#Structure_of_temporal_pole,True,1.0
http://bioontology.org/projects/ontologies/fma/fmaOwlDlComponent_2_0#Serosa_of_uterine_tube,http://www.ihtsdo.org/snomed#Structure_of_uterine_tubal_serosa,True,1.0
http://bioontology.org/projects/ontologies/fma/fmaOwlDlComponent_2_0#Left_renal_artery,http://www.ihtsdo.org/snomed#Branch_of_renal_artery,True,1.0
http://bioontology.org/projects/ontologies/fma/fmaOwlDlComponent_2_0#Temporomandibular_joint,http://www.ihtsdo.org/snomed#Temporomandibular_joint_structure,True,1.0
http://bioontology.org/projects/ontologies/fma/fmaOwlDlComponent_2_0#Costoclavicular_ligament,http://www.ihtsdo.org/snomed#Structure_of_costoclavicular_ligament,False,1.0
http://bioontology.org/projects/ontologies/fma/fmaOwlDlComponent_2_0#Bone_of_incus,http://www.ihtsdo.org/snomed#Bone_structure_of_incus,True,1.0
http://bioontology.org/projects/ontologies/fma/fmaOwlDlComponent_2_0#Bifurcation_of_aorta,http://www.ihtsdo.org/snomed#Structure_of_aortic_bifurcation,True,1.0
http://bioontology.org/projects/ontologies/fma/fmaOwlDlComponent_2_0#Superior_ligament_of_malleus,http://www.ihtsdo.org/snomed#Structure_of_superior_ligament_of_malleus,True,1.0
http://bioontology.org/projects/ontologies/fma/fmaOwlDlComponent_2_0#Anterior_cochlear_nucleus,http://www.ihtsdo.org/snomed#Structure_of_ventral_cochlear_nucleus,True,1.0
http://bioontology.org/projects/ontologies/fma/fmaOwlDlComponent_2_0#Left_margin_of_tongue,http://www.ihtsdo.org/snomed#Structure_of_left_margin_of_tongue,True,1.0
http://bioontology.org/projects/ontologies/fma/fmaOwlDlComponent_2_0#Spine_of_scapula,http://www.ihtsdo.org/snomed#Structure_of_spine_of_scapula,True,1.0
http://bioontology.org/projects/ontologies/fma/fmaOwlDlComponent_2_0#Anterior_segment_of_right_lobe_of_liver,http://www.ihtsdo.org/snomed#Structure_of_anterior_segment_of_right_lobe_of_liver,True,1.0
http://bioontology.org/projects/ontologies/fma/fmaOwlDlComponent_2_0#Parotid_vein,http://www.ihtsdo.org/snomed#Structure_of_parotid_vein,True,1.0
http://bioontology.org/projects/ontologies/fma/fmaOwlDlComponent_2_0#Wall_of_orbit,http://www.ihtsdo.org/snomed#Orbital_wall_structure,True,1.0
http://bioontology.org/projects/ontologies/fma/fmaOwlDlComponent_2_0#Lateral_surface_of_fourth_toe,http://www.ihtsdo.org/snomed#Structure_of_lateral_surface_of_fourth_toe,True,1.0
http://bioontology.org/projects/ontologies/fma/fmaOwlDlComponent_2_0#Serosa_of_spleen,http://www.ihtsdo.org/snomed#Structure_of_serous_coat_of_spleen,True,1.0
http://bioontology.org/projects/ontologies/fma/fmaOwlDlComponent_2_0#Posterior_arch_of_atlas,http://www.ihtsdo.org/snomed#Structure_of_posterior_arch_of_atlas,True,1.0
http://bioontology.org/projects/ontologies/fma/fmaOwlDlComponent_2_0#Left_anterior_basal_segmental_vein,http://www.ihtsdo.org/snomed#Structure_of_anterior_branch_of_superior_left_pulmonary_vein,False,1.0
http://bioontology.org/projects/ontologies/fma/fmaOwlDlComponent_2_0#Pelvic_fascia,http://www.ihtsdo.org/snomed#Pelvic_fascia_structure,True,1.0
http://bioontology.org/projects/ontologies/fma/fmaOwlDlComponent_2_0#Lateral_sacral_artery,http://www.ihtsdo.org/snomed#Structure_of_lateral_sacral_artery,True,1.0
http://bioontology.org/projects/ontologies/fma/fmaOwlDlComponent_2_0#Fissure_for_ligamentum_venosum,http://www.ihtsdo.org/snomed#Structure_of_groove_of_ligamentum_venosum_of_liver,True,1.0
http://bioontology.org/projects/ontologies/fma/fmaOwlDlComponent_2_0#Ampulla_of_anterior_semicircular_duct_of_membranous_labyrinth,http://www.ihtsdo.org/snomed#Structure_of_anterior_membranous_ampulla,True,1.0
http://bioontology.org/projects/ontologies/fma/fmaOwlDlComponent_2_0#Intercarpal_joint,http://www.ihtsdo.org/snomed#Structure_of_intercarpal_joint,True,1.0
http://bioontology.org/projects/ontologies/fma/fmaOwlDlComponent_2_0#Superficial_part_of_parotid_gland,http://www.ihtsdo.org/snomed#Structure_of_superficial_portion_of_parotid_gland,True,1.0
http://bioontology.org/projects/ontologies/fma/fmaOwlDlComponent_2_0#Lumen_of_segment_of_colon,http://www.ihtsdo.org/snomed#Colonic_lumen_structure,True,1.0
http://bioontology.org/projects/ontologies/fma/fmaOwlDlComponent_2_0#Raphe_of_scrotum,http://www.ihtsdo.org/snomed#Structure_of_scrotal_raphe,True,1.0
http://bioontology.org/projects/ontologies/fma/fmaOwlDlComponent_2_0#Head_of_twelfth_rib,http://www.ihtsdo.org/snomed#Head_of_twelfth_rib_structure,True,1.0
http://bioontology.org/projects/ontologies/fma/fmaOwlDlComponent_2_0#Splenic_branch_of_splenic_artery,http://www.ihtsdo.org/snomed#Structure_of_splenic_branch_of_splenic_artery,True,1.0
http://bioontology.org/projects/ontologies/fma/fmaOwlDlComponent_2_0#Caudate_nucleus,http://www.ihtsdo.org/snomed#Caudate_nucleus_structure,True,1.0
http://bioontology.org/projects/ontologies/fma/fmaOwlDlComponent_2_0#Muscle_of_anterior_abdominal_wall,http://www.ihtsdo.org/snomed#Anterior_abdominal_wall_structure,True,1.0
http://bioontology.org/projects/ontologies/fma/fmaOwlDlComponent_2_0#Superior_mesenteric_vein,http://www.ihtsdo.org/snomed#Structure_of_superior_mesenteric_vein,True,1.0
http://bioontology.org/projects/ontologies/fma/fmaOwlDlComponent_2_0#Cystic_vein,http://www.ihtsdo.org/snomed#Structure_of_cystic_vein,True,1.0
http://bioontology.org/projects/ontologies/fma/fmaOwlDlComponent_2_0#Set_of_collateral_ligaments_of_interphalangeal_joints_of_hand,http://www.ihtsdo.org/snomed#Structure_of_collateral_ligaments_of_interphalangeal_joints_of_hand,True,1.0
http://bioontology.org/projects/ontologies/fma/fmaOwlDlComponent_2_0#Distal_phalanx_of_fourth_toe,http://www.ihtsdo.org/snomed#Structure_of_distal_phalanx_of_fourth_toe,True,1.0
http://bioontology.org/projects/ontologies/fma/fmaOwlDlComponent_2_0#Right_kidney,http://www.ihtsdo.org/snomed#Right_kidney_structure,True,1.0
http://bioontology.org/projects/ontologies/fma/fmaOwlDlComponent_2_0#Proximal_epiphysis_of_phalanx_of_toe,http://www.ihtsdo.org/snomed#Structure_of_base_of_phalanx_of_foot,True,1.0
http://bioontology.org/projects/ontologies/fma/fmaOwlDlComponent_2_0#Body_of_fifth_lumbar_vertebra,http://www.ihtsdo.org/snomed#Structure_of_body_of_fifth_lumbar_vertebra,True,1.0
http://bioontology.org/projects/ontologies/fma/fmaOwlDlComponent_2_0#Cerebellopontine_angle,http://www.ihtsdo.org/snomed#Structure_of_cerebellopontine_angle,True,1.0
http://bioontology.org/projects/ontologies/fma/fmaOwlDlComponent_2_0#Set_of_left_gastric_lymph_nodes,http://www.ihtsdo.org/snomed#Structure_of_left_gastric_lymph_node,False,1.0
http://bioontology.org/projects/ontologies/fma/fmaOwlDlComponent_2_0#Dorsum_sellae,http://www.ihtsdo.org/snomed#Dorsum_sellae_structure,True,1.0
http://bioontology.org/projects/ontologies/fma/fmaOwlDlComponent_2_0#Anatomical_position,http://www.ihtsdo.org/snomed#Anatomical_position,True,1.0
http://bioontology.org/projects/ontologies/fma/fmaOwlDlComponent_2_0#Set_of_transverse_folds_of_rectum,http://www.ihtsdo.org/snomed#Structure_of_transverse_fold_of_rectum,True,1.0
http://bioontology.org/projects/ontologies/fma/fmaOwlDlComponent_2_0#Posterior_triangle_of_neck,http://www.ihtsdo.org/snomed#Posterior_triangle_of_neck,True,1.0
http://bioontology.org/projects/ontologies/fma/fmaOwlDlComponent_2_0#Umbo_of_tympanic_membrane,http://www.ihtsdo.org/snomed#Structure_of_umbo_of_tympanic_membrane,True,1.0
http://bioontology.org/projects/ontologies/fma/fmaOwlDlComponent_2_0#Iliac_fascia,http://www.ihtsdo.org/snomed#Iliac_fascia_structure,True,1.0
http://bioontology.org/projects/ontologies/fma/fmaOwlDlComponent_2_0#Left_parotid_gland,http://www.ihtsdo.org/snomed#Structure_of_left_parotid_gland,False,1.0
http://bioontology.org/projects/ontologies/fma/fmaOwlDlComponent_2_0#Ductus_reuniens,http://www.ihtsdo.org/snomed#Structure_of_ductus_reuniens,True,1.0
http://bioontology.org/projects/ontologies/fma/fmaOwlDlComponent_2_0#Right_first_lumbar_vein,http://www.ihtsdo.org/snomed#Structure_of_first_right_lumbar_vein,True,1.0
http://bioontology.org/projects/ontologies/fma/fmaOwlDlComponent_2_0#Proximal_epiphysis_of_metacarpal_bone,http://www.ihtsdo.org/snomed#Structure_of_base_of_metacarpal_bone,True,1.0
http://bioontology.org/projects/ontologies/fma/fmaOwlDlComponent_2_0#Trunk_of_portal_vein,http://www.ihtsdo.org/snomed#Structure_of_trunk_of_portal_vein,True,1.0
http://bioontology.org/projects/ontologies/fma/fmaOwlDlComponent_2_0#Set_of_nasal_glands,http://www.ihtsdo.org/snomed#Structure_of_nasal_gland,False,1.0
http://bioontology.org/projects/ontologies/fma/fmaOwlDlComponent_2_0#Subcallosal_area,http://www.ihtsdo.org/snomed#Parolfactory_area_structure,True,1.0
http://bioontology.org/projects/ontologies/fma/fmaOwlDlComponent_2_0#Lamina_of_vertebra,http://www.ihtsdo.org/snomed#Structure_of_lamina_of_vertebra,True,1.0
http://bioontology.org/projects/ontologies/fma/fmaOwlDlComponent_2_0#Oblique_vein_of_left_atrium,http://www.ihtsdo.org/snomed#Structure_of_oblique_vein_of_left_atrium,True,1.0
http://bioontology.org/projects/ontologies/fma/fmaOwlDlComponent_2_0#Superior_border_of_manubrium,http://www.ihtsdo.org/snomed#Structure_of_superior_border_of_manubrium,False,1.0
http://bioontology.org/projects/ontologies/fma/fmaOwlDlComponent_2_0#Lambdoid_suture,http://www.ihtsdo.org/snomed#Structure_of_lambdoid_suture_of_skull,False,1.0
http://bioontology.org/projects/ontologies/fma/fmaOwlDlComponent_2_0#Anterior_division_of_left_branch_of_atrioventricular_bundle,http://www.ihtsdo.org/snomed#Structure_of_left_anterior_division_of_left_branch_of_atrioventricular_bundle,True,1.0
http://bioontology.org/projects/ontologies/fma/fmaOwlDlComponent_2_0#Superior_pancreaticoduodenal_lymph_node,http://www.ihtsdo.org/snomed#Structure_of_superior_pancreaticoduodenal_lymph_node,True,1.0
http://bioontology.org/projects/ontologies/fma/fmaOwlDlComponent_2_0#Carotid_bifurcation,http://www.ihtsdo.org/snomed#Structure_of_carotid_bifurcation,False,1.0
http://bioontology.org/projects/ontologies/fma/fmaOwlDlComponent_2_0#Ascending_part_of_duodenum,http://www.ihtsdo.org/snomed#Structure_of_ascending_portion_of_duodenum,True,1.0
http://bioontology.org/projects/ontologies/fma/fmaOwlDlComponent_2_0#Pericardial_artery,http://www.ihtsdo.org/snomed#Structure_of_pericardial_branch_of_internal_thoracic_artery,True,1.0
http://bioontology.org/projects/ontologies/fma/fmaOwlDlComponent_2_0#Root_of_mesentery,http://www.ihtsdo.org/snomed#Structure_of_root_of_mesentery,True,1.0
http://bioontology.org/projects/ontologies/fma/fmaOwlDlComponent_2_0#Testicular_artery,http://www.ihtsdo.org/snomed#Structure_of_testicular_artery,True,1.0
http://bioontology.org/projects/ontologies/fma/fmaOwlDlComponent_2_0#Lateral_part_of_occipital_bone,http://www.ihtsdo.org/snomed#Structure_of_lateral_part_of_occipital_bone,True,1.0
http://bioontology.org/projects/ontologies/fma/fmaOwlDlComponent_2_0#Fundus_of_stomach,http://www.ihtsdo.org/snomed#Gastric_fundus_structure,True,1.0
http://bioontology.org/projects/ontologies/fma/fmaOwlDlComponent_2_0#Intervertebral_foramen_of_fourth_cervical_vertebra,http://www.ihtsdo.org/snomed#Structure_of_intervertebral_foramen_of_fourth_cervical_vertebra,True,1.0
http://bioontology.org/projects/ontologies/fma/fmaOwlDlComponent_2_0#Hypothenar_space,http://www.ihtsdo.org/snomed#Structure_of_hypothenar_space,True,1.0
http://bioontology.org/projects/ontologies/fma/fmaOwlDlComponent_2_0#Lamina_of_sixth_cervical_vertebra,http://www.ihtsdo.org/snomed#Structure_of_lamina_of_sixth_cervical_vertebra,True,1.0
http://bioontology.org/projects/ontologies/fma/fmaOwlDlComponent_2_0#Cumulus_oophorus,http://www.ihtsdo.org/snomed#Structure_of_cumulus_oophorus,True,1.0
http://bioontology.org/projects/ontologies/fma/fmaOwlDlComponent_2_0#Membrane_organ,http://www.ihtsdo.org/snomed#Membrane_organ_structure,False,1.0
http://bioontology.org/projects/ontologies/fma/fmaOwlDlComponent_2_0#Penile_bulb_artery,http://www.ihtsdo.org/snomed#Structure_of_artery_of_the_bulb_of_the_penis,True,1.0
http://bioontology.org/projects/ontologies/fma/fmaOwlDlComponent_2_0#Musculophrenic_vein,http://www.ihtsdo.org/snomed#Structure_of_musculophrenic_vein,True,1.0
http://bioontology.org/projects/ontologies/fma/fmaOwlDlComponent_2_0#Parotid_plexus_of_facial_nerve,http://www.ihtsdo.org/snomed#Structure_of_parotid_plexus_of_facial_nerve,True,1.0
http://bioontology.org/projects/ontologies/fma/fmaOwlDlComponent_2_0#Right_common_carotid_artery,http://www.ihtsdo.org/snomed#Right_common_carotid_artery_structure,True,1.0
http://bioontology.org/projects/ontologies/fma/fmaOwlDlComponent_2_0#Lamina_of_third_cervical_vertebra,http://www.ihtsdo.org/snomed#Structure_of_lamina_of_third_cervical_vertebra,True,1.0
http://bioontology.org/projects/ontologies/fma/fmaOwlDlComponent_2_0#Posterior_division_of_left_branch_of_atrioventricular_bundle,http://www.ihtsdo.org/snomed#Structure_of_left_posterior_division_of_left_branch_of_atrioventricular_bundle,True,1.0
http://bioontology.org/projects/ontologies/fma/fmaOwlDlComponent_2_0#Ampullary_groove,http://www.ihtsdo.org/snomed#Structure_of_sulcus_ampullaris,False,1.0
http://bioontology.org/projects/ontologies/fma/fmaOwlDlComponent_2_0#Lobe_of_thymus,http://www.ihtsdo.org/snomed#Structure_of_thymic_lobule,False,1.0
http://bioontology.org/projects/ontologies/fma/fmaOwlDlComponent_2_0#Transverse_foramen_of_atlas,http://www.ihtsdo.org/snomed#Structure_of_transverse_foramen_of_atlas,True,1.0
http://bioontology.org/projects/ontologies/fma/fmaOwlDlComponent_2_0#Inferior_recess_of_lesser_sac,http://www.ihtsdo.org/snomed#Structure_of_inferior_omental_bursa,True,1.0
http://bioontology.org/projects/ontologies/fma/fmaOwlDlComponent_2_0#Pedicle_of_fifth_lumbar_vertebra,http://www.ihtsdo.org/snomed#Structure_of_pedicle_of_fifth_lumbar_vertebra,True,1.0
http://bioontology.org/projects/ontologies/fma/fmaOwlDlComponent_2_0#Temporozygomatic_suture,http://www.ihtsdo.org/snomed#Structure_of_temporozygomatic_suture_of_skull,True,1.0
http://bioontology.org/projects/ontologies/fma/fmaOwlDlComponent_2_0#Right_margin_of_tongue,http://www.ihtsdo.org/snomed#Structure_of_right_margin_of_tongue,True,1.0
http://bioontology.org/projects/ontologies/fma/fmaOwlDlComponent_2_0#Lateral_condyle_of_femur,http://www.ihtsdo.org/snomed#Structure_of_lateral_condyle_of_femur,True,1.0
http://bioontology.org/projects/ontologies/fma/fmaOwlDlComponent_2_0#Nipple,http://www.ihtsdo.org/snomed#Nipple_structure,True,1.0
http://bioontology.org/projects/ontologies/fma/fmaOwlDlComponent_2_0#Eighth_costal_cartilage,http://www.ihtsdo.org/snomed#Structure_of_eighth_costal_cartilage,True,1.0
http://bioontology.org/projects/ontologies/fma/fmaOwlDlComponent_2_0#Parietal_serous_pericardium,http://www.ihtsdo.org/snomed#Structure_of_parietal_pericardium,True,1.0
http://bioontology.org/projects/ontologies/fma/fmaOwlDlComponent_2_0#Skin_of_lip,http://www.ihtsdo.org/snomed#Skin_structure_of_lip,True,1.0
http://bioontology.org/projects/ontologies/fma/fmaOwlDlComponent_2_0#Inferior_mesenteric_ganglion,http://www.ihtsdo.org/snomed#Structure_of_inferior_mesenteric_ganglion,True,1.0
http://bioontology.org/projects/ontologies/fma/fmaOwlDlComponent_2_0#External_vertebral_venous_plexus,http://www.ihtsdo.org/snomed#Structure_of_external_vertebral_venous_plexus,True,1.0
http://bioontology.org/projects/ontologies/fma/fmaOwlDlComponent_2_0#Superficial_fibular_nerve,http://www.ihtsdo.org/snomed#Structure_of_superficial_peroneal_nerve,True,1.0
http://bioontology.org/projects/ontologies/fma/fmaOwlDlComponent_2_0#Nail_of_index_finger,http://www.ihtsdo.org/snomed#Structure_of_nail_of_index_finger,True,1.0
http://bioontology.org/projects/ontologies/fma/fmaOwlDlComponent_2_0#Parietal_fascia_of_pelvis,http://www.ihtsdo.org/snomed#Structure_of_parietal_fascia_of_pelvis,True,1.0
http://bioontology.org/projects/ontologies/fma/fmaOwlDlComponent_2_0#Trochlea_of_humerus,http://www.ihtsdo.org/snomed#Structure_of_trochlea_of_humerus,True,1.0
http://bioontology.org/projects/ontologies/fma/fmaOwlDlComponent_2_0#Tenth_levator_costae,http://www.ihtsdo.org/snomed#Tenth_levator_costae,True,1.0
http://bioontology.org/projects/ontologies/fma/fmaOwlDlComponent_2_0#Head_of_tenth_rib,http://www.ihtsdo.org/snomed#Head_of_tenth_rib_structure,True,1.0
http://bioontology.org/projects/ontologies/fma/fmaOwlDlComponent_2_0#Left_corpus_cavernosum_of_clitoris,http://www.ihtsdo.org/snomed#Structure_of_left_corpus_cavernosum_of_clitoris,True,1.0
http://bioontology.org/projects/ontologies/fma/fmaOwlDlComponent_2_0#Diaphysis_of_metatarsal_bone,http://www.ihtsdo.org/snomed#Bone_structure_of_shaft_of_metatarsal,True,1.0
http://bioontology.org/projects/ontologies/fma/fmaOwlDlComponent_2_0#Umbilical_vein,http://www.ihtsdo.org/snomed#Structure_of_umbilical_vein,True,1.0
http://bioontology.org/projects/ontologies/fma/fmaOwlDlComponent_2_0#Chief_cell_of_parathyroid_gland,http://www.ihtsdo.org/snomed#Structure_of_parathyroid_chief_cell,True,1.0
http://bioontology.org/projects/ontologies/fma/fmaOwlDlComponent_2_0#Fourth_costal_cartilage,http://www.ihtsdo.org/snomed#Structure_of_fourth_costal_cartilage,True,1.0
http://bioontology.org/projects/ontologies/fma/fmaOwlDlComponent_2_0#Anterior_wall_of_vagina,http://www.ihtsdo.org/snomed#Structure_of_anterior_wall_of_vagina,True,1.0
http://bioontology.org/projects/ontologies/fma/fmaOwlDlComponent_2_0#Lumen_of_bronchus,http://www.ihtsdo.org/snomed#Structure_of_bronchial_lumen,False,1.0
http://bioontology.org/projects/ontologies/fma/fmaOwlDlComponent_2_0#Interpeduncular_cistern,http://www.ihtsdo.org/snomed#Structure_of_cisterna_interpeduncularis,True,1.0
http://bioontology.org/projects/ontologies/fma/fmaOwlDlComponent_2_0#Filum_terminale,http://www.ihtsdo.org/snomed#Filum_terminale_structure,False,1.0
http://bioontology.org/projects/ontologies/fma/fmaOwlDlComponent_2_0#Tenth_internal_intercostal_muscle,http://www.ihtsdo.org/snomed#Tenth_internal_intercostal_muscle,True,1.0
http://bioontology.org/projects/ontologies/fma/fmaOwlDlComponent_2_0#Left_hepatic_duct,http://www.ihtsdo.org/snomed#Structure_of_left_hepatic_duct,True,1.0
http://bioontology.org/projects/ontologies/fma/fmaOwlDlComponent_2_0#Medial_lemniscus,http://www.ihtsdo.org/snomed#Medial_lemniscus_structure,True,1.0
http://bioontology.org/projects/ontologies/fma/fmaOwlDlComponent_2_0#Third_lumbrical_of_hand,http://www.ihtsdo.org/snomed#Third_lumbrical_muscle_of_hand,True,1.0
http://bioontology.org/projects/ontologies/fma/fmaOwlDlComponent_2_0#Inferior_articular_process_of_twelfth_thoracic_vertebra,http://www.ihtsdo.org/snomed#Structure_of_inferior_articular_process_of_twelfth_thoracic_vertebra,True,1.0
http://bioontology.org/projects/ontologies/fma/fmaOwlDlComponent_2_0#Intervertebral_disk_of_seventh_thoracic_vertebra,http://www.ihtsdo.org/snomed#Intervertebral_disc_structure_of_seventh_thoracic_vertebra,True,1.0
http://bioontology.org/projects/ontologies/fma/fmaOwlDlComponent_2_0#Inferior_articular_process_of_third_lumbar_vertebra,http://www.ihtsdo.org/snomed#Structure_of_inferior_articular_process_of_third_lumbar_vertebra,True,1.0
http://bioontology.org/projects/ontologies/fma/fmaOwlDlComponent_2_0#Thyroepiglotticus,http://www.ihtsdo.org/snomed#Structure_of_thyroepiglottic_muscle,True,1.0
http://bioontology.org/projects/ontologies/fma/fmaOwlDlComponent_2_0#Phrenicocolic_ligament,http://www.ihtsdo.org/snomed#Structure_of_phrenicocolic_ligament,True,1.0
http://bioontology.org/projects/ontologies/fma/fmaOwlDlComponent_2_0#Superior_lateral_genicular_artery,http://www.ihtsdo.org/snomed#Structure_of_superior_lateral_genicular_artery,True,1.0
http://bioontology.org/projects/ontologies/fma/fmaOwlDlComponent_2_0#Proximal_epiphysis_of_second_metatarsal_bone,http://www.ihtsdo.org/snomed#Structure_of_base_of_second_metatarsal_bone,True,1.0
http://bioontology.org/projects/ontologies/fma/fmaOwlDlComponent_2_0#Vocalis,http://www.ihtsdo.org/snomed#Structure_of_vocalis_muscle,True,1.0
http://bioontology.org/projects/ontologies/fma/fmaOwlDlComponent_2_0#Set_of_plantar_metatarsal_veins,http://www.ihtsdo.org/snomed#Structure_of_plantar_metatarsal_vein,True,1.0
http://bioontology.org/projects/ontologies/fma/fmaOwlDlComponent_2_0#Posterior_part_of_elbow,http://www.ihtsdo.org/snomed#Structure_of_posterior_cubital_region,True,1.0
http://bioontology.org/projects/ontologies/fma/fmaOwlDlComponent_2_0#Lower_lobe_of_right_lung,http://www.ihtsdo.org/snomed#Structure_of_right_lower_lobe_of_lung,True,1.0
http://bioontology.org/projects/ontologies/fma/fmaOwlDlComponent_2_0#Quadrate_lobe_of_liver,http://www.ihtsdo.org/snomed#Structure_of_quadrate_lobe_of_liver,True,1.0
http://bioontology.org/projects/ontologies/fma/fmaOwlDlComponent_2_0#Terminal_sulcus_of_tongue,http://www.ihtsdo.org/snomed#Structure_of_sulcus_terminalis_of_tongue,False,1.0
http://bioontology.org/projects/ontologies/fma/fmaOwlDlComponent_2_0#Anterior_inferior_renal_segment,http://www.ihtsdo.org/snomed#Structure_of_anterior_inferior_renal_segment,True,1.0
http://bioontology.org/projects/ontologies/fma/fmaOwlDlComponent_2_0#Cement,http://www.ihtsdo.org/snomed#Cementum_structure,True,1.0
http://bioontology.org/projects/ontologies/fma/fmaOwlDlComponent_2_0#White_matter_of_occipital_lobe,http://www.ihtsdo.org/snomed#Structure_of_white_matter_of_occipital_lobe,True,1.0
http://bioontology.org/projects/ontologies/fma/fmaOwlDlComponent_2_0#Pancreaticoduodenal_vein,http://www.ihtsdo.org/snomed#Structure_of_pancreaticoduodenal_vein,True,1.0
http://bioontology.org/projects/ontologies/fma/fmaOwlDlComponent_2_0#Jejunal_artery,http://www.ihtsdo.org/snomed#Jejunal_structure,False,1.0
http://bioontology.org/projects/ontologies/fma/fmaOwlDlComponent_2_0#Left_third_lumbar_vein,http://www.ihtsdo.org/snomed#Structure_of_third_left_lumbar_vein,True,1.0
http://bioontology.org/projects/ontologies/fma/fmaOwlDlComponent_2_0#Ganglion_of_cranial_nerve,http://www.ihtsdo.org/snomed#Structure_of_cranial_nerve_ganglion,True,1.0
http://bioontology.org/projects/ontologies/fma/fmaOwlDlComponent_2_0#Interventricular_septum,http://www.ihtsdo.org/snomed#Interventricular_septum_structure,True,1.0
http://bioontology.org/projects/ontologies/fma/fmaOwlDlComponent_2_0#Sacrospinous_ligament,http://www.ihtsdo.org/snomed#Structure_of_sacrospinous_ligament,True,1.0
http://bioontology.org/projects/ontologies/fma/fmaOwlDlComponent_2_0#Set_of_nuclei_of_trapezoid_body,http://www.ihtsdo.org/snomed#Trapezoid_body_nucleus_structure,True,1.0
http://bioontology.org/projects/ontologies/fma/fmaOwlDlComponent_2_0#Preoccipital_notch,http://www.ihtsdo.org/snomed#Structure_of_preoccipital_notch,True,1.0
http://bioontology.org/projects/ontologies/fma/fmaOwlDlComponent_2_0#Ileocolic_artery,http://www.ihtsdo.org/snomed#Structure_of_ileocolic_artery,True,1.0
http://bioontology.org/projects/ontologies/fma/fmaOwlDlComponent_2_0#Inferior_longitudinal_fasciculus,http://www.ihtsdo.org/snomed#Structure_of_inferior_longitudinal_fasciculus,True,1.0
http://bioontology.org/projects/ontologies/fma/fmaOwlDlComponent_2_0#Set_of_renal_pyramids,http://www.ihtsdo.org/snomed#Structure_of_medulla_of_kidney,True,1.0
http://bioontology.org/projects/ontologies/fma/fmaOwlDlComponent_2_0#Radiate_carpal_ligament,http://www.ihtsdo.org/snomed#Structure_of_carpal_radiate_ligament,False,1.0
http://bioontology.org/projects/ontologies/fma/fmaOwlDlComponent_2_0#Lesser_tubercle_of_humerus,http://www.ihtsdo.org/snomed#Structure_of_lesser_tuberosity_of_humerus,True,1.0
http://bioontology.org/projects/ontologies/fma/fmaOwlDlComponent_2_0#Set_of_hepatic_lymph_nodes,http://www.ihtsdo.org/snomed#Structure_of_hepatic_lymph_node,False,1.0
http://bioontology.org/projects/ontologies/fma/fmaOwlDlComponent_2_0#Anal_valve,http://www.ihtsdo.org/snomed#Structure_of_anal_valves,True,1.0
http://bioontology.org/projects/ontologies/fma/fmaOwlDlComponent_2_0#Primary_hair,http://www.ihtsdo.org/snomed#Lanugo,False,1.0
http://bioontology.org/projects/ontologies/fma/fmaOwlDlComponent_2_0#Pharyngeal_branch_of_ascending_pharyngeal_artery,http://www.ihtsdo.org/snomed#Branch_of_ascending_pharyngeal_artery,True,1.0
http://bioontology.org/projects/ontologies/fma/fmaOwlDlComponent_2_0#Temporal_fossa,http://www.ihtsdo.org/snomed#Structure_of_temporal_fossa,True,1.0
http://bioontology.org/projects/ontologies/fma/fmaOwlDlComponent_2_0#Fibrous_membrane_of_wall_of_trachea,http://www.ihtsdo.org/snomed#Structure_of_tracheal_membranous_wall,True,1.0
http://bioontology.org/projects/ontologies/fma/fmaOwlDlComponent_2_0#Anterior_part_of_leg,http://www.ihtsdo.org/snomed#Shin_structure,True,1.0
http://bioontology.org/projects/ontologies/fma/fmaOwlDlComponent_2_0#Vesical_nerve_plexus,http://www.ihtsdo.org/snomed#Structure_of_vesical_plexus,True,1.0
http://bioontology.org/projects/ontologies/fma/fmaOwlDlComponent_2_0#Tributary_of_cavernous_sinus,http://www.ihtsdo.org/snomed#Structure_of_tributary_of_cavernous_sinus,False,1.0
http://bioontology.org/projects/ontologies/fma/fmaOwlDlComponent_2_0#Lower_pole_of_spleen,http://www.ihtsdo.org/snomed#Structure_of_anterior_extremity_of_spleen,True,1.0
http://bioontology.org/projects/ontologies/fma/fmaOwlDlComponent_2_0#Intermaxillary_suture,http://www.ihtsdo.org/snomed#Structure_of_intermaxillary_suture_of_skull,True,1.0
http://bioontology.org/projects/ontologies/fma/fmaOwlDlComponent_2_0#Intertarsal_joint,http://www.ihtsdo.org/snomed#Intertarsal_joint_structure,True,1.0
http://bioontology.org/projects/ontologies/fma/fmaOwlDlComponent_2_0#Proximal_phalanx_of_little_toe,http://www.ihtsdo.org/snomed#Structure_of_proximal_phalanx_of_little_toe,True,1.0
http://bioontology.org/projects/ontologies/fma/fmaOwlDlComponent_2_0#Skin_of_tip_of_nose,http://www.ihtsdo.org/snomed#Skin_structure_of_tip_of_nose,True,1.0
http://bioontology.org/projects/ontologies/fma/fmaOwlDlComponent_2_0#Spinous_process_of_first_thoracic_vertebra,http://www.ihtsdo.org/snomed#Structure_of_spinous_process_of_first_thoracic_vertebra,True,1.0
http://bioontology.org/projects/ontologies/fma/fmaOwlDlComponent_2_0#Infundibular_recess_of_third_ventricle,http://www.ihtsdo.org/snomed#Structure_of_infundibular_recess_of_third_ventricle,True,1.0
http://bioontology.org/projects/ontologies/fma/fmaOwlDlComponent_2_0#Inferior_duodenal_fossa,http://www.ihtsdo.org/snomed#Structure_of_inferior_duodenal_recess,True,1.0
http://bioontology.org/projects/ontologies/fma/fmaOwlDlComponent_2_0#Tuberculum_sellae,http://www.ihtsdo.org/snomed#Structure_of_tuberculum_sellae,True,1.0
http://bioontology.org/projects/ontologies/fma/fmaOwlDlComponent_2_0#Sphenoid_angle_of_parietal_bone,http://www.ihtsdo.org/snomed#Structure_of_sphenoid_angle_of_parietal_bone,True,1.0
http://bioontology.org/projects/ontologies/fma/fmaOwlDlComponent_2_0#Outer_plexiform_layer_of_retina,http://www.ihtsdo.org/snomed#Structure_of_outer_plexiform_layer_of_retina,True,1.0
http://bioontology.org/projects/ontologies/fma/fmaOwlDlComponent_2_0#Superficial_dorsal_vein_of_clitoris,http://www.ihtsdo.org/snomed#Structure_of_superficial_dorsal_veins_of_clitoris,True,1.0
http://bioontology.org/projects/ontologies/fma/fmaOwlDlComponent_2_0#Intertragic_incisure,http://www.ihtsdo.org/snomed#Intertragal_incisure_structure,True,1.0
http://bioontology.org/projects/ontologies/fma/fmaOwlDlComponent_2_0#Stylohyoid,http://www.ihtsdo.org/snomed#Nerve_to_stylohyoid,False,1.0
http://bioontology.org/projects/ontologies/fma/fmaOwlDlComponent_2_0#Set_of_sigmoid_veins,http://www.ihtsdo.org/snomed#Structure_of_sigmoid_vein,False,1.0
http://bioontology.org/projects/ontologies/fma/fmaOwlDlComponent_2_0#Hilum_of_adrenal_gland,http://www.ihtsdo.org/snomed#Structure_of_hilum_of_adrenal_gland,True,1.0
http://bioontology.org/projects/ontologies/fma/fmaOwlDlComponent_2_0#Left_superior_bronchopulmonary_segment,http://www.ihtsdo.org/snomed#Structure_of_superior_segment_of_left_lower_lobe_of_lung,True,1.0
http://bioontology.org/projects/ontologies/fma/fmaOwlDlComponent_2_0#Anterior_segmental_hepatic_artery,http://www.ihtsdo.org/snomed#Structure_of_anterior_segment_artery_of_liver,True,1.0
http://bioontology.org/projects/ontologies/fma/fmaOwlDlComponent_2_0#Intra_articular_ligament_of_sternocostal_joint,http://www.ihtsdo.org/snomed#Structure_of_intraarticular_sternocostal_ligament,True,1.0
http://bioontology.org/projects/ontologies/fma/fmaOwlDlComponent_2_0#Left_renal_vein,http://www.ihtsdo.org/snomed#Structure_of_left_renal_vein,True,1.0
http://bioontology.org/projects/ontologies/fma/fmaOwlDlComponent_2_0#Gastropancreatic_fold,http://www.ihtsdo.org/snomed#Structure_of_gastropancreatic_folds,True,1.0
http://bioontology.org/projects/ontologies/fma/fmaOwlDlComponent_2_0#Body_of_third_thoracic_vertebra,http://www.ihtsdo.org/snomed#Structure_of_body_of_third_thoracic_vertebra,True,1.0
http://bioontology.org/projects/ontologies/fma/fmaOwlDlComponent_2_0#Internal_acoustic_meatus,http://www.ihtsdo.org/snomed#Internal_auditory_meatus,True,1.0
http://bioontology.org/projects/ontologies/fma/fmaOwlDlComponent_2_0#Middle_rectal_artery,http://www.ihtsdo.org/snomed#Structure_of_middle_rectal_artery,True,1.0
http://bioontology.org/projects/ontologies/fma/fmaOwlDlComponent_2_0#Immunoglobulin_M,http://www.ihtsdo.org/snomed#Immunoglobulin_IgM,True,1.0
http://bioontology.org/projects/ontologies/fma/fmaOwlDlComponent_2_0#Subcutaneous_acromial_bursa,http://www.ihtsdo.org/snomed#Structure_of_subcutaneous_acromial_bursa,True,1.0
http://bioontology.org/projects/ontologies/fma/fmaOwlDlComponent_2_0#Set_of_pubic_hairs,http://www.ihtsdo.org/snomed#Structure_of_hair_of_pubis,True,1.0
http://bioontology.org/projects/ontologies/fma/fmaOwlDlComponent_2_0#Venous_plexus_of_hypoglossal_canal,http://www.ihtsdo.org/snomed#Structure_of_venous_plexus_of_the_hypoglossal_canal,True,1.0
http://bioontology.org/projects/ontologies/fma/fmaOwlDlComponent_2_0#Pedicle_of_fourth_cervical_vertebra,http://www.ihtsdo.org/snomed#Structure_of_pedicle_of_fourth_cervical_vertebra,True,1.0
http://bioontology.org/projects/ontologies/fma/fmaOwlDlComponent_2_0#Obturator_membrane,http://www.ihtsdo.org/snomed#Obturator_membrane_structure,True,1.0
http://bioontology.org/projects/ontologies/fma/fmaOwlDlComponent_2_0#Nucleus_pulposus_of_intervertebral_disk,http://www.ihtsdo.org/snomed#Structure_of_nucleus_pulposus_of_intervertebral_disc,True,1.0
http://bioontology.org/projects/ontologies/fma/fmaOwlDlComponent_2_0#Gingival_groove,http://www.ihtsdo.org/snomed#Structure_of_gingival_sulcus,False,1.0
http://bioontology.org/projects/ontologies/fma/fmaOwlDlComponent_2_0#Angle_of_tenth_rib,http://www.ihtsdo.org/snomed#Structure_of_angle_of_tenth_rib,False,1.0
http://bioontology.org/projects/ontologies/fma/fmaOwlDlComponent_2_0#Articularis_cubiti,http://www.ihtsdo.org/snomed#Articularis_cubiti_muscle,True,1.0
http://bioontology.org/projects/ontologies/fma/fmaOwlDlComponent_2_0#Solid,http://www.ihtsdo.org/snomed#Solid,False,1.0
http://bioontology.org/projects/ontologies/fma/fmaOwlDlComponent_2_0#Set_of_splenic_branches_of_splenic_artery,http://www.ihtsdo.org/snomed#Structure_of_splenic_branch_of_splenic_artery,True,1.0
http://bioontology.org/projects/ontologies/fma/fmaOwlDlComponent_2_0#Juxtaductal_region_of_aortic_arch,http://www.ihtsdo.org/snomed#Structure_of_juxtaductal_region_of_aortic_arch,True,1.0
http://bioontology.org/projects/ontologies/fma/fmaOwlDlComponent_2_0#Body_of_sphenoid,http://www.ihtsdo.org/snomed#Structure_of_body_of_sphenoid_bone,True,1.0
http://bioontology.org/projects/ontologies/fma/fmaOwlDlComponent_2_0#Mucosa_of_nose,http://www.ihtsdo.org/snomed#Structure_of_mucous_membrane_of_nose,True,1.0
http://bioontology.org/projects/ontologies/fma/fmaOwlDlComponent_2_0#Posterior_labial_nerve,http://www.ihtsdo.org/snomed#Structure_of_posterior_labial_nerves,True,1.0
http://bioontology.org/projects/ontologies/fma/fmaOwlDlComponent_2_0#Set_of_ovarian_branches_of_uterine_artery,http://www.ihtsdo.org/snomed#Structure_of_ovarian_branch_of_uterine_artery,True,1.0
http://bioontology.org/projects/ontologies/fma/fmaOwlDlComponent_2_0#Carpal_tunnel,http://www.ihtsdo.org/snomed#Structure_of_carpal_canal,True,1.0
http://bioontology.org/projects/ontologies/fma/fmaOwlDlComponent_2_0#Inferior_cerebellar_vein,http://www.ihtsdo.org/snomed#Structure_of_inferior_cerebellar_vein,False,1.0
http://bioontology.org/projects/ontologies/fma/fmaOwlDlComponent_2_0#Right_umbilical_vein,http://www.ihtsdo.org/snomed#Structure_of_right_umbilical_vein,True,1.0
http://bioontology.org/projects/ontologies/fma/fmaOwlDlComponent_2_0#Mediastinal_lymph_node,http://www.ihtsdo.org/snomed#Mediastinal_lymph_node_structure,True,1.0
http://bioontology.org/projects/ontologies/fma/fmaOwlDlComponent_2_0#Frontal_operculum,http://www.ihtsdo.org/snomed#Frontal_operculum_structure,True,1.0
http://bioontology.org/projects/ontologies/fma/fmaOwlDlComponent_2_0#Greater_sciatic_foramen,http://www.ihtsdo.org/snomed#Structure_of_greater_sciatic_foramen,True,1.0
http://bioontology.org/projects/ontologies/fma/fmaOwlDlComponent_2_0#Tympanic_cavity,http://www.ihtsdo.org/snomed#Tympanic_cavity_structure,True,1.0
http://bioontology.org/projects/ontologies/fma/fmaOwlDlComponent_2_0#Body_of_third_lumbar_vertebra,http://www.ihtsdo.org/snomed#Structure_of_body_of_third_lumbar_vertebra,True,1.0
http://bioontology.org/projects/ontologies/fma/fmaOwlDlComponent_2_0#Lumen_of_uterine_tube,http://www.ihtsdo.org/snomed#Structure_of_fallopian_tube_lumen,True,1.0
http://bioontology.org/projects/ontologies/fma/fmaOwlDlComponent_2_0#Bare_area_of_liver,http://www.ihtsdo.org/snomed#Structure_of_area_nuda_hepatis,True,1.0
http://bioontology.org/projects/ontologies/fma/fmaOwlDlComponent_2_0#Axillary_fossa,http://www.ihtsdo.org/snomed#Structure_of_axillary_fossa,False,1.0
http://bioontology.org/projects/ontologies/fma/fmaOwlDlComponent_2_0#Posterior_segmental_hepatic_artery,http://www.ihtsdo.org/snomed#Structure_of_posterior_segment_artery_of_liver,True,1.0
http://bioontology.org/projects/ontologies/fma/fmaOwlDlComponent_2_0#Anti_mesenteric_border_of_ileum,http://www.ihtsdo.org/snomed#Structure_of_anti_mesenteric_border_of_ileum,True,1.0
http://bioontology.org/projects/ontologies/fma/fmaOwlDlComponent_2_0#Anterior_medial_malleolar_artery,http://www.ihtsdo.org/snomed#Structure_of_medial_anterior_malleolar_artery,True,1.0
http://bioontology.org/projects/ontologies/fma/fmaOwlDlComponent_2_0#Inferior_articular_process_of_seventh_thoracic_vertebra,http://www.ihtsdo.org/snomed#Structure_of_inferior_articular_process_of_seventh_thoracic_vertebra,True,1.0
http://bioontology.org/projects/ontologies/fma/fmaOwlDlComponent_2_0#Inferior_articular_process_of_fifth_lumbar_vertebra,http://www.ihtsdo.org/snomed#Structure_of_inferior_articular_process_of_fifth_lumbar_vertebra,True,1.0
http://bioontology.org/projects/ontologies/fma/fmaOwlDlComponent_2_0#Costal_groove_of_seventh_rib,http://www.ihtsdo.org/snomed#Structure_of_costal_groove_of_seventh_rib,True,1.0
http://bioontology.org/projects/ontologies/fma/fmaOwlDlComponent_2_0#Fifth_sacral_vertebra,http://www.ihtsdo.org/snomed#Structure_of_fifth_sacral_vertebra,False,1.0
http://bioontology.org/projects/ontologies/fma/fmaOwlDlComponent_2_0#Atlanto_occipital_joint,http://www.ihtsdo.org/snomed#Atlantooccipital_joint_structure,True,1.0
http://bioontology.org/projects/ontologies/fma/fmaOwlDlComponent_2_0#Fusiform_gyrus,http://www.ihtsdo.org/snomed#Fusiform_gyrus,True,1.0
http://bioontology.org/projects/ontologies/fma/fmaOwlDlComponent_2_0#Smallest_cardiac_vein,http://www.ihtsdo.org/snomed#Structure_of_smallest_cardiac_vein,True,1.0
http://bioontology.org/projects/ontologies/fma/fmaOwlDlComponent_2_0#Visceral_fascia_of_pelvis,http://www.ihtsdo.org/snomed#Structure_of_visceral_fascia_of_pelvis,True,1.0
http://bioontology.org/projects/ontologies/fma/fmaOwlDlComponent_2_0#Anal_column,http://www.ihtsdo.org/snomed#Structure_of_anal_column,True,1.0
http://bioontology.org/projects/ontologies/fma/fmaOwlDlComponent_2_0#Deep_popliteal_lymph_node,http://www.ihtsdo.org/snomed#Structure_of_deep_popliteal_lymph_node,False,1.0
http://bioontology.org/projects/ontologies/fma/fmaOwlDlComponent_2_0#Primary_tooth,http://www.ihtsdo.org/snomed#All_deciduous_teeth,True,1.0
http://bioontology.org/projects/ontologies/fma/fmaOwlDlComponent_2_0#Left_sublingual_gland,http://www.ihtsdo.org/snomed#Structure_of_left_sublingual_gland,True,1.0
http://bioontology.org/projects/ontologies/fma/fmaOwlDlComponent_2_0#Body_of_sixth_thoracic_vertebra,http://www.ihtsdo.org/snomed#Structure_of_body_of_sixth_thoracic_vertebra,True,1.0
http://bioontology.org/projects/ontologies/fma/fmaOwlDlComponent_2_0#Set_of_atlanto_axial_joints,http://www.ihtsdo.org/snomed#Structure_of_atlantoaxial_joint,True,1.0
http://bioontology.org/projects/ontologies/fma/fmaOwlDlComponent_2_0#Cardia_of_stomach,http://www.ihtsdo.org/snomed#Cardia_structure,True,1.0
http://bioontology.org/projects/ontologies/fma/fmaOwlDlComponent_2_0#Frontal_angle_of_parietal_bone,http://www.ihtsdo.org/snomed#Structure_of_frontal_angle_of_parietal_bone,True,1.0
http://bioontology.org/projects/ontologies/fma/fmaOwlDlComponent_2_0#Lactiferous_gland,http://www.ihtsdo.org/snomed#Structure_of_lobe_of_breast,True,1.0
http://bioontology.org/projects/ontologies/fma/fmaOwlDlComponent_2_0#Right_external_carotid_artery,http://www.ihtsdo.org/snomed#Structure_of_right_external_carotid_artery,True,1.0
http://bioontology.org/projects/ontologies/fma/fmaOwlDlComponent_2_0#Inferior_pole_of_left_kidney,http://www.ihtsdo.org/snomed#Lower_pole_left_kidney,True,1.0
http://bioontology.org/projects/ontologies/fma/fmaOwlDlComponent_2_0#Ala_of_ilium,http://www.ihtsdo.org/snomed#Structure_of_ala_ossis_ilii,True,1.0
http://bioontology.org/projects/ontologies/fma/fmaOwlDlComponent_2_0#Greater_curvature_of_stomach,http://www.ihtsdo.org/snomed#Structure_of_greater_curvature_of_stomach,False,1.0
http://bioontology.org/projects/ontologies/fma/fmaOwlDlComponent_2_0#Set_of_circular_fibers_of_ciliary_muscle,http://www.ihtsdo.org/snomed#Structure_of_circular_fibers_of_ciliary_muscle,True,1.0
http://bioontology.org/projects/ontologies/fma/fmaOwlDlComponent_2_0#Distal_epiphysis_of_phalanx_of_fifth_toe,http://www.ihtsdo.org/snomed#Structure_of_head_of_phalanx_of_little_toe,True,1.0
http://bioontology.org/projects/ontologies/fma/fmaOwlDlComponent_2_0#Superior_cerebellar_vein,http://www.ihtsdo.org/snomed#Structure_of_superior_cerebellar_vein,False,1.0
http://bioontology.org/projects/ontologies/fma/fmaOwlDlComponent_2_0#Segment_of_thigh,http://www.ihtsdo.org/snomed#Femoral_region_structure,True,1.0
http://bioontology.org/projects/ontologies/fma/fmaOwlDlComponent_2_0#Skin_of_external_acoustic_tube,http://www.ihtsdo.org/snomed#Skin_of_external_auditory_meatus,True,1.0
http://bioontology.org/projects/ontologies/fma/fmaOwlDlComponent_2_0#Thoraco_acromial_vein,http://www.ihtsdo.org/snomed#Structure_of_thoracoacromial_vein,True,1.0
http://bioontology.org/projects/ontologies/fma/fmaOwlDlComponent_2_0#Intervertebral_foramen_of_seventh_thoracic_vertebra,http://www.ihtsdo.org/snomed#Structure_of_intervertebral_foramen_of_seventh_thoracic_vertebra,True,1.0
http://bioontology.org/projects/ontologies/fma/fmaOwlDlComponent_2_0#Inferior_gluteal_vein,http://www.ihtsdo.org/snomed#Structure_of_inferior_gluteal_vein,True,1.0
http://bioontology.org/projects/ontologies/fma/fmaOwlDlComponent_2_0#Posterior_surface_of_iris,http://www.ihtsdo.org/snomed#Structure_of_posterior_surface_of_iris,True,1.0
http://bioontology.org/projects/ontologies/fma/fmaOwlDlComponent_2_0#Head_of_caudate_nucleus,http://www.ihtsdo.org/snomed#Structure_of_head_of_caudate_nucleus,True,1.0
http://bioontology.org/projects/ontologies/fma/fmaOwlDlComponent_2_0#Anterior_vagal_trunk,http://www.ihtsdo.org/snomed#Anterior_vagal_trunk_structure,True,1.0
http://bioontology.org/projects/ontologies/fma/fmaOwlDlComponent_2_0#Skin_of_elbow,http://www.ihtsdo.org/snomed#Skin_structure_of_elbow,True,1.0
http://bioontology.org/projects/ontologies/fma/fmaOwlDlComponent_2_0#Myocardium_of_left_atrium,http://www.ihtsdo.org/snomed#Structure_of_myocardium_of_left_atrium,True,1.0
http://bioontology.org/projects/ontologies/fma/fmaOwlDlComponent_2_0#Deoxyribonucleic_acid,http://www.ihtsdo.org/snomed#Deoxyribonucleic_acid,True,1.0
http://bioontology.org/projects/ontologies/fma/fmaOwlDlComponent_2_0#Lateral_costal_branch_of_internal_thoracic_artery,http://www.ihtsdo.org/snomed#Structure_of_lateral_costal_branch_of_internal_thoracic_artery,True,1.0
http://bioontology.org/projects/ontologies/fma/fmaOwlDlComponent_2_0#Lateral_lumbar_region_of_abdomen,http://www.ihtsdo.org/snomed#Flank_structure,True,1.0
http://bioontology.org/projects/ontologies/fma/fmaOwlDlComponent_2_0#Anterior_ligament_of_pinna,http://www.ihtsdo.org/snomed#Structure_of_anterior_auricular_ligament,True,1.0
http://bioontology.org/projects/ontologies/fma/fmaOwlDlComponent_2_0#Body_of_talus,http://www.ihtsdo.org/snomed#Structure_of_body_of_talus,False,1.0
http://bioontology.org/projects/ontologies/fma/fmaOwlDlComponent_2_0#Set_of_pyloric_lymph_nodes,http://www.ihtsdo.org/snomed#Structure_of_pyloric_lymph_node,False,1.0
http://bioontology.org/projects/ontologies/fma/fmaOwlDlComponent_2_0#Left_posterior_basal_bronchopulmonary_segment,http://www.ihtsdo.org/snomed#Structure_of_posterior_basal_segment_of_left_lower_lobe_of_lung,True,1.0
http://bioontology.org/projects/ontologies/fma/fmaOwlDlComponent_2_0#Articular_part_of_tubercle_of_fifth_rib,http://www.ihtsdo.org/snomed#Structure_of_articular_part_of_tubercle_of_fifth_rib,True,1.0
http://bioontology.org/projects/ontologies/fma/fmaOwlDlComponent_2_0#Set_of_lingual_papillae,http://www.ihtsdo.org/snomed#Structure_of_lingual_papillae,False,1.0
http://bioontology.org/projects/ontologies/fma/fmaOwlDlComponent_2_0#Basal_part_of_pons,http://www.ihtsdo.org/snomed#Structure_of_pars_basalis_of_pons,True,1.0
http://bioontology.org/projects/ontologies/fma/fmaOwlDlComponent_2_0#Cardiac_septum,http://www.ihtsdo.org/snomed#Cardiac_septum_structure,True,1.0
http://bioontology.org/projects/ontologies/fma/fmaOwlDlComponent_2_0#Proximal_interphalangeal_joint_of_little_toe,http://www.ihtsdo.org/snomed#Proximal_interphalangeal_joint_structure_of_fifth_toe,True,1.0
http://bioontology.org/projects/ontologies/fma/fmaOwlDlComponent_2_0#Histamine,http://www.ihtsdo.org/snomed#Histamine,True,1.0
http://bioontology.org/projects/ontologies/fma/fmaOwlDlComponent_2_0#Soft_palate,http://www.ihtsdo.org/snomed#Soft_palate_structure,True,1.0
http://bioontology.org/projects/ontologies/fma/fmaOwlDlComponent_2_0#Posterior_ligament_of_pinna,http://www.ihtsdo.org/snomed#Structure_of_posterior_auricular_ligament,True,1.0
http://bioontology.org/projects/ontologies/fma/fmaOwlDlComponent_2_0#Sacral_promontory,http://www.ihtsdo.org/snomed#Structure_of_sacral_promontory,True,1.0
http://bioontology.org/projects/ontologies/fma/fmaOwlDlComponent_2_0#Sacral_ganglion,http://www.ihtsdo.org/snomed#Structure_of_sacral_ganglia,True,1.0
http://bioontology.org/projects/ontologies/fma/fmaOwlDlComponent_2_0#Habenulo_interpeduncular_tract,http://www.ihtsdo.org/snomed#Structure_of_habenulopeduncular_tract,True,1.0
http://bioontology.org/projects/ontologies/fma/fmaOwlDlComponent_2_0#Intervertebral_foramen_of_fifth_thoracic_vertebra,http://www.ihtsdo.org/snomed#Structure_of_intervertebral_foramen_of_fifth_thoracic_vertebra,True,1.0
http://bioontology.org/projects/ontologies/fma/fmaOwlDlComponent_2_0#Left_foot,http://www.ihtsdo.org/snomed#Structure_of_left_foot,False,1.0
http://bioontology.org/projects/ontologies/fma/fmaOwlDlComponent_2_0#Umbilical_artery,http://www.ihtsdo.org/snomed#Structure_of_umbilical_artery,False,1.0
http://bioontology.org/projects/ontologies/fma/fmaOwlDlComponent_2_0#Suprapatellar_bursa,http://www.ihtsdo.org/snomed#Structure_of_suprapatellar_bursa,True,1.0
http://bioontology.org/projects/ontologies/fma/fmaOwlDlComponent_2_0#Nucleus_pulposus_of_intervertebral_disk_of_fourth_thoracic_vertebra,http://www.ihtsdo.org/snomed#Structure_of_nucleus_pulposus_of_intervertebral_disc_of_fourth_thoracic_vertebra,True,1.0
http://bioontology.org/projects/ontologies/fma/fmaOwlDlComponent_2_0#Proximal_radio_ulnar_joint,http://www.ihtsdo.org/snomed#Proximal_radioulnar_joint_structure,True,1.0
http://bioontology.org/projects/ontologies/fma/fmaOwlDlComponent_2_0#Ostium_of_coronary_sinus,http://www.ihtsdo.org/snomed#Structure_of_coronary_sinus_ostium,True,1.0
http://bioontology.org/projects/ontologies/fma/fmaOwlDlComponent_2_0#Left_posterior_basal_segmental_bronchus,http://www.ihtsdo.org/snomed#Structure_of_left_lower_lobe_posterior_segmental_bronchus,True,1.0
http://bioontology.org/projects/ontologies/fma/fmaOwlDlComponent_2_0#Third_metacarpal_facet_of_capitate,http://www.ihtsdo.org/snomed#Structure_of_articular_surface_capitate_of_third_metacarpal_bone,True,1.0
http://bioontology.org/projects/ontologies/fma/fmaOwlDlComponent_2_0#Body_of_eleventh_rib,http://www.ihtsdo.org/snomed#Structure_of_shaft_of_eleventh_rib,True,1.0
http://bioontology.org/projects/ontologies/fma/fmaOwlDlComponent_2_0#Set_of_cerebellar_peduncles,http://www.ihtsdo.org/snomed#Cerebellar_peduncle_structure,True,1.0
http://bioontology.org/projects/ontologies/fma/fmaOwlDlComponent_2_0#Superior_articular_facet_of_atlas,http://www.ihtsdo.org/snomed#Structure_of_superior_articular_facet_of_atlas,True,1.0
http://bioontology.org/projects/ontologies/fma/fmaOwlDlComponent_2_0#Middle_suprarenal_artery,http://www.ihtsdo.org/snomed#Structure_of_middle_suprarenal_artery,True,1.0
http://bioontology.org/projects/ontologies/fma/fmaOwlDlComponent_2_0#Cardiac_notch_of_stomach,http://www.ihtsdo.org/snomed#Structure_of_cardiac_incisure_of_stomach,True,1.0
http://bioontology.org/projects/ontologies/fma/fmaOwlDlComponent_2_0#Neurohypophysis,http://www.ihtsdo.org/snomed#Neurohypophysis_structure,True,1.0
http://bioontology.org/projects/ontologies/fma/fmaOwlDlComponent_2_0#Endothoracic_fascia,http://www.ihtsdo.org/snomed#Endothoracic_fascia_structure,True,1.0
http://bioontology.org/projects/ontologies/fma/fmaOwlDlComponent_2_0#Set_of_ciliary_veins,http://www.ihtsdo.org/snomed#Structure_of_ciliary_vein,False,1.0
http://bioontology.org/projects/ontologies/fma/fmaOwlDlComponent_2_0#External_anal_sphincter,http://www.ihtsdo.org/snomed#External_anal_sphincter_structure,True,1.0
http://bioontology.org/projects/ontologies/fma/fmaOwlDlComponent_2_0#Right_wrist,http://www.ihtsdo.org/snomed#Structure_of_right_wrist,True,1.0
http://bioontology.org/projects/ontologies/fma/fmaOwlDlComponent_2_0#White_matter_of_spinal_cord,http://www.ihtsdo.org/snomed#Spinal_cord_white_matter_structure,True,1.0
http://bioontology.org/projects/ontologies/fma/fmaOwlDlComponent_2_0#Set_of_facial_lymph_nodes,http://www.ihtsdo.org/snomed#Structure_of_facial_lymph_node,True,1.0
http://bioontology.org/projects/ontologies/fma/fmaOwlDlComponent_2_0#Esophageal_branch_of_inferior_thyroid_artery,http://www.ihtsdo.org/snomed#Structure_of_esophageal_branch_of_inferior_thyroid_artery,True,1.0
http://bioontology.org/projects/ontologies/fma/fmaOwlDlComponent_2_0#Set_of_sternal_branches_of_internal_thoracic_artery,http://www.ihtsdo.org/snomed#Structure_of_sternal_branch_of_internal_thoracic_artery,False,1.0
http://bioontology.org/projects/ontologies/fma/fmaOwlDlComponent_2_0#White_matter_of_temporal_lobe,http://www.ihtsdo.org/snomed#Structure_of_white_matter_of_temporal_lobe,True,1.0
http://bioontology.org/projects/ontologies/fma/fmaOwlDlComponent_2_0#Fibrous_capsule_of_thyroid_gland,http://www.ihtsdo.org/snomed#Structure_of_thyroid_capsule,True,1.0
http://bioontology.org/projects/ontologies/fma/fmaOwlDlComponent_2_0#Cavity_of_concha_of_pinna,http://www.ihtsdo.org/snomed#Structure_of_cavity_of_concha,True,1.0
http://bioontology.org/projects/ontologies/fma/fmaOwlDlComponent_2_0#Lateral_surface_of_second_toe,http://www.ihtsdo.org/snomed#Structure_of_lateral_surface_of_second_toe,True,1.0
http://bioontology.org/projects/ontologies/fma/fmaOwlDlComponent_2_0#Set_of_plantar_ligaments_of_interphalangeal_joints_of_foot,http://www.ihtsdo.org/snomed#Structure_of_plantar_ligaments_of_interphalangeal_joints_of_foot,True,1.0
http://bioontology.org/projects/ontologies/fma/fmaOwlDlComponent_2_0#Lateral_sulcus,http://www.ihtsdo.org/snomed#Structure_of_fissure_of_Sylvius,True,1.0
http://bioontology.org/projects/ontologies/fma/fmaOwlDlComponent_2_0#Spinous_process_of_lumbar_vertebra,http://www.ihtsdo.org/snomed#Structure_of_spinous_process_of_lumbar_vertebra,False,1.0
http://bioontology.org/projects/ontologies/fma/fmaOwlDlComponent_2_0#Ileocolic_vein,http://www.ihtsdo.org/snomed#Structure_of_ileocolic_vein,True,1.0
http://bioontology.org/projects/ontologies/fma/fmaOwlDlComponent_2_0#Bursa_of_tendo_calcaneus,http://www.ihtsdo.org/snomed#Structure_of_calcaneal_tendon_bursa,True,1.0
http://bioontology.org/projects/ontologies/fma/fmaOwlDlComponent_2_0#Visceral_pleura,http://www.ihtsdo.org/snomed#Visceral_pleura_structure,True,1.0
http://bioontology.org/projects/ontologies/fma/fmaOwlDlComponent_2_0#Viscus,http://www.ihtsdo.org/snomed#Structure_of_viscus,False,1.0
http://bioontology.org/projects/ontologies/fma/fmaOwlDlComponent_2_0#Supra_orbital_notch,http://www.ihtsdo.org/snomed#Structure_of_supraorbital_notch,True,1.0
http://bioontology.org/projects/ontologies/fma/fmaOwlDlComponent_2_0#Lumbosacral_nerve_plexus,http://www.ihtsdo.org/snomed#Lumbosacral_plexus_structure,True,1.0
http://bioontology.org/projects/ontologies/fma/fmaOwlDlComponent_2_0#Inferior_mesenteric_vein,http://www.ihtsdo.org/snomed#Structure_of_inferior_mesenteric_vein,True,1.0
http://bioontology.org/projects/ontologies/fma/fmaOwlDlComponent_2_0#Occipitotemporal_sulcus,http://www.ihtsdo.org/snomed#Structure_of_inferior_temporal_sulcus,True,1.0
http://bioontology.org/projects/ontologies/fma/fmaOwlDlComponent_2_0#Communicating_branch_of_radial_nerve_with_ulnar_nerve,http://www.ihtsdo.org/snomed#Structure_of_radial_nerve_communicating_branch_with_ulnar_nerve,True,1.0
http://bioontology.org/projects/ontologies/fma/fmaOwlDlComponent_2_0#Lumen_of_urethra,http://www.ihtsdo.org/snomed#Structure_of_urethral_lumen,True,1.0
http://bioontology.org/projects/ontologies/fma/fmaOwlDlComponent_2_0#Intestinal_gland,http://www.ihtsdo.org/snomed#Structure_of_intestinal_gland,True,1.0
http://bioontology.org/projects/ontologies/fma/fmaOwlDlComponent_2_0#Duct_of_epididymis,http://www.ihtsdo.org/snomed#Epididymal_duct_structure,True,1.0
http://bioontology.org/projects/ontologies/fma/fmaOwlDlComponent_2_0#Iliac_fossa,http://www.ihtsdo.org/snomed#Structure_of_iliac_fossa,True,1.0
http://bioontology.org/projects/ontologies/fma/fmaOwlDlComponent_2_0#Pudendal_cleft,http://www.ihtsdo.org/snomed#Structure_of_pudendal_cleft,False,1.0
http://bioontology.org/projects/ontologies/fma/fmaOwlDlComponent_2_0#Puboprostatic_ligament,http://www.ihtsdo.org/snomed#Puboprostatic_ligament_structure,True,1.0
http://bioontology.org/projects/ontologies/fma/fmaOwlDlComponent_2_0#Nail_of_ring_finger,http://www.ihtsdo.org/snomed#Structure_of_nail_of_ring_finger,True,1.0
http://bioontology.org/projects/ontologies/fma/fmaOwlDlComponent_2_0#Tributary_of_ulnar_vein,http://www.ihtsdo.org/snomed#Structure_of_tributary_of_ulnar_vein,True,1.0
http://bioontology.org/projects/ontologies/fma/fmaOwlDlComponent_2_0#Deep_circumflex_iliac_artery,http://www.ihtsdo.org/snomed#Structure_of_deep_circumflex_iliac_artery,True,1.0
http://bioontology.org/projects/ontologies/fma/fmaOwlDlComponent_2_0#Right_superior_bronchopulmonary_segment,http://www.ihtsdo.org/snomed#Structure_of_apical_segment_of_right_lower_lobe_of_lung,True,1.0
http://bioontology.org/projects/ontologies/fma/fmaOwlDlComponent_2_0#Lobe_of_cerebellum,http://www.ihtsdo.org/snomed#Cerebellar_lobe_structure,True,1.0
http://bioontology.org/projects/ontologies/fma/fmaOwlDlComponent_2_0#Tributary_of_splenic_vein,http://www.ihtsdo.org/snomed#Structure_of_tributary_of_splenic_vein,True,1.0
http://bioontology.org/projects/ontologies/fma/fmaOwlDlComponent_2_0#Medial_crus_of_superficial_inguinal_ring,http://www.ihtsdo.org/snomed#Structure_of_medial_crus_of_superficial_inguinal_ring,True,1.0
http://bioontology.org/projects/ontologies/fma/fmaOwlDlComponent_2_0#Ischiofemoral_ligament,http://www.ihtsdo.org/snomed#Structure_of_ischiofemoral_ligament,False,1.0
http://bioontology.org/projects/ontologies/fma/fmaOwlDlComponent_2_0#Pubic_hair,http://www.ihtsdo.org/snomed#Structure_of_hair_of_pubis,True,1.0
http://bioontology.org/projects/ontologies/fma/fmaOwlDlComponent_2_0#Set_of_musculophrenic_veins,http://www.ihtsdo.org/snomed#Structure_of_musculophrenic_vein,False,1.0
http://bioontology.org/projects/ontologies/fma/fmaOwlDlComponent_2_0#Posterior_surface_of_manubrium,http://www.ihtsdo.org/snomed#Structure_of_posterior_surface_of_manubrium,True,1.0
http://bioontology.org/projects/ontologies/fma/fmaOwlDlComponent_2_0#Zygote,http://www.ihtsdo.org/snomed#Structure_of_zygote,False,1.0
http://bioontology.org/projects/ontologies/fma/fmaOwlDlComponent_2_0#Submental_vein,http://www.ihtsdo.org/snomed#Structure_of_submental_vein,True,1.0
http://bioontology.org/projects/ontologies/fma/fmaOwlDlComponent_2_0#Neck_of_sixth_rib,http://www.ihtsdo.org/snomed#Head_of_sixth_rib_structure,False,1.0
http://bioontology.org/projects/ontologies/fma/fmaOwlDlComponent_2_0#Proximal_phalanx_of_fourth_toe,http://www.ihtsdo.org/snomed#Structure_of_proximal_phalanx_of_fourth_toe,True,1.0
http://bioontology.org/projects/ontologies/fma/fmaOwlDlComponent_2_0#Spinotectal_tract_of_spinal_cord,http://www.ihtsdo.org/snomed#Structure_of_spinotectal_tract,True,1.0
http://bioontology.org/projects/ontologies/fma/fmaOwlDlComponent_2_0#Muscle_layer_of_anal_canal_viewed_anatomically,http://www.ihtsdo.org/snomed#Structure_of_muscularis_propria_of_anal_canal,True,1.0
http://bioontology.org/projects/ontologies/fma/fmaOwlDlComponent_2_0#Collateral_sulcus,http://www.ihtsdo.org/snomed#Structure_of_collateral_sulcus,True,1.0
http://bioontology.org/projects/ontologies/fma/fmaOwlDlComponent_2_0#Decidua_basalis,http://www.ihtsdo.org/snomed#Decidua_basalis_structure,True,1.0
http://bioontology.org/projects/ontologies/fma/fmaOwlDlComponent_2_0#Posterior_rectus_sheath,http://www.ihtsdo.org/snomed#Posterior_rectus_sheath,True,1.0
http://bioontology.org/projects/ontologies/fma/fmaOwlDlComponent_2_0#Genu_of_corpus_callosum,http://www.ihtsdo.org/snomed#Structure_of_genu_of_corpus_callosum,True,1.0
http://bioontology.org/projects/ontologies/fma/fmaOwlDlComponent_2_0#Transverse_fold_of_rectum,http://www.ihtsdo.org/snomed#Structure_of_transverse_fold_of_rectum,True,1.0
http://bioontology.org/projects/ontologies/fma/fmaOwlDlComponent_2_0#Set_of_branches_of_cervical_nerve_plexus,http://www.ihtsdo.org/snomed#Branch_of_cervical_plexus,True,1.0
http://bioontology.org/projects/ontologies/fma/fmaOwlDlComponent_2_0#Inferior_phrenic_vein,http://www.ihtsdo.org/snomed#Structure_of_inferior_phrenic_vein,True,1.0
http://bioontology.org/projects/ontologies/fma/fmaOwlDlComponent_2_0#Paracentral_lobule,http://www.ihtsdo.org/snomed#Structure_of_paracentral_lobule,True,1.0
http://bioontology.org/projects/ontologies/fma/fmaOwlDlComponent_2_0#Set_of_ligaments_of_auricle,http://www.ihtsdo.org/snomed#Structure_of_ligament_of_auricle,False,1.0
http://bioontology.org/projects/ontologies/fma/fmaOwlDlComponent_2_0#Anulus_fibrosus_of_intervertebral_disk_of_fifth_thoracic_vertebra,http://www.ihtsdo.org/snomed#Structure_of_anulus_fibrosus_of_intervertebral_disc_of_fifth_thoracic_vertebra,True,1.0
http://bioontology.org/projects/ontologies/fma/fmaOwlDlComponent_2_0#Set_of_carpometacarpal_joints,http://www.ihtsdo.org/snomed#Carpometacarpal_joint_structure,True,1.0
http://bioontology.org/projects/ontologies/fma/fmaOwlDlComponent_2_0#Bone_of_capitate,http://www.ihtsdo.org/snomed#Structure_of_capitate_bone,True,1.0
http://bioontology.org/projects/ontologies/fma/fmaOwlDlComponent_2_0#Optic_part_of_retina,http://www.ihtsdo.org/snomed#Structure_of_optic_portion_of_retina,True,1.0
http://bioontology.org/projects/ontologies/fma/fmaOwlDlComponent_2_0#Head_of_sixth_rib,http://www.ihtsdo.org/snomed#Head_of_sixth_rib_structure,True,1.0
http://bioontology.org/projects/ontologies/fma/fmaOwlDlComponent_2_0#Testicular_vein,http://www.ihtsdo.org/snomed#Structure_of_testicular_vein,True,1.0
http://bioontology.org/projects/ontologies/fma/fmaOwlDlComponent_2_0#Gastrophrenic_ligament,http://www.ihtsdo.org/snomed#Structure_of_gastrophrenic_ligament,True,1.0
http://bioontology.org/projects/ontologies/fma/fmaOwlDlComponent_2_0#Right_coronary_nerve_plexus,http://www.ihtsdo.org/snomed#Right_coronary_plexus,True,1.0
http://bioontology.org/projects/ontologies/fma/fmaOwlDlComponent_2_0#Malleolar_stria,http://www.ihtsdo.org/snomed#Structure_of_stria_mallearis,False,1.0
http://bioontology.org/projects/ontologies/fma/fmaOwlDlComponent_2_0#Anterior_limb_of_stapes,http://www.ihtsdo.org/snomed#Structure_of_anterior_limb_of_stapes,True,1.0
http://bioontology.org/projects/ontologies/fma/fmaOwlDlComponent_2_0#Posterior_crico_arytenoid_ligament,http://www.ihtsdo.org/snomed#Structure_of_posterior_cricoarytenoid_ligament,True,1.0
http://bioontology.org/projects/ontologies/fma/fmaOwlDlComponent_2_0#Tarsal_gland,http://www.ihtsdo.org/snomed#Structure_of_meibomian_gland,True,1.0
http://bioontology.org/projects/ontologies/fma/fmaOwlDlComponent_2_0#N_acetylneuraminic_acid,http://www.ihtsdo.org/snomed#n_Acetyl_neuraminic_acid,True,1.0
http://bioontology.org/projects/ontologies/fma/fmaOwlDlComponent_2_0#Left_gastric_vein,http://www.ihtsdo.org/snomed#Structure_of_left_gastric_vein,True,1.0
http://bioontology.org/projects/ontologies/fma/fmaOwlDlComponent_2_0#Anterior_surface_of_kidney,http://www.ihtsdo.org/snomed#Structure_of_anterior_surface_of_kidney,True,1.0
http://bioontology.org/projects/ontologies/fma/fmaOwlDlComponent_2_0#Anatomical_entity_template,http://www.ihtsdo.org/snomed#Physical_anatomical_entity,False,1.0
http://bioontology.org/projects/ontologies/fma/fmaOwlDlComponent_2_0#Esophageal_artery,http://www.ihtsdo.org/snomed#Structure_of_esophageal_artery,True,1.0
http://bioontology.org/projects/ontologies/fma/fmaOwlDlComponent_2_0#Superior_articular_process_of_fourth_lumbar_vertebra,http://www.ihtsdo.org/snomed#Structure_of_superior_articular_process_of_fourth_lumbar_vertebra,True,1.0
http://bioontology.org/projects/ontologies/fma/fmaOwlDlComponent_2_0#Ulnar_collateral_ligament_of_elbow,http://www.ihtsdo.org/snomed#Structure_of_collateral_ulnar_ligament_of_elbow,True,1.0
http://bioontology.org/projects/ontologies/fma/fmaOwlDlComponent_2_0#Posterior_lobe_of_cerebellum,http://www.ihtsdo.org/snomed#Posterior_cerebellar_lobe_structure,True,1.0
http://bioontology.org/projects/ontologies/fma/fmaOwlDlComponent_2_0#Big_toe,http://www.ihtsdo.org/snomed#Great_toe_structure,True,1.0
http://bioontology.org/projects/ontologies/fma/fmaOwlDlComponent_2_0#Thymosin,http://www.ihtsdo.org/snomed#Thymosin,False,1.0
http://bioontology.org/projects/ontologies/fma/fmaOwlDlComponent_2_0#Intervertebral_foramen_of_third_lumbar_vertebra,http://www.ihtsdo.org/snomed#Structure_of_intervertebral_foramen_of_third_lumbar_vertebra,True,1.0
http://bioontology.org/projects/ontologies/fma/fmaOwlDlComponent_2_0#Cingulate_gyrus,http://www.ihtsdo.org/snomed#Structure_of_cingulate_gyrus,True,1.0
http://bioontology.org/projects/ontologies/fma/fmaOwlDlComponent_2_0#Lentiform_nucleus,http://www.ihtsdo.org/snomed#Lentiform_nucleus_structure,True,1.0
http://bioontology.org/projects/ontologies/fma/fmaOwlDlComponent_2_0#Longitudinal_fold_of_duodenum,http://www.ihtsdo.org/snomed#Structure_of_plica_longitudinalis_of_duodenum,True,1.0
http://bioontology.org/projects/ontologies/fma/fmaOwlDlComponent_2_0#Skin_of_back,http://www.ihtsdo.org/snomed#Skin_structure_of_back,True,1.0
http://bioontology.org/projects/ontologies/fma/fmaOwlDlComponent_2_0#Ligamentum_flavum,http://www.ihtsdo.org/snomed#Structure_of_ligamentum_flavum,False,1.0
http://bioontology.org/projects/ontologies/fma/fmaOwlDlComponent_2_0#Hair_shaft,http://www.ihtsdo.org/snomed#Hair_shaft_structure,True,1.0
http://bioontology.org/projects/ontologies/fma/fmaOwlDlComponent_2_0#Superficial_external_pudendal_artery,http://www.ihtsdo.org/snomed#Structure_of_superficial_external_pudendal_artery,False,1.0
http://bioontology.org/projects/ontologies/fma/fmaOwlDlComponent_2_0#Upper_gastrointestinal_tract,http://www.ihtsdo.org/snomed#Upper_gastrointestinal_tract_structure,True,1.0
http://bioontology.org/projects/ontologies/fma/fmaOwlDlComponent_2_0#Callosomarginal_artery,http://www.ihtsdo.org/snomed#Structure_of_callosomarginal_branch_of_anterior_cerebral_artery,True,1.0
http://bioontology.org/projects/ontologies/fma/fmaOwlDlComponent_2_0#Anterior_talar_articular_surface,http://www.ihtsdo.org/snomed#Structure_of_anterior_articular_surface_for_talus,True,1.0
http://bioontology.org/projects/ontologies/fma/fmaOwlDlComponent_2_0#Thigh,http://www.ihtsdo.org/snomed#Both_thighs,False,1.0
http://bioontology.org/projects/ontologies/fma/fmaOwlDlComponent_2_0#Superior_articular_process_of_fourth_cervical_vertebra,http://www.ihtsdo.org/snomed#Structure_of_superior_articular_process_of_fourth_cervical_vertebra,True,1.0
http://bioontology.org/projects/ontologies/fma/fmaOwlDlComponent_2_0#Anterior_nucleus_of_hypothalamus,http://www.ihtsdo.org/snomed#Structure_of_anterior_hypothalamic_nucleus,True,1.0
http://bioontology.org/projects/ontologies/fma/fmaOwlDlComponent_2_0#Superficial_fascia,http://www.ihtsdo.org/snomed#Subcutaneous_tissue_structure,True,1.0
http://bioontology.org/projects/ontologies/fma/fmaOwlDlComponent_2_0#Vortex_of_heart,http://www.ihtsdo.org/snomed#Structure_of_vortex_of_the_heart,True,1.0
http://bioontology.org/projects/ontologies/fma/fmaOwlDlComponent_2_0#Set_of_branches_of_brachial_nerve_plexus,http://www.ihtsdo.org/snomed#Branch_of_root_of_brachial_plexus,False,1.0
http://bioontology.org/projects/ontologies/fma/fmaOwlDlComponent_2_0#Ligament_of_sacrococcygeal_joint,http://www.ihtsdo.org/snomed#Structure_of_ligament_of_sacrococcygeal_joint,True,1.0
http://bioontology.org/projects/ontologies/fma/fmaOwlDlComponent_2_0#Lateral_cutaneous_branch_of_second_intercostal_nerve,http://www.ihtsdo.org/snomed#Structure_of_intercostobrachial_nerve,True,1.0
http://bioontology.org/projects/ontologies/fma/fmaOwlDlComponent_2_0#Set_of_major_renal_calyces,http://www.ihtsdo.org/snomed#Structure_of_major_calyx,True,1.0
http://bioontology.org/projects/ontologies/fma/fmaOwlDlComponent_2_0#Segment_of_hand,http://www.ihtsdo.org/snomed#Region_of_hand,True,1.0
http://bioontology.org/projects/ontologies/fma/fmaOwlDlComponent_2_0#Anterior_sternoclavicular_ligament,http://www.ihtsdo.org/snomed#Structure_of_anterior_sternoclavicular_ligament,True,1.0
http://bioontology.org/projects/ontologies/fma/fmaOwlDlComponent_2_0#Lateral_tarsal_artery,http://www.ihtsdo.org/snomed#Structure_of_lateral_tarsal_artery,False,1.0
http://bioontology.org/projects/ontologies/fma/fmaOwlDlComponent_2_0#Autonomic_nerve_plexus,http://www.ihtsdo.org/snomed#Autonomic_plexus_structure,True,1.0
http://bioontology.org/projects/ontologies/fma/fmaOwlDlComponent_2_0#Scaphoid_fossa,http://www.ihtsdo.org/snomed#Scaphoid_fossa_structure,False,1.0
http://bioontology.org/projects/ontologies/fma/fmaOwlDlComponent_2_0#Posterior_quadrangular_lobule,http://www.ihtsdo.org/snomed#Structure_of_posterior_semilunar_lobule,True,1.0
http://bioontology.org/projects/ontologies/fma/fmaOwlDlComponent_2_0#Neck_of_mandible,http://www.ihtsdo.org/snomed#Structure_of_neck_of_mandible,True,1.0
http://bioontology.org/projects/ontologies/fma/fmaOwlDlComponent_2_0#Skin_of_foot,http://www.ihtsdo.org/snomed#Skin_structure_of_foot,True,1.0
http://bioontology.org/projects/ontologies/fma/fmaOwlDlComponent_2_0#Set_of_anterior_cervical_lymph_nodes,http://www.ihtsdo.org/snomed#Structure_of_anterior_cervical_lymph_node,False,1.0
http://bioontology.org/projects/ontologies/fma/fmaOwlDlComponent_2_0#Lateral_common_iliac_lymph_node,http://www.ihtsdo.org/snomed#Structure_of_lateral_common_iliac_lymph_node,True,1.0
http://bioontology.org/projects/ontologies/fma/fmaOwlDlComponent_2_0#Superior_tracheobronchial_lymph_node,http://www.ihtsdo.org/snomed#Structure_of_superior_tracheobronchial_lymph_node,True,1.0
http://bioontology.org/projects/ontologies/fma/fmaOwlDlComponent_2_0#Skin_of_hip,http://www.ihtsdo.org/snomed#Skin_structure_of_hip,True,1.0
http://bioontology.org/projects/ontologies/fma/fmaOwlDlComponent_2_0#Lesser_supraclavicular_fossa,http://www.ihtsdo.org/snomed#Structure_of_lesser_supraclavicular_fossa,True,1.0
http://bioontology.org/projects/ontologies/fma/fmaOwlDlComponent_2_0#Second_sacral_vertebra,http://www.ihtsdo.org/snomed#Structure_of_second_sacral_vertebra,True,1.0
http://bioontology.org/projects/ontologies/fma/fmaOwlDlComponent_2_0#Bifurcation_of_trachea,http://www.ihtsdo.org/snomed#Tracheal_bifurcation_structure,True,1.0
http://bioontology.org/projects/ontologies/fma/fmaOwlDlComponent_2_0#Ovarian_vein,http://www.ihtsdo.org/snomed#Structure_of_ovarian_vein,True,1.0
http://bioontology.org/projects/ontologies/fma/fmaOwlDlComponent_2_0#Lingual_gyrus,http://www.ihtsdo.org/snomed#Structure_of_lingual_gyrus,True,1.0
http://bioontology.org/projects/ontologies/fma/fmaOwlDlComponent_2_0#Ligament_of_hip_joint,http://www.ihtsdo.org/snomed#Structure_of_ligament_of_hip_joint,True,1.0
http://bioontology.org/projects/ontologies/fma/fmaOwlDlComponent_2_0#Sympathetic_ganglion,http://www.ihtsdo.org/snomed#Sympathetic_ganglion_structure,True,1.0
http://bioontology.org/projects/ontologies/fma/fmaOwlDlComponent_2_0#Sixth_cervical_vertebral_arch,http://www.ihtsdo.org/snomed#Structure_of_arch_of_sixth_cervical_vertebra,True,1.0
http://bioontology.org/projects/ontologies/fma/fmaOwlDlComponent_2_0#Superior_pole_of_kidney,http://www.ihtsdo.org/snomed#Structure_of_superior_pole_of_kidney,True,1.0
http://bioontology.org/projects/ontologies/fma/fmaOwlDlComponent_2_0#Set_of_cuneometatarsal_interosseous_ligaments,http://www.ihtsdo.org/snomed#Structure_of_interosseous_cuneometatarsal_ligaments,True,1.0
http://bioontology.org/projects/ontologies/fma/fmaOwlDlComponent_2_0#Sphenoidal_sinus,http://www.ihtsdo.org/snomed#Sphenoid_sinus_structure,True,1.0
http://bioontology.org/projects/ontologies/fma/fmaOwlDlComponent_2_0#Occipital_artery,http://www.ihtsdo.org/snomed#Structure_of_occipital_artery,True,1.0
http://bioontology.org/projects/ontologies/fma/fmaOwlDlComponent_2_0#Pancreatic_notch,http://www.ihtsdo.org/snomed#Structure_of_pancreatic_incisura,True,1.0
http://bioontology.org/projects/ontologies/fma/fmaOwlDlComponent_2_0#Superciliary_arch,http://www.ihtsdo.org/snomed#Structure_of_superciliary_arch,True,1.0
http://bioontology.org/projects/ontologies/fma/fmaOwlDlComponent_2_0#Lower_uterine_segment,http://www.ihtsdo.org/snomed#Isthmus_uteri_structure,True,1.0
http://bioontology.org/projects/ontologies/fma/fmaOwlDlComponent_2_0#Proximal_epiphysis_of_phalanx_of_ring_finger,http://www.ihtsdo.org/snomed#Structure_of_base_of_phalanx_of_ring_finger,True,1.0
http://bioontology.org/projects/ontologies/fma/fmaOwlDlComponent_2_0#Lumbar_nerve_plexus,http://www.ihtsdo.org/snomed#Lumbar_plexus_structure,True,1.0
http://bioontology.org/projects/ontologies/fma/fmaOwlDlComponent_2_0#Proximal_convoluted_tubule,http://www.ihtsdo.org/snomed#Proximal_convoluted_renal_tubule_structure,True,1.0
http://bioontology.org/projects/ontologies/fma/fmaOwlDlComponent_2_0#Lateral_vestibular_nucleus,http://www.ihtsdo.org/snomed#Structure_of_lateral_vestibular_nucleus,True,1.0
http://bioontology.org/projects/ontologies/fma/fmaOwlDlComponent_2_0#Anterior_parietal_artery,http://www.ihtsdo.org/snomed#Structure_of_anterior_parietal_artery,True,1.0
http://bioontology.org/projects/ontologies/fma/fmaOwlDlComponent_2_0#Mucosa_of_rectum,http://www.ihtsdo.org/snomed#Rectal_mucous_membrane_structure,True,1.0
http://bioontology.org/projects/ontologies/fma/fmaOwlDlComponent_2_0#Renal_sinus,http://www.ihtsdo.org/snomed#Renal_sinus_structure,True,1.0
http://bioontology.org/projects/ontologies/fma/fmaOwlDlComponent_2_0#Atrioventricular_canal,http://www.ihtsdo.org/snomed#Structure_of_atrioventricular_canal,True,1.0
http://bioontology.org/projects/ontologies/fma/fmaOwlDlComponent_2_0#Optic_canal_part_of_optic_nerve,http://www.ihtsdo.org/snomed#Structure_of_intracanalicular_part_of_optic_nerve,True,1.0
http://bioontology.org/projects/ontologies/fma/fmaOwlDlComponent_2_0#Parietal_operculum,http://www.ihtsdo.org/snomed#Parietal_operculum_structure,True,1.0
http://bioontology.org/projects/ontologies/fma/fmaOwlDlComponent_2_0#Epithelium_of_lens,http://www.ihtsdo.org/snomed#Structure_of_epithelium_of_lens,True,1.0
http://bioontology.org/projects/ontologies/fma/fmaOwlDlComponent_2_0#Lamina_of_cervical_vertebra,http://www.ihtsdo.org/snomed#Structure_of_lamina_of_cervical_vertebra,True,1.0
http://bioontology.org/projects/ontologies/fma/fmaOwlDlComponent_2_0#Set_of_pleural_recesses,http://www.ihtsdo.org/snomed#Structure_of_pleural_recess,True,1.0
http://bioontology.org/projects/ontologies/fma/fmaOwlDlComponent_2_0#Proximal_epiphysis_of_second_metacarpal_bone,http://www.ihtsdo.org/snomed#Structure_of_base_of_second_metacarpal_bone,True,1.0
http://bioontology.org/projects/ontologies/fma/fmaOwlDlComponent_2_0#Right_temporal_lobe,http://www.ihtsdo.org/snomed#Right_temporal_lobe_structure,True,1.0
http://bioontology.org/projects/ontologies/fma/fmaOwlDlComponent_2_0#Inferior_macular_artery,http://www.ihtsdo.org/snomed#Structure_of_inferior_macular_artery,True,1.0
http://bioontology.org/projects/ontologies/fma/fmaOwlDlComponent_2_0#Superior_aberrant_ductule_of_epididymis,http://www.ihtsdo.org/snomed#Structure_of_superior_aberrant_ductule_of_epididymis,True,1.0
http://bioontology.org/projects/ontologies/fma/fmaOwlDlComponent_2_0#Hilum_of_kidney,http://www.ihtsdo.org/snomed#Structure_of_hilum_of_kidney,True,1.0
http://bioontology.org/projects/ontologies/fma/fmaOwlDlComponent_2_0#Thorax,http://www.ihtsdo.org/snomed#Artery_of_thorax,False,1.0
http://bioontology.org/projects/ontologies/fma/fmaOwlDlComponent_2_0#Set_of_cranial_synchondroses,http://www.ihtsdo.org/snomed#Cranial_synchondrosis,True,1.0
http://bioontology.org/projects/ontologies/fma/fmaOwlDlComponent_2_0#Oblong_fovea_of_arytenoid_cartilage,http://www.ihtsdo.org/snomed#Structure_of_fovea_oblonga_of_arytenoid_cartilage,True,1.0
http://bioontology.org/projects/ontologies/fma/fmaOwlDlComponent_2_0#Set_of_metatarsophalangeal_joints,http://www.ihtsdo.org/snomed#Metatarsophalangeal_joint_structure,True,1.0
http://bioontology.org/projects/ontologies/fma/fmaOwlDlComponent_2_0#Gastroduodenal_artery,http://www.ihtsdo.org/snomed#Structure_of_gastroduodenal_artery,True,1.0
http://bioontology.org/projects/ontologies/fma/fmaOwlDlComponent_2_0#Septum_of_testis,http://www.ihtsdo.org/snomed#Structure_of_septum_of_testis,True,1.0
http://bioontology.org/projects/ontologies/fma/fmaOwlDlComponent_2_0#Set_of_sternopericardial_ligaments,http://www.ihtsdo.org/snomed#Structure_of_sternopericardial_ligament,True,1.0
http://bioontology.org/projects/ontologies/fma/fmaOwlDlComponent_2_0#Set_of_splenic_lymph_nodes,http://www.ihtsdo.org/snomed#Structure_of_splenic_lymph_node,False,1.0
http://bioontology.org/projects/ontologies/fma/fmaOwlDlComponent_2_0#Subserous_plexus,http://www.ihtsdo.org/snomed#Subserosal_plexus,True,1.0
http://bioontology.org/projects/ontologies/fma/fmaOwlDlComponent_2_0#Angle_of_ninth_rib,http://www.ihtsdo.org/snomed#Structure_of_angle_of_ninth_rib,True,1.0
http://bioontology.org/projects/ontologies/fma/fmaOwlDlComponent_2_0#Skin_of_lip,http://www.ihtsdo.org/snomed#Lip_part,True,1.0
http://bioontology.org/projects/ontologies/fma/fmaOwlDlComponent_2_0#Ileocecal_recess,http://www.ihtsdo.org/snomed#Ileocecal_recess_structure,True,1.0
http://bioontology.org/projects/ontologies/fma/fmaOwlDlComponent_2_0#Postductal_region_of_aortic_arch,http://www.ihtsdo.org/snomed#Structure_of_postductal_region_of_aortic_arch,True,1.0
http://bioontology.org/projects/ontologies/fma/fmaOwlDlComponent_2_0#Distal_interphalangeal_joint_of_fourth_toe,http://www.ihtsdo.org/snomed#Distal_interphalangeal_joint_structure_of_fourth_toe,True,1.0
http://bioontology.org/projects/ontologies/fma/fmaOwlDlComponent_2_0#Wall_of_urinary_bladder,http://www.ihtsdo.org/snomed#Structure_of_wall_of_urinary_bladder,True,1.0
http://bioontology.org/projects/ontologies/fma/fmaOwlDlComponent_2_0#Central_gray_substance_of_midbrain,http://www.ihtsdo.org/snomed#Structure_of_periaqueductal_gray_matter,True,1.0
http://bioontology.org/projects/ontologies/fma/fmaOwlDlComponent_2_0#Hamate,http://www.ihtsdo.org/snomed#Bone_structure_of_hamate,True,1.0
http://bioontology.org/projects/ontologies/fma/fmaOwlDlComponent_2_0#Diaphysis_of_fifth_metacarpal_bone,http://www.ihtsdo.org/snomed#Structure_of_shaft_of_fifth_metacarpal_bone,True,1.0
http://bioontology.org/projects/ontologies/fma/fmaOwlDlComponent_2_0#Posterior_auricular_nerve,http://www.ihtsdo.org/snomed#Structure_of_posterior_auricular_nerve,True,1.0
http://bioontology.org/projects/ontologies/fma/fmaOwlDlComponent_2_0#Semicircular_duct,http://www.ihtsdo.org/snomed#Semicircular_duct_structure,True,1.0
http://bioontology.org/projects/ontologies/fma/fmaOwlDlComponent_2_0#Infratrochlear_nerve,http://www.ihtsdo.org/snomed#Structure_of_infratrochlear_nerve,True,1.0
http://bioontology.org/projects/ontologies/fma/fmaOwlDlComponent_2_0#Femoral_branch_of_genitofemoral_nerve,http://www.ihtsdo.org/snomed#Structure_of_genitofemoral_nerve_femoral_branch,True,1.0
http://bioontology.org/projects/ontologies/fma/fmaOwlDlComponent_2_0#Set_of_branches_of_spinal_nerve,http://www.ihtsdo.org/snomed#Spinal_nerve_branch,True,1.0
http://bioontology.org/projects/ontologies/fma/fmaOwlDlComponent_2_0#Premolar_tooth,http://www.ihtsdo.org/snomed#Structure_of_second_premolar_tooth,False,1.0
http://bioontology.org/projects/ontologies/fma/fmaOwlDlComponent_2_0#Middle_phalanx_of_ring_finger,http://www.ihtsdo.org/snomed#Structure_of_middle_phalanx_of_ring_finger,True,1.0
http://bioontology.org/projects/ontologies/fma/fmaOwlDlComponent_2_0#Posterior_meniscofemoral_ligament,http://www.ihtsdo.org/snomed#Structure_of_posterior_meniscofemoral_ligament,True,1.0
http://bioontology.org/projects/ontologies/fma/fmaOwlDlComponent_2_0#Tibial_lymph_node,http://www.ihtsdo.org/snomed#Structure_of_tibial_lymph_node,True,1.0
http://bioontology.org/projects/ontologies/fma/fmaOwlDlComponent_2_0#Lateral_plantar_nerve,http://www.ihtsdo.org/snomed#Structure_of_lateral_plantar_nerve,True,1.0
http://bioontology.org/projects/ontologies/fma/fmaOwlDlComponent_2_0#Metatarsophalangeal_joint,http://www.ihtsdo.org/snomed#Metatarsophalangeal_joint_structure,True,1.0
http://bioontology.org/projects/ontologies/fma/fmaOwlDlComponent_2_0#Glenohumeral_joint,http://www.ihtsdo.org/snomed#Glenohumeral_joint_structure,True,1.0
http://bioontology.org/projects/ontologies/fma/fmaOwlDlComponent_2_0#Dentine,http://www.ihtsdo.org/snomed#Dentin_structure,True,1.0
http://bioontology.org/projects/ontologies/fma/fmaOwlDlComponent_2_0#Set_of_choanae,http://www.ihtsdo.org/snomed#Structure_of_choana,True,1.0
http://bioontology.org/projects/ontologies/fma/fmaOwlDlComponent_2_0#Dorsum_of_nose,http://www.ihtsdo.org/snomed#Structure_of_dorsum_of_nose,True,1.0
http://bioontology.org/projects/ontologies/fma/fmaOwlDlComponent_2_0#Skin_of_cheek,http://www.ihtsdo.org/snomed#Skin_structure_of_cheek,True,1.0
http://bioontology.org/projects/ontologies/fma/fmaOwlDlComponent_2_0#Dorsal_surface_of_third_toe,http://www.ihtsdo.org/snomed#Structure_of_dorsal_surface_of_third_toe,True,1.0
http://bioontology.org/projects/ontologies/fma/fmaOwlDlComponent_2_0#Left_auricle,http://www.ihtsdo.org/snomed#Structure_of_left_auricular_appendage,True,1.0
http://bioontology.org/projects/ontologies/fma/fmaOwlDlComponent_2_0#Bowman_s_space,http://www.ihtsdo.org/snomed#Structure_of_Bowman_s_space,False,1.0
http://bioontology.org/projects/ontologies/fma/fmaOwlDlComponent_2_0#Valve_of_inferior_vena_cava,http://www.ihtsdo.org/snomed#Structure_of_valve_of_inferior_vena_cava,True,1.0
http://bioontology.org/projects/ontologies/fma/fmaOwlDlComponent_2_0#Set_of_subarachnoid_cisterns,http://www.ihtsdo.org/snomed#Structure_of_subarachnoid_cistern,True,1.0
http://bioontology.org/projects/ontologies/fma/fmaOwlDlComponent_2_0#Left_border_of_heart_viewed_radiologically,http://www.ihtsdo.org/snomed#Structure_of_left_margin_of_heart,True,1.0
http://bioontology.org/projects/ontologies/fma/fmaOwlDlComponent_2_0#Dorsal_scapular_vein,http://www.ihtsdo.org/snomed#Structure_of_dorsal_scapular_vein,True,1.0
http://bioontology.org/projects/ontologies/fma/fmaOwlDlComponent_2_0#Capillary_lamina_of_choroid,http://www.ihtsdo.org/snomed#Structure_of_lamina_choroidocapillaris,True,1.0
http://bioontology.org/projects/ontologies/fma/fmaOwlDlComponent_2_0#Dura_mater,http://www.ihtsdo.org/snomed#Dura_mater_structure,True,1.0
http://bioontology.org/projects/ontologies/fma/fmaOwlDlComponent_2_0#Anterior_tympanic_artery,http://www.ihtsdo.org/snomed#Structure_of_anterior_tympanic_artery,True,1.0
http://bioontology.org/projects/ontologies/fma/fmaOwlDlComponent_2_0#Pectoral_muscle,http://www.ihtsdo.org/snomed#Pectoral_muscle_structure,True,1.0
http://bioontology.org/projects/ontologies/fma/fmaOwlDlComponent_2_0#Antihelix,http://www.ihtsdo.org/snomed#Antihelix_structure,True,1.0
http://bioontology.org/projects/ontologies/fma/fmaOwlDlComponent_2_0#Posterior_glandular_branch_of_superior_thyroid_artery,http://www.ihtsdo.org/snomed#Structure_of_posterior_branch_of_superior_thyroid_artery,True,1.0
http://bioontology.org/projects/ontologies/fma/fmaOwlDlComponent_2_0#Right_sublingual_gland,http://www.ihtsdo.org/snomed#Structure_of_right_sublingual_gland,True,1.0
http://bioontology.org/projects/ontologies/fma/fmaOwlDlComponent_2_0#Anterior_ethmoidal_artery,http://www.ihtsdo.org/snomed#Structure_of_anterior_ethmoidal_artery,True,1.0
http://bioontology.org/projects/ontologies/fma/fmaOwlDlComponent_2_0#Buccal_artery,http://www.ihtsdo.org/snomed#Structure_of_buccal_artery,False,1.0
http://bioontology.org/projects/ontologies/fma/fmaOwlDlComponent_2_0#Medial_umbilical_fold,http://www.ihtsdo.org/snomed#Structure_of_median_umbilical_fold,True,1.0
http://bioontology.org/projects/ontologies/fma/fmaOwlDlComponent_2_0#Ampulla_of_lacrimal_canaliculus,http://www.ihtsdo.org/snomed#Structure_of_ampulla_of_lacrimal_canaliculus,True,1.0
http://bioontology.org/projects/ontologies/fma/fmaOwlDlComponent_2_0#First_coccygeal_vertebra,http://www.ihtsdo.org/snomed#Structure_of_first_coccygeal_vertebra,True,1.0
http://bioontology.org/projects/ontologies/fma/fmaOwlDlComponent_2_0#Medial_patellar_retinaculum,http://www.ihtsdo.org/snomed#Structure_of_medial_patellar_retinaculum,False,1.0
http://bioontology.org/projects/ontologies/fma/fmaOwlDlComponent_2_0#Left_parietal_pleura,http://www.ihtsdo.org/snomed#Structure_of_left_parietal_pleura,True,1.0
http://bioontology.org/projects/ontologies/fma/fmaOwlDlComponent_2_0#Pelvic_peritoneum,http://www.ihtsdo.org/snomed#Pelvic_peritoneum_structure,True,1.0
http://bioontology.org/projects/ontologies/fma/fmaOwlDlComponent_2_0#Medial_surface_of_fourth_toe,http://www.ihtsdo.org/snomed#Structure_of_medial_surface_of_fourth_toe,True,1.0
http://bioontology.org/projects/ontologies/fma/fmaOwlDlComponent_2_0#Distal_epiphysis_of_first_metacarpal_bone,http://www.ihtsdo.org/snomed#Structure_of_head_of_first_metacarpal_bone,True,1.0
http://bioontology.org/projects/ontologies/fma/fmaOwlDlComponent_2_0#Lumbar_ganglion,http://www.ihtsdo.org/snomed#Structure_of_lumbar_ganglia,True,1.0
http://bioontology.org/projects/ontologies/fma/fmaOwlDlComponent_2_0#Middle_cardiac_vein,http://www.ihtsdo.org/snomed#Structure_of_middle_cardiac_vein,False,1.0
http://bioontology.org/projects/ontologies/fma/fmaOwlDlComponent_2_0#Anterior_circumflex_humeral_artery,http://www.ihtsdo.org/snomed#Structure_of_anterior_circumflex_humeral_artery,False,1.0
http://bioontology.org/projects/ontologies/fma/fmaOwlDlComponent_2_0#Stylomastoid_foramen,http://www.ihtsdo.org/snomed#Structure_of_stylomastoid_foramen,True,1.0
http://bioontology.org/projects/ontologies/fma/fmaOwlDlComponent_2_0#Cuneate_fasciculus_of_spinal_cord,http://www.ihtsdo.org/snomed#Structure_of_fasciculus_cuneatus,True,1.0
http://bioontology.org/projects/ontologies/fma/fmaOwlDlComponent_2_0#Set_of_intercuneiform_joints,http://www.ihtsdo.org/snomed#Intercuneiform_joint,True,1.0
http://bioontology.org/projects/ontologies/fma/fmaOwlDlComponent_2_0#Dorsal_digital_nerve_of_foot,http://www.ihtsdo.org/snomed#Dorsal_digital_nerves_of_foot,True,1.0
http://bioontology.org/projects/ontologies/fma/fmaOwlDlComponent_2_0#Glomerular_capsule,http://www.ihtsdo.org/snomed#Glomerular_capsule_structure,True,1.0
http://bioontology.org/projects/ontologies/fma/fmaOwlDlComponent_2_0#Inferior_articular_process_of_fourth_thoracic_vertebra,http://www.ihtsdo.org/snomed#Structure_of_inferior_articular_process_of_fourth_thoracic_vertebra,True,1.0
http://bioontology.org/projects/ontologies/fma/fmaOwlDlComponent_2_0#Dorsal_carpal_branch_of_ulnar_artery,http://www.ihtsdo.org/snomed#Structure_of_dorsal_carpal_branch_of_ulnar_artery,True,1.0
http://bioontology.org/projects/ontologies/fma/fmaOwlDlComponent_2_0#Pedicle_of_sixth_thoracic_vertebra,http://www.ihtsdo.org/snomed#Structure_of_pedicle_of_sixth_thoracic_vertebra,True,1.0
http://bioontology.org/projects/ontologies/fma/fmaOwlDlComponent_2_0#Ileal_artery,http://www.ihtsdo.org/snomed#Structure_of_ileal_artery,True,1.0
http://bioontology.org/projects/ontologies/fma/fmaOwlDlComponent_2_0#Diaphysis_of_phalanx_of_hand,http://www.ihtsdo.org/snomed#Structure_of_shaft_of_phalanx_of_hand,True,1.0
http://bioontology.org/projects/ontologies/fma/fmaOwlDlComponent_2_0#Posterior_conjunctival_artery,http://www.ihtsdo.org/snomed#Structure_of_posterior_conjunctival_artery,True,1.0
http://bioontology.org/projects/ontologies/fma/fmaOwlDlComponent_2_0#Set_of_episcleral_veins,http://www.ihtsdo.org/snomed#Structure_of_episcleral_vein,False,1.0
http://bioontology.org/projects/ontologies/fma/fmaOwlDlComponent_2_0#Clitoris,http://www.ihtsdo.org/snomed#Clitoral_structure,True,1.0
http://bioontology.org/projects/ontologies/fma/fmaOwlDlComponent_2_0#Skin_of_scalp,http://www.ihtsdo.org/snomed#Skin_structure_of_scalp,True,1.0
http://bioontology.org/projects/ontologies/fma/fmaOwlDlComponent_2_0#Proximal_epiphysis_of_third_metacarpal_bone,http://www.ihtsdo.org/snomed#Structure_of_base_of_third_metacarpal_bone,True,1.0
http://bioontology.org/projects/ontologies/fma/fmaOwlDlComponent_2_0#Second_lumbrical_of_hand,http://www.ihtsdo.org/snomed#Second_lumbrical_muscle_of_hand,True,1.0
http://bioontology.org/projects/ontologies/fma/fmaOwlDlComponent_2_0#Superior_conjunctival_fornix,http://www.ihtsdo.org/snomed#Structure_of_superior_conjunctival_fornix,True,1.0
http://bioontology.org/projects/ontologies/fma/fmaOwlDlComponent_2_0#Eminence_of_concha,http://www.ihtsdo.org/snomed#Structure_of_eminentia_conchae,True,1.0
http://bioontology.org/projects/ontologies/fma/fmaOwlDlComponent_2_0#Left_lateral_border_of_body_of_sternum,http://www.ihtsdo.org/snomed#Structure_of_left_lateral_border_of_body_of_sternum,True,1.0
http://bioontology.org/projects/ontologies/fma/fmaOwlDlComponent_2_0#Left_ovarian_vein,http://www.ihtsdo.org/snomed#Structure_of_left_ovarian_vein,False,1.0
http://bioontology.org/projects/ontologies/fma/fmaOwlDlComponent_2_0#Superior_palpebral_arch,http://www.ihtsdo.org/snomed#Palpebral_arches_and_their_branches,True,1.0
http://bioontology.org/projects/ontologies/fma/fmaOwlDlComponent_2_0#Minor_salivary_gland,http://www.ihtsdo.org/snomed#Minor_salivary_gland_structure,True,1.0
http://bioontology.org/projects/ontologies/fma/fmaOwlDlComponent_2_0#Premolar_tooth,http://www.ihtsdo.org/snomed#Structure_of_premolar_tooth,False,1.0
http://bioontology.org/projects/ontologies/fma/fmaOwlDlComponent_2_0#Radial_recurrent_artery,http://www.ihtsdo.org/snomed#Structure_of_radial_recurrent_artery,False,1.0
http://bioontology.org/projects/ontologies/fma/fmaOwlDlComponent_2_0#Posterior_ligament_of_incus,http://www.ihtsdo.org/snomed#Structure_of_posterior_ligament_of_incus,True,1.0
http://bioontology.org/projects/ontologies/fma/fmaOwlDlComponent_2_0#Nasal_spine_of_frontal_bone,http://www.ihtsdo.org/snomed#Structure_of_nasal_spine_of_frontal_bone,True,1.0
http://bioontology.org/projects/ontologies/fma/fmaOwlDlComponent_2_0#Supra_orbital_artery,http://www.ihtsdo.org/snomed#Structure_of_supraorbital_artery,True,1.0
http://bioontology.org/projects/ontologies/fma/fmaOwlDlComponent_2_0#Subclavian_vein,http://www.ihtsdo.org/snomed#Structure_of_subclavian_vein,True,1.0
http://bioontology.org/projects/ontologies/fma/fmaOwlDlComponent_2_0#Set_of_meningeal_veins,http://www.ihtsdo.org/snomed#Structure_of_meningeal_vein,True,1.0
http://bioontology.org/projects/ontologies/fma/fmaOwlDlComponent_2_0#Convoluted_portion_of_distal_convoluted_tubule,http://www.ihtsdo.org/snomed#Structure_of_convoluted_renal_tubule,True,1.0
http://bioontology.org/projects/ontologies/fma/fmaOwlDlComponent_2_0#Inferior_thyroid_artery,http://www.ihtsdo.org/snomed#Structure_of_inferior_thyroid_artery,True,1.0
http://bioontology.org/projects/ontologies/fma/fmaOwlDlComponent_2_0#Ovarian_stroma,http://www.ihtsdo.org/snomed#Structure_of_interstitial_tissue_of_ovary,True,1.0
http://bioontology.org/projects/ontologies/fma/fmaOwlDlComponent_2_0#Marginal_branch_of_right_coronary_artery,http://www.ihtsdo.org/snomed#Structure_of_marginal_branch_of_right_coronary_artery,False,1.0
http://bioontology.org/projects/ontologies/fma/fmaOwlDlComponent_2_0#Lateral_root_of_optic_tract,http://www.ihtsdo.org/snomed#Structure_of_lateral_root_of_optic_tract,True,1.0
http://bioontology.org/projects/ontologies/fma/fmaOwlDlComponent_2_0#Nucleus_pulposus_of_intervertebral_disk_of_third_cervical_vertebra,http://www.ihtsdo.org/snomed#Structure_of_nucleus_pulposus_of_intervertebral_disc_of_third_cervical_vertebra,True,1.0
http://bioontology.org/projects/ontologies/fma/fmaOwlDlComponent_2_0#Anterior_limb_of_internal_capsule,http://www.ihtsdo.org/snomed#Internal_capsule_anterior_limb_structure,True,1.0
http://bioontology.org/projects/ontologies/fma/fmaOwlDlComponent_2_0#Fornix_of_vagina,http://www.ihtsdo.org/snomed#Structure_of_fornix_of_vagina,True,1.0
http://bioontology.org/projects/ontologies/fma/fmaOwlDlComponent_2_0#Scala_tympani,http://www.ihtsdo.org/snomed#Scala_tympani_structure,True,1.0
http://bioontology.org/projects/ontologies/fma/fmaOwlDlComponent_2_0#Inferior_rectal_nerve_plexus,http://www.ihtsdo.org/snomed#Structure_of_inferior_rectal_plexus,False,1.0
http://bioontology.org/projects/ontologies/fma/fmaOwlDlComponent_2_0#Distal_epiphysis_of_middle_phalanx_of_middle_finger,http://www.ihtsdo.org/snomed#Head_of_middle_phalanx_of_finger,True,1.0
http://bioontology.org/projects/ontologies/fma/fmaOwlDlComponent_2_0#Left_fourth_lumbar_vein,http://www.ihtsdo.org/snomed#Structure_of_fourth_left_lumbar_vein,True,1.0
http://bioontology.org/projects/ontologies/fma/fmaOwlDlComponent_2_0#Deep_inguinal_ring,http://www.ihtsdo.org/snomed#Structure_of_deep_inguinal_ring,True,1.0
http://bioontology.org/projects/ontologies/fma/fmaOwlDlComponent_2_0#Skin_of_dorsum_of_foot,http://www.ihtsdo.org/snomed#Skin_structure_of_dorsum_of_foot,True,1.0
http://bioontology.org/projects/ontologies/fma/fmaOwlDlComponent_2_0#Nuchal_fascia,http://www.ihtsdo.org/snomed#Structure_of_nuchal_fascia,True,1.0
http://bioontology.org/projects/ontologies/fma/fmaOwlDlComponent_2_0#Orbital_opening,http://www.ihtsdo.org/snomed#Structure_of_orbital_opening,True,1.0
http://bioontology.org/projects/ontologies/fma/fmaOwlDlComponent_2_0#Primary_dentition,http://www.ihtsdo.org/snomed#All_deciduous_teeth,True,1.0
http://bioontology.org/projects/ontologies/fma/fmaOwlDlComponent_2_0#Vesical_venous_plexus,http://www.ihtsdo.org/snomed#Structure_of_vesical_venous_plexus,True,1.0
http://bioontology.org/projects/ontologies/fma/fmaOwlDlComponent_2_0#Third_part_of_lingual_artery,http://www.ihtsdo.org/snomed#Structure_of_profunda_artery_of_tongue,True,1.0
http://bioontology.org/projects/ontologies/fma/fmaOwlDlComponent_2_0#Tarsometatarsal_joint,http://www.ihtsdo.org/snomed#Structure_of_tarsometatarsal_joint,True,1.0
http://bioontology.org/projects/ontologies/fma/fmaOwlDlComponent_2_0#Superficial_transverse_metacarpal_ligament,http://www.ihtsdo.org/snomed#Structure_of_superficial_transverse_metacarpal_ligament,True,1.0
http://bioontology.org/projects/ontologies/fma/fmaOwlDlComponent_2_0#Uvula_of_urinary_bladder,http://www.ihtsdo.org/snomed#Structure_of_uvula_of_bladder,False,1.0
http://bioontology.org/projects/ontologies/fma/fmaOwlDlComponent_2_0#Pontine_artery,http://www.ihtsdo.org/snomed#Structure_of_pontine_artery,True,1.0
http://bioontology.org/projects/ontologies/fma/fmaOwlDlComponent_2_0#Middle_phalanx_of_little_toe,http://www.ihtsdo.org/snomed#Structure_of_middle_phalanx_of_little_toe,True,1.0
http://bioontology.org/projects/ontologies/fma/fmaOwlDlComponent_2_0#Minor_duodenal_papilla,http://www.ihtsdo.org/snomed#Lesser_duodenal_papilla_structure,True,1.0
http://bioontology.org/projects/ontologies/fma/fmaOwlDlComponent_2_0#Posterior_intercavernous_sinus,http://www.ihtsdo.org/snomed#Structure_of_posterior_intercavernous_sinus,False,1.0
http://bioontology.org/projects/ontologies/fma/fmaOwlDlComponent_2_0#Medial_talocalcaneal_ligament,http://www.ihtsdo.org/snomed#Structure_of_medial_talocalcaneal_ligament,True,1.0
http://bioontology.org/projects/ontologies/fma/fmaOwlDlComponent_2_0#Interosseous_membrane_of_forearm,http://www.ihtsdo.org/snomed#Structure_of_antebrachial_interosseous_membrane,True,1.0
http://bioontology.org/projects/ontologies/fma/fmaOwlDlComponent_2_0#Radial_tuberosity,http://www.ihtsdo.org/snomed#Structure_of_radial_tuberosity,False,1.0
http://bioontology.org/projects/ontologies/fma/fmaOwlDlComponent_2_0#Cubitoradial_bursa,http://www.ihtsdo.org/snomed#Structure_of_interosseous_cubital_bursa,True,1.0
http://bioontology.org/projects/ontologies/fma/fmaOwlDlComponent_2_0#Agger_nasi,http://www.ihtsdo.org/snomed#Structure_of_agger_nasi,False,1.0
http://bioontology.org/projects/ontologies/fma/fmaOwlDlComponent_2_0#Intervertebral_foramen_of_first_thoracic_vertebra,http://www.ihtsdo.org/snomed#Structure_of_intervertebral_foramen_of_first_thoracic_vertebra,True,1.0
http://bioontology.org/projects/ontologies/fma/fmaOwlDlComponent_2_0#Medial_surface_of_ring_finger,http://www.ihtsdo.org/snomed#Structure_of_medial_surface_of_ring_finger,True,1.0
http://bioontology.org/projects/ontologies/fma/fmaOwlDlComponent_2_0#Eighth_thoracic_vertebral_arch,http://www.ihtsdo.org/snomed#Structure_of_arch_of_eighth_thoracic_vertebra,True,1.0
http://bioontology.org/projects/ontologies/fma/fmaOwlDlComponent_2_0#Ureteric_nerve_plexus,http://www.ihtsdo.org/snomed#Structure_of_ureteral_plexus,False,1.0
http://bioontology.org/projects/ontologies/fma/fmaOwlDlComponent_2_0#Right_side_of_face,http://www.ihtsdo.org/snomed#Structure_of_right_side_of_face,True,1.0
http://bioontology.org/projects/ontologies/fma/fmaOwlDlComponent_2_0#Sacral_hiatus,http://www.ihtsdo.org/snomed#Structure_of_hiatus_of_sacrum,True,1.0
http://bioontology.org/projects/ontologies/fma/fmaOwlDlComponent_2_0#Toe,http://www.ihtsdo.org/snomed#Toe_structure,True,1.0
http://bioontology.org/projects/ontologies/fma/fmaOwlDlComponent_2_0#Transverse_tarsal_joint,http://www.ihtsdo.org/snomed#Transverse_tarsal_joint_structure,True,1.0
http://bioontology.org/projects/ontologies/fma/fmaOwlDlComponent_2_0#Anterior_interosseous_nerve,http://www.ihtsdo.org/snomed#Anterior_interosseous_nerve_structure,True,1.0
http://bioontology.org/projects/ontologies/fma/fmaOwlDlComponent_2_0#Lacunar_ligament,http://www.ihtsdo.org/snomed#Structure_of_lacunar_ligament,True,1.0
http://bioontology.org/projects/ontologies/fma/fmaOwlDlComponent_2_0#Set_of_anterior_labial_nerves,http://www.ihtsdo.org/snomed#Structure_of_anterior_labial_nerves,True,1.0
http://bioontology.org/projects/ontologies/fma/fmaOwlDlComponent_2_0#Great_saphenous_vein,http://www.ihtsdo.org/snomed#Great_saphenous_vein_structure,True,1.0
http://bioontology.org/projects/ontologies/fma/fmaOwlDlComponent_2_0#Body_of_ninth_thoracic_vertebra,http://www.ihtsdo.org/snomed#Structure_of_body_of_ninth_thoracic_vertebra,True,1.0
http://bioontology.org/projects/ontologies/fma/fmaOwlDlComponent_2_0#Diaphysis_of_metacarpal_bone,http://www.ihtsdo.org/snomed#Bone_structure_of_shaft_of_metacarpal,True,1.0
http://bioontology.org/projects/ontologies/fma/fmaOwlDlComponent_2_0#Lymph_node_of_head,http://www.ihtsdo.org/snomed#Structure_of_lymph_node_of_head,True,1.0
http://bioontology.org/projects/ontologies/fma/fmaOwlDlComponent_2_0#Spinous_process_of_third_cervical_vertebra,http://www.ihtsdo.org/snomed#Structure_of_spinous_process_of_third_cervical_vertebra,False,1.0
http://bioontology.org/projects/ontologies/fma/fmaOwlDlComponent_2_0#Body_of_lumbar_vertebra,http://www.ihtsdo.org/snomed#Structure_of_body_of_lumbar_vertebra,False,1.0
http://bioontology.org/projects/ontologies/fma/fmaOwlDlComponent_2_0#Vitreous_body,http://www.ihtsdo.org/snomed#Vitreous_body_structure,True,1.0
http://bioontology.org/projects/ontologies/fma/fmaOwlDlComponent_2_0#Left_common_carotid_artery,http://www.ihtsdo.org/snomed#Left_common_carotid_artery_structure,True,1.0
http://bioontology.org/projects/ontologies/fma/fmaOwlDlComponent_2_0#Submucosa_of_anal_canal,http://www.ihtsdo.org/snomed#Structure_of_submucosa_of_anal_canal,True,1.0
http://bioontology.org/projects/ontologies/fma/fmaOwlDlComponent_2_0#Lateral_branch_of_left_portal_vein,http://www.ihtsdo.org/snomed#Structure_of_lateral_branch_of_left_portal_vein,True,1.0
http://bioontology.org/projects/ontologies/fma/fmaOwlDlComponent_2_0#Porta_Hepatis,http://www.ihtsdo.org/snomed#Structure_of_porta_hepatis,True,1.0
http://bioontology.org/projects/ontologies/fma/fmaOwlDlComponent_2_0#Syncytial_trophoblast,http://www.ihtsdo.org/snomed#Structure_of_syncytial_trophoblast,True,1.0
http://bioontology.org/projects/ontologies/fma/fmaOwlDlComponent_2_0#Proximal_interphalangeal_joint_of_third_toe,http://www.ihtsdo.org/snomed#Proximal_interphalangeal_joint_structure_of_third_toe,True,1.0
http://bioontology.org/projects/ontologies/fma/fmaOwlDlComponent_2_0#Palato_ethmoidal_suture,http://www.ihtsdo.org/snomed#Structure_of_palatoethmoidal_suture_of_skull,True,1.0
http://bioontology.org/projects/ontologies/fma/fmaOwlDlComponent_2_0#Common_cochlear_artery,http://www.ihtsdo.org/snomed#Structure_of_common_cochlear_artery,True,1.0
http://bioontology.org/projects/ontologies/fma/fmaOwlDlComponent_2_0#Sensory_root_of_trigeminal_nerve,http://www.ihtsdo.org/snomed#Structure_of_sensory_root_of_trigeminal_nerve,True,1.0
http://bioontology.org/projects/ontologies/fma/fmaOwlDlComponent_2_0#External_ear,http://www.ihtsdo.org/snomed#External_ear_structure,True,1.0
http://bioontology.org/projects/ontologies/fma/fmaOwlDlComponent_2_0#Glans_of_clitoris,http://www.ihtsdo.org/snomed#Glans_clitoridis_structure,True,1.0
http://bioontology.org/projects/ontologies/fma/fmaOwlDlComponent_2_0#Arteriole,http://www.ihtsdo.org/snomed#Structure_of_arteriole,True,1.0
http://bioontology.org/projects/ontologies/fma/fmaOwlDlComponent_2_0#Vein_of_medulla_oblongata,http://www.ihtsdo.org/snomed#Structure_of_vein_of_the_medulla_oblongata,False,1.0
http://bioontology.org/projects/ontologies/fma/fmaOwlDlComponent_2_0#Liquid,http://www.ihtsdo.org/snomed#Liquid,False,1.0
http://bioontology.org/projects/ontologies/fma/fmaOwlDlComponent_2_0#Isthmus_of_uterine_tube,http://www.ihtsdo.org/snomed#Structure_of_isthmus_of_fallopian_tube,True,1.0
http://bioontology.org/projects/ontologies/fma/fmaOwlDlComponent_2_0#Chorda_tympani,http://www.ihtsdo.org/snomed#Structure_of_chorda_tympani,True,1.0
http://bioontology.org/projects/ontologies/fma/fmaOwlDlComponent_2_0#Subdivision_of_head,http://www.ihtsdo.org/snomed#Region_of_head,True,1.0
http://bioontology.org/projects/ontologies/fma/fmaOwlDlComponent_2_0#Internal_iliac_artery,http://www.ihtsdo.org/snomed#Structure_of_internal_iliac_artery,False,1.0
http://bioontology.org/projects/ontologies/fma/fmaOwlDlComponent_2_0#Ischio_anal_fossa,http://www.ihtsdo.org/snomed#Ischiorectal_fossa_structure,True,1.0
http://bioontology.org/projects/ontologies/fma/fmaOwlDlComponent_2_0#Superficial_temporal_vein,http://www.ihtsdo.org/snomed#Structure_of_superficial_temporal_vein,False,1.0
http://bioontology.org/projects/ontologies/fma/fmaOwlDlComponent_2_0#Sacciform_recess_of_distal_radio_ulnar_joint,http://www.ihtsdo.org/snomed#Structure_of_sacciform_recess_of_distal_radioulnar_joint,True,1.0
http://bioontology.org/projects/ontologies/fma/fmaOwlDlComponent_2_0#Choroid_plexus_of_fourth_ventricle,http://www.ihtsdo.org/snomed#Structure_of_choroid_plexus_of_fourth_ventricle,True,1.0
http://bioontology.org/projects/ontologies/fma/fmaOwlDlComponent_2_0#Hepatic_sinusoid,http://www.ihtsdo.org/snomed#Structure_of_hepatic_sinusoid,True,1.0
http://bioontology.org/projects/ontologies/fma/fmaOwlDlComponent_2_0#Hippocampal_sulcus,http://www.ihtsdo.org/snomed#Structure_of_hippocampal_fissure,True,1.0
http://bioontology.org/projects/ontologies/fma/fmaOwlDlComponent_2_0#Pyramidal_cell,http://www.ihtsdo.org/snomed#Pyramidal_cell,True,1.0
http://bioontology.org/projects/ontologies/fma/fmaOwlDlComponent_2_0#Skin_of_abdomen,http://www.ihtsdo.org/snomed#Skin_structure_of_abdomen,True,1.0
http://bioontology.org/projects/ontologies/fma/fmaOwlDlComponent_2_0#Symphysial_surface_of_pubis,http://www.ihtsdo.org/snomed#Structure_of_symphysial_surface_of_pubis,True,1.0
http://bioontology.org/projects/ontologies/fma/fmaOwlDlComponent_2_0#Anterior_superior_iliac_spine,http://www.ihtsdo.org/snomed#Structure_of_anterior_superior_iliac_spine,True,1.0
http://bioontology.org/projects/ontologies/fma/fmaOwlDlComponent_2_0#Lumen_of_left_main_bronchus,http://www.ihtsdo.org/snomed#Structure_of_left_bronchial_lumen,True,1.0
http://bioontology.org/projects/ontologies/fma/fmaOwlDlComponent_2_0#Nasopharyngeal_gland,http://www.ihtsdo.org/snomed#Structure_of_nasopharyngeal_gland,True,1.0
http://bioontology.org/projects/ontologies/fma/fmaOwlDlComponent_2_0#Dorsal_surface_of_great_toe,http://www.ihtsdo.org/snomed#Structure_of_dorsal_surface_of_great_toe,True,1.0
http://bioontology.org/projects/ontologies/fma/fmaOwlDlComponent_2_0#Testicular_nerve_plexus,http://www.ihtsdo.org/snomed#Structure_of_testicular_plexus,True,1.0
http://bioontology.org/projects/ontologies/fma/fmaOwlDlComponent_2_0#Conus_artery,http://www.ihtsdo.org/snomed#Structure_of_conus_artery,False,1.0
http://bioontology.org/projects/ontologies/fma/fmaOwlDlComponent_2_0#Anterior_inferior_iliac_spine,http://www.ihtsdo.org/snomed#Structure_of_anterior_inferior_iliac_spine,True,1.0
http://bioontology.org/projects/ontologies/fma/fmaOwlDlComponent_2_0#Lingual_vein,http://www.ihtsdo.org/snomed#Structure_of_lingual_vein,True,1.0
http://bioontology.org/projects/ontologies/fma/fmaOwlDlComponent_2_0#Abdominal_orifice_of_uterine_tube,http://www.ihtsdo.org/snomed#Structure_of_abdominal_ostium_of_fallopian_tube,True,1.0
http://bioontology.org/projects/ontologies/fma/fmaOwlDlComponent_2_0#Ring_finger,http://www.ihtsdo.org/snomed#Ring_finger_structure,True,1.0
http://bioontology.org/projects/ontologies/fma/fmaOwlDlComponent_2_0#Set_of_collateral_ligaments_of_interphalangeal_joints_of_foot,http://www.ihtsdo.org/snomed#Structure_of_collateral_ligaments_of_interphalangeal_joints_of_foot,True,1.0
http://bioontology.org/projects/ontologies/fma/fmaOwlDlComponent_2_0#Left_common_iliac_artery,http://www.ihtsdo.org/snomed#Branch_of_common_iliac_artery,True,1.0
http://bioontology.org/projects/ontologies/fma/fmaOwlDlComponent_2_0#Lacrimal_vein,http://www.ihtsdo.org/snomed#Structure_of_lacrimal_vein,True,1.0
http://bioontology.org/projects/ontologies/fma/fmaOwlDlComponent_2_0#Medulla_oblongata,http://www.ihtsdo.org/snomed#Medulla_oblongata_structure,True,1.0
http://bioontology.org/projects/ontologies/fma/fmaOwlDlComponent_2_0#Superior_articular_process_of_sixth_cervical_vertebra,http://www.ihtsdo.org/snomed#Structure_of_superior_articular_process_of_sixth_cervical_vertebra,True,1.0
http://bioontology.org/projects/ontologies/fma/fmaOwlDlComponent_2_0#Sternopericardial_ligament,http://www.ihtsdo.org/snomed#Structure_of_sternopericardial_ligament,True,1.0
http://bioontology.org/projects/ontologies/fma/fmaOwlDlComponent_2_0#Labyrinthine_artery,http://www.ihtsdo.org/snomed#Structure_of_labyrinthine_artery,True,1.0
http://bioontology.org/projects/ontologies/fma/fmaOwlDlComponent_2_0#Inguinal_canal,http://www.ihtsdo.org/snomed#Inguinal_canal_structure,True,1.0
http://bioontology.org/projects/ontologies/fma/fmaOwlDlComponent_2_0#Gray_matter_of_spinal_cord,http://www.ihtsdo.org/snomed#Spinal_cord_gray_matter_structure,True,1.0
http://bioontology.org/projects/ontologies/fma/fmaOwlDlComponent_2_0#Set_of_posterior_conjunctival_arteries,http://www.ihtsdo.org/snomed#Structure_of_posterior_conjunctival_artery,True,1.0
http://bioontology.org/projects/ontologies/fma/fmaOwlDlComponent_2_0#Short_insular_gyrus,http://www.ihtsdo.org/snomed#Structure_of_short_insular_gyrus,False,1.0
http://bioontology.org/projects/ontologies/fma/fmaOwlDlComponent_2_0#Set_of_nasal_cartilages,http://www.ihtsdo.org/snomed#Nasal_cartilage_structure,True,1.0
http://bioontology.org/projects/ontologies/fma/fmaOwlDlComponent_2_0#Trachealis,http://www.ihtsdo.org/snomed#Structure_of_tracheal_muscle,True,1.0
http://bioontology.org/projects/ontologies/fma/fmaOwlDlComponent_2_0#Orbital_gyrus,http://www.ihtsdo.org/snomed#Structure_of_orbital_gyrus,True,1.0
http://bioontology.org/projects/ontologies/fma/fmaOwlDlComponent_2_0#Skin_of_scrotum,http://www.ihtsdo.org/snomed#Skin_structure_of_scrotum,True,1.0
http://bioontology.org/projects/ontologies/fma/fmaOwlDlComponent_2_0#Neck_of_seventh_rib,http://www.ihtsdo.org/snomed#Structure_of_neck_of_seventh_rib,True,1.0
http://bioontology.org/projects/ontologies/fma/fmaOwlDlComponent_2_0#Motor_root_of_trigeminal_nerve,http://www.ihtsdo.org/snomed#Structure_of_motor_root_of_trigeminal_nerve,True,1.0
http://bioontology.org/projects/ontologies/fma/fmaOwlDlComponent_2_0#Inferior_margin_of_lung,http://www.ihtsdo.org/snomed#Structure_of_inferior_margin_of_lung,True,1.0
http://bioontology.org/projects/ontologies/fma/fmaOwlDlComponent_2_0#Precordium,http://www.ihtsdo.org/snomed#Structure_of_precordium,True,1.0
http://bioontology.org/projects/ontologies/fma/fmaOwlDlComponent_2_0#Abdominal_fascia,http://www.ihtsdo.org/snomed#Structure_of_fascia_of_abdomen,True,1.0
http://bioontology.org/projects/ontologies/fma/fmaOwlDlComponent_2_0#Longitudinal_arch_of_foot,http://www.ihtsdo.org/snomed#Structure_of_longitudinal_arch_of_foot,True,1.0
http://bioontology.org/projects/ontologies/fma/fmaOwlDlComponent_2_0#Vomeronasal_cartilage,http://www.ihtsdo.org/snomed#Structure_of_vomeronasal_cartilage,True,1.0
http://bioontology.org/projects/ontologies/fma/fmaOwlDlComponent_2_0#Ependyma_of_fourth_ventricle,http://www.ihtsdo.org/snomed#Structure_of_ependyma_of_fourth_ventricle,True,1.0
http://bioontology.org/projects/ontologies/fma/fmaOwlDlComponent_2_0#Infrapatellar_branch_of_saphenous_nerve,http://www.ihtsdo.org/snomed#Structure_of_saphenous_nerve_infrapatellar_branch,True,1.0
http://bioontology.org/projects/ontologies/fma/fmaOwlDlComponent_2_0#Vein_of_cochlear_aqueduct,http://www.ihtsdo.org/snomed#Structure_of_vein_of_the_cochlear_aqueduct,True,1.0
http://bioontology.org/projects/ontologies/fma/fmaOwlDlComponent_2_0#Keratan_sulfate,http://www.ihtsdo.org/snomed#Keratan_sulfate,True,1.0
http://bioontology.org/projects/ontologies/fma/fmaOwlDlComponent_2_0#Second_intercostal_nerve,http://www.ihtsdo.org/snomed#Second_intercostal_nerve,True,1.0
http://bioontology.org/projects/ontologies/fma/fmaOwlDlComponent_2_0#Septomarginal_fasciculus,http://www.ihtsdo.org/snomed#Structure_of_fasciculus_septomarginalis,True,1.0
http://bioontology.org/projects/ontologies/fma/fmaOwlDlComponent_2_0#Costal_surface_of_lung,http://www.ihtsdo.org/snomed#Structure_of_costal_surface_of_lung,True,1.0
http://bioontology.org/projects/ontologies/fma/fmaOwlDlComponent_2_0#Vestibulocochlear_artery,http://www.ihtsdo.org/snomed#Structure_of_vestibulocochlear_artery,True,1.0
http://bioontology.org/projects/ontologies/fma/fmaOwlDlComponent_2_0#Hemiazygos_vein,http://www.ihtsdo.org/snomed#Structure_of_hemiazygous_vein,True,1.0
http://bioontology.org/projects/ontologies/fma/fmaOwlDlComponent_2_0#Set_of_ligamenta_flava,http://www.ihtsdo.org/snomed#Structure_of_ligamentum_flavum,True,1.0
http://bioontology.org/projects/ontologies/fma/fmaOwlDlComponent_2_0#Acetabular_fossa,http://www.ihtsdo.org/snomed#Structure_of_acetabular_fossa,True,1.0
http://bioontology.org/projects/ontologies/fma/fmaOwlDlComponent_2_0#Diaphragmatic_surface_of_spleen,http://www.ihtsdo.org/snomed#Structure_of_diaphragmatic_surface_of_spleen,True,1.0
http://bioontology.org/projects/ontologies/fma/fmaOwlDlComponent_2_0#Lateral_preoptic_nucleus,http://www.ihtsdo.org/snomed#Structure_of_lateral_preoptic_nucleus,True,1.0
http://bioontology.org/projects/ontologies/fma/fmaOwlDlComponent_2_0#Cytotrophoblast,http://www.ihtsdo.org/snomed#Structure_of_cytotrophoblast,True,1.0
http://bioontology.org/projects/ontologies/fma/fmaOwlDlComponent_2_0#Peduncle_of_midbrain,http://www.ihtsdo.org/snomed#Cerebral_peduncle_structure,True,1.0
http://bioontology.org/projects/ontologies/fma/fmaOwlDlComponent_2_0#Muscle_of_auditory_ossicles,http://www.ihtsdo.org/snomed#Structure_of_ossicular_muscle,True,1.0
http://bioontology.org/projects/ontologies/fma/fmaOwlDlComponent_2_0#Right_uterine_tube,http://www.ihtsdo.org/snomed#Structure_of_right_fallopian_tube,True,1.0
http://bioontology.org/projects/ontologies/fma/fmaOwlDlComponent_2_0#Episcleral_artery,http://www.ihtsdo.org/snomed#Structure_of_episcleral_artery,True,1.0
http://bioontology.org/projects/ontologies/fma/fmaOwlDlComponent_2_0#Metatarsal_bone,http://www.ihtsdo.org/snomed#Epiphysis_of_metatarsal,False,1.0
http://bioontology.org/projects/ontologies/fma/fmaOwlDlComponent_2_0#Membranous_urethra,http://www.ihtsdo.org/snomed#Membranous_urethra_structure,True,1.0
http://bioontology.org/projects/ontologies/fma/fmaOwlDlComponent_2_0#Occipital_bone,http://www.ihtsdo.org/snomed#Occipital_bone_structure,True,1.0
http://bioontology.org/projects/ontologies/fma/fmaOwlDlComponent_2_0#Set_of_lateral_external_iliac_lymph_nodes,http://www.ihtsdo.org/snomed#Lateral_external_iliac_lymph_node_group,True,1.0
http://bioontology.org/projects/ontologies/fma/fmaOwlDlComponent_2_0#Vein_of_scala_vestibuli,http://www.ihtsdo.org/snomed#Structure_of_vein_of_the_scala_vestibuli,True,1.0
http://bioontology.org/projects/ontologies/fma/fmaOwlDlComponent_2_0#Back_of_hand,http://www.ihtsdo.org/snomed#Structure_of_dorsum_of_hand,True,1.0
http://bioontology.org/projects/ontologies/fma/fmaOwlDlComponent_2_0#Set_of_superior_phrenic_veins,http://www.ihtsdo.org/snomed#Structure_of_superior_phrenic_vein,False,1.0
http://bioontology.org/projects/ontologies/fma/fmaOwlDlComponent_2_0#Set_of_obturator_veins,http://www.ihtsdo.org/snomed#Structure_of_obturator_vein,False,1.0
http://bioontology.org/projects/ontologies/fma/fmaOwlDlComponent_2_0#Peripheral_zone_of_prostate,http://www.ihtsdo.org/snomed#Peripheral_glandular_zone_of_prostate,True,1.0
http://bioontology.org/projects/ontologies/fma/fmaOwlDlComponent_2_0#Right_lateral_ventricle,http://www.ihtsdo.org/snomed#Right_lateral_ventricle_structure,True,1.0
http://bioontology.org/projects/ontologies/fma/fmaOwlDlComponent_2_0#Left_gastric_lymph_node,http://www.ihtsdo.org/snomed#Structure_of_left_gastric_lymph_node,False,1.0
http://bioontology.org/projects/ontologies/fma/fmaOwlDlComponent_2_0#Femoral_septum,http://www.ihtsdo.org/snomed#Structure_of_femoral_septum,True,1.0
http://bioontology.org/projects/ontologies/fma/fmaOwlDlComponent_2_0#Internal_thoracic_vein,http://www.ihtsdo.org/snomed#Structure_of_internal_thoracic_vein,True,1.0
http://bioontology.org/projects/ontologies/fma/fmaOwlDlComponent_2_0#Calcarine_artery,http://www.ihtsdo.org/snomed#Structure_of_calcarine_artery,True,1.0
http://bioontology.org/projects/ontologies/fma/fmaOwlDlComponent_2_0#Superior_mesenteric_nerve_plexus,http://www.ihtsdo.org/snomed#Superior_mesenteric_plexus_structure,True,1.0
http://bioontology.org/projects/ontologies/fma/fmaOwlDlComponent_2_0#Spinous_process_of_seventh_thoracic_vertebra,http://www.ihtsdo.org/snomed#Structure_of_spinous_process_of_seventh_thoracic_vertebra,True,1.0
http://bioontology.org/projects/ontologies/fma/fmaOwlDlComponent_2_0#Right_popliteal_artery,http://www.ihtsdo.org/snomed#Structure_of_right_popliteal_artery,False,1.0
http://bioontology.org/projects/ontologies/fma/fmaOwlDlComponent_2_0#Inferior_root_of_ansa_cervicalis,http://www.ihtsdo.org/snomed#Structure_of_inferior_root_of_ansa_cervicalis,True,1.0
http://bioontology.org/projects/ontologies/fma/fmaOwlDlComponent_2_0#Iliac_spine,http://www.ihtsdo.org/snomed#Iliac_spine_structure,True,1.0
http://bioontology.org/projects/ontologies/fma/fmaOwlDlComponent_2_0#Set_of_interlobular_veins_of_liver,http://www.ihtsdo.org/snomed#Structure_of_interlobular_vein_of_liver,True,1.0
http://bioontology.org/projects/ontologies/fma/fmaOwlDlComponent_2_0#Dorsal_funiculus_of_spinal_cord,http://www.ihtsdo.org/snomed#Dorsal_funiculus_structure,True,1.0
http://bioontology.org/projects/ontologies/fma/fmaOwlDlComponent_2_0#Intrinsic_ligament_of_larynx,http://www.ihtsdo.org/snomed#Intrinsic_laryngeal_ligament,False,1.0
http://bioontology.org/projects/ontologies/fma/fmaOwlDlComponent_2_0#Ulnar_head_of_flexor_carpi_ulnaris,http://www.ihtsdo.org/snomed#Head_of_flexor_carpi_ulnaris_muscle,True,1.0
http://bioontology.org/projects/ontologies/fma/fmaOwlDlComponent_2_0#Deep_artery_of_penis,http://www.ihtsdo.org/snomed#Structure_of_deep_artery_of_penis,True,1.0
http://bioontology.org/projects/ontologies/fma/fmaOwlDlComponent_2_0#Set_of_seminiferous_tubules,http://www.ihtsdo.org/snomed#Seminiferous_tubule_structure,True,1.0
http://bioontology.org/projects/ontologies/fma/fmaOwlDlComponent_2_0#Infrahyoid_bursa,http://www.ihtsdo.org/snomed#Structure_of_infrahyoid_bursa,True,1.0
http://bioontology.org/projects/ontologies/fma/fmaOwlDlComponent_2_0#Lateral_wall_of_oropharynx,http://www.ihtsdo.org/snomed#Structure_of_lateral_wall_of_oropharynx,True,1.0
http://bioontology.org/projects/ontologies/fma/fmaOwlDlComponent_2_0#Radial_vein,http://www.ihtsdo.org/snomed#Structure_of_radial_vein,False,1.0
http://bioontology.org/projects/ontologies/fma/fmaOwlDlComponent_2_0#Anulus_fibrosus_of_intervertebral_disk_of_tenth_thoracic_vertebra,http://www.ihtsdo.org/snomed#Structure_of_anulus_fibrosus_of_intervertebral_disc_of_thoracic_vertebra,False,1.0
http://bioontology.org/projects/ontologies/fma/fmaOwlDlComponent_2_0#Vein_of_bulb_of_vestibule,http://www.ihtsdo.org/snomed#Structure_of_vein_of_the_bulb_of_the_vestibule,True,1.0
http://bioontology.org/projects/ontologies/fma/fmaOwlDlComponent_2_0#Commissure_of_mitral_valve,http://www.ihtsdo.org/snomed#Structure_of_commissure_of_mitral_valve,True,1.0
http://bioontology.org/projects/ontologies/fma/fmaOwlDlComponent_2_0#Left_posterior_aortic_sinus,http://www.ihtsdo.org/snomed#Structure_of_left_sinus_of_Valsalva,True,1.0
http://bioontology.org/projects/ontologies/fma/fmaOwlDlComponent_2_0#Fundus_of_gallbladder,http://www.ihtsdo.org/snomed#Structure_of_fundus_of_gallbladder,True,1.0
http://bioontology.org/projects/ontologies/fma/fmaOwlDlComponent_2_0#Lateral_pterygoid,http://www.ihtsdo.org/snomed#Lateral_pterygoid_nerve,False,1.0
http://bioontology.org/projects/ontologies/fma/fmaOwlDlComponent_2_0#Right_conjunctiva,http://www.ihtsdo.org/snomed#Structure_of_conjunctiva_of_right_eye,True,1.0
http://bioontology.org/projects/ontologies/fma/fmaOwlDlComponent_2_0#Posterior_wall_of_laryngopharynx,http://www.ihtsdo.org/snomed#Structure_of_posterior_wall_of_hypopharynx,True,1.0
http://bioontology.org/projects/ontologies/fma/fmaOwlDlComponent_2_0#Inferior_olivary_complex,http://www.ihtsdo.org/snomed#Structure_of_inferior_olivary_nucleus,True,1.0
http://bioontology.org/projects/ontologies/fma/fmaOwlDlComponent_2_0#Ascending_cervical_artery,http://www.ihtsdo.org/snomed#Structure_of_ascending_cervical_artery,True,1.0
http://bioontology.org/projects/ontologies/fma/fmaOwlDlComponent_2_0#Maxillary_artery,http://www.ihtsdo.org/snomed#Structure_of_maxillary_artery,True,1.0
http://bioontology.org/projects/ontologies/fma/fmaOwlDlComponent_2_0#Superior_rectal_nerve_plexus,http://www.ihtsdo.org/snomed#Structure_of_superior_rectal_plexus,True,1.0
http://bioontology.org/projects/ontologies/fma/fmaOwlDlComponent_2_0#Inferior_renal_segment,http://www.ihtsdo.org/snomed#Structure_of_inferior_renal_segment,True,1.0
http://bioontology.org/projects/ontologies/fma/fmaOwlDlComponent_2_0#Fibrous_capsule_of_spleen,http://www.ihtsdo.org/snomed#Splenic_capsule_structure,True,1.0
http://bioontology.org/projects/ontologies/fma/fmaOwlDlComponent_2_0#Posterior_nasal_aperture,http://www.ihtsdo.org/snomed#Structure_of_choana,True,1.0
http://bioontology.org/projects/ontologies/fma/fmaOwlDlComponent_2_0#Mesoderm,http://www.ihtsdo.org/snomed#Mesoderm_structure,True,1.0
http://bioontology.org/projects/ontologies/fma/fmaOwlDlComponent_2_0#Postvesicular_lymph_node,http://www.ihtsdo.org/snomed#Structure_of_postvesicular_lymph_node,False,1.0
http://bioontology.org/projects/ontologies/fma/fmaOwlDlComponent_2_0#Anterior_ligament_of_malleus,http://www.ihtsdo.org/snomed#Structure_of_anterior_ligament_of_malleus,True,1.0
http://bioontology.org/projects/ontologies/fma/fmaOwlDlComponent_2_0#Tenth_external_intercostal_muscle,http://www.ihtsdo.org/snomed#Tenth_external_intercostal_muscle,True,1.0
http://bioontology.org/projects/ontologies/fma/fmaOwlDlComponent_2_0#Superior_palpebral_arch,http://www.ihtsdo.org/snomed#Structure_of_superior_palpebral_arch,True,1.0
http://bioontology.org/projects/ontologies/fma/fmaOwlDlComponent_2_0#Set_of_transverse_planes,http://www.ihtsdo.org/snomed#Transverse_plane,True,1.0
http://bioontology.org/projects/ontologies/fma/fmaOwlDlComponent_2_0#Principal_gland_of_fundus_of_stomach,http://www.ihtsdo.org/snomed#Structure_of_gastric_fundal_gland,True,1.0
http://bioontology.org/projects/ontologies/fma/fmaOwlDlComponent_2_0#Cystic_duct,http://www.ihtsdo.org/snomed#Cystic_duct_structure,True,1.0
http://bioontology.org/projects/ontologies/fma/fmaOwlDlComponent_2_0#Caudate_lobe_of_liver,http://www.ihtsdo.org/snomed#Structure_of_caudate_lobe_of_liver,True,1.0
http://bioontology.org/projects/ontologies/fma/fmaOwlDlComponent_2_0#Extrinsic_muscle_of_tongue,http://www.ihtsdo.org/snomed#Structure_of_extrinsic_muscle_of_tongue,True,1.0
http://bioontology.org/projects/ontologies/fma/fmaOwlDlComponent_2_0#Fascia_of_penis,http://www.ihtsdo.org/snomed#Structure_of_penile_fascia,True,1.0
http://bioontology.org/projects/ontologies/fma/fmaOwlDlComponent_2_0#Frontozygomatic_suture,http://www.ihtsdo.org/snomed#Structure_of_frontozygomatic_suture_of_skull,True,1.0
http://bioontology.org/projects/ontologies/fma/fmaOwlDlComponent_2_0#Left_anterior_basal_segmental_vein,http://www.ihtsdo.org/snomed#Structure_of_anterior_basal_branch_of_inferior_left_pulmonary_vein,True,1.0
http://bioontology.org/projects/ontologies/fma/fmaOwlDlComponent_2_0#Dorsal_radiocarpal_ligament,http://www.ihtsdo.org/snomed#Structure_of_dorsal_radiocarpal_ligament,True,1.0
http://bioontology.org/projects/ontologies/fma/fmaOwlDlComponent_2_0#Superficial_temporal_artery,http://www.ihtsdo.org/snomed#Structure_of_superficial_temporal_artery,True,1.0
http://bioontology.org/projects/ontologies/fma/fmaOwlDlComponent_2_0#Medial_branch_of_left_portal_vein,http://www.ihtsdo.org/snomed#Structure_of_medial_branch_of_left_portal_vein,True,1.0
http://bioontology.org/projects/ontologies/fma/fmaOwlDlComponent_2_0#Meningeal_branch_of_spinal_nerve,http://www.ihtsdo.org/snomed#Structure_of_spinal_nerve_meningeal_branch,True,1.0
http://bioontology.org/projects/ontologies/fma/fmaOwlDlComponent_2_0#Gastro_omental_lymph_node,http://www.ihtsdo.org/snomed#Structure_of_gastro_omental_lymph_node,True,1.0
http://bioontology.org/projects/ontologies/fma/fmaOwlDlComponent_2_0#Set_of_glenohumeral_ligaments,http://www.ihtsdo.org/snomed#Structure_of_glenohumeral_ligaments,False,1.0
http://bioontology.org/projects/ontologies/fma/fmaOwlDlComponent_2_0#Middle_phalanx_of_second_toe,http://www.ihtsdo.org/snomed#Structure_of_middle_phalanx_of_second_toe,True,1.0
http://bioontology.org/projects/ontologies/fma/fmaOwlDlComponent_2_0#Cortex_of_parietal_lobe,http://www.ihtsdo.org/snomed#Structure_of_cortex_of_parietal_lobe,True,1.0
http://bioontology.org/projects/ontologies/fma/fmaOwlDlComponent_2_0#Distal_part_of_ileum,http://www.ihtsdo.org/snomed#Structure_of_distal_portion_of_ileum,True,1.0
http://bioontology.org/projects/ontologies/fma/fmaOwlDlComponent_2_0#Midbrain,http://www.ihtsdo.org/snomed#Midbrain_structure,True,1.0
http://bioontology.org/projects/ontologies/fma/fmaOwlDlComponent_2_0#Subdeltoid_bursa,http://www.ihtsdo.org/snomed#Structure_of_subdeltoid_bursa,True,1.0
http://bioontology.org/projects/ontologies/fma/fmaOwlDlComponent_2_0#Capitulum_of_humerus,http://www.ihtsdo.org/snomed#Structure_of_capitulum_of_humerus,True,1.0
http://bioontology.org/projects/ontologies/fma/fmaOwlDlComponent_2_0#Tubercle_of_scaphoid,http://www.ihtsdo.org/snomed#Structure_of_scaphoid_tubercle,False,1.0
http://bioontology.org/projects/ontologies/fma/fmaOwlDlComponent_2_0#Inflow_part_of_left_ventricle,http://www.ihtsdo.org/snomed#Structure_of_inflow_tract_of_left_ventricle,True,1.0
http://bioontology.org/projects/ontologies/fma/fmaOwlDlComponent_2_0#Macula_densa,http://www.ihtsdo.org/snomed#Structure_of_macula_densa,True,1.0
http://bioontology.org/projects/ontologies/fma/fmaOwlDlComponent_2_0#Retina,http://www.ihtsdo.org/snomed#Structure_of_tunica_interna_of_eyeball,True,1.0
http://bioontology.org/projects/ontologies/fma/fmaOwlDlComponent_2_0#Body_of_fourth_thoracic_vertebra,http://www.ihtsdo.org/snomed#Structure_of_body_of_fourth_thoracic_vertebra,True,1.0
http://bioontology.org/projects/ontologies/fma/fmaOwlDlComponent_2_0#Acromial_end_of_clavicle,http://www.ihtsdo.org/snomed#Structure_of_acromial_end_of_clavicle,True,1.0
http://bioontology.org/projects/ontologies/fma/fmaOwlDlComponent_2_0#Set_of_ureteric_branches_of_testicular_artery,http://www.ihtsdo.org/snomed#Structure_of_ureteral_branch_of_testicular_artery,True,1.0
http://bioontology.org/projects/ontologies/fma/fmaOwlDlComponent_2_0#Dorsal_digital_artery_of_foot,http://www.ihtsdo.org/snomed#Structure_of_dorsal_digital_artery_of_foot,True,1.0
http://bioontology.org/projects/ontologies/fma/fmaOwlDlComponent_2_0#Orbital_part_of_lacrimal_gland,http://www.ihtsdo.org/snomed#Structure_of_orbital_part_of_lacrimal_gland,True,1.0
http://bioontology.org/projects/ontologies/fma/fmaOwlDlComponent_2_0#Retrohyoid_bursa,http://www.ihtsdo.org/snomed#Structure_of_retrohyoid_bursa,True,1.0
http://bioontology.org/projects/ontologies/fma/fmaOwlDlComponent_2_0#Brachiocephalic_artery,http://www.ihtsdo.org/snomed#Structure_of_brachiocephalic_artery,True,1.0
http://bioontology.org/projects/ontologies/fma/fmaOwlDlComponent_2_0#Superior_pancreaticoduodenal_artery,http://www.ihtsdo.org/snomed#Structure_of_superior_pancreaticoduodenal_artery,True,1.0
http://bioontology.org/projects/ontologies/fma/fmaOwlDlComponent_2_0#Skin_of_little_toe,http://www.ihtsdo.org/snomed#Skin_structure_of_fifth_toe,True,1.0
http://bioontology.org/projects/ontologies/fma/fmaOwlDlComponent_2_0#Left_colic_vein,http://www.ihtsdo.org/snomed#Structure_of_left_colic_vein,True,1.0
http://bioontology.org/projects/ontologies/fma/fmaOwlDlComponent_2_0#Body_of_sixth_rib,http://www.ihtsdo.org/snomed#Structure_of_shaft_of_sixth_rib,True,1.0
http://bioontology.org/projects/ontologies/fma/fmaOwlDlComponent_2_0#Septal_papillary_muscle_of_right_ventricle,http://www.ihtsdo.org/snomed#Structure_of_septal_papillary_muscle_of_right_ventricle,True,1.0
http://bioontology.org/projects/ontologies/fma/fmaOwlDlComponent_2_0#Pyloric_antrum,http://www.ihtsdo.org/snomed#Pyloric_antrum_structure,True,1.0
http://bioontology.org/projects/ontologies/fma/fmaOwlDlComponent_2_0#Set_of_zonular_fibers,http://www.ihtsdo.org/snomed#Structure_of_zonular_fibers,False,1.0
http://bioontology.org/projects/ontologies/fma/fmaOwlDlComponent_2_0#Inferior_pole_of_right_kidney,http://www.ihtsdo.org/snomed#Lower_pole_right_kidney,True,1.0
http://bioontology.org/projects/ontologies/fma/fmaOwlDlComponent_2_0#Anulus_fibrosus_of_intervertebral_disk_of_second_thoracic_vertebra,http://www.ihtsdo.org/snomed#Structure_of_anulus_fibrosus_of_intervertebral_disc_of_second_thoracic_vertebra,True,1.0
http://bioontology.org/projects/ontologies/fma/fmaOwlDlComponent_2_0#Inferior_parietal_lobule,http://www.ihtsdo.org/snomed#Inferior_parietal_lobule_structure,True,1.0
http://bioontology.org/projects/ontologies/fma/fmaOwlDlComponent_2_0#Right_second_lumbar_vein,http://www.ihtsdo.org/snomed#Structure_of_second_right_lumbar_vein,True,1.0
http://bioontology.org/projects/ontologies/fma/fmaOwlDlComponent_2_0#Hilum_of_dentate_nucleus,http://www.ihtsdo.org/snomed#Structure_of_hilum_of_dentate_nucleus,False,1.0
http://bioontology.org/projects/ontologies/fma/fmaOwlDlComponent_2_0#Hilus_cell_of_ovary,http://www.ihtsdo.org/snomed#Structure_of_hilar_cell_of_ovary,False,1.0
http://bioontology.org/projects/ontologies/fma/fmaOwlDlComponent_2_0#Plantar_intercuneiform_ligament,http://www.ihtsdo.org/snomed#Structure_of_plantar_intercuneiform_ligaments,True,1.0
http://bioontology.org/projects/ontologies/fma/fmaOwlDlComponent_2_0#Set_of_muscular_branches_of_ulnar_nerve,http://www.ihtsdo.org/snomed#Structure_of_ulnar_nerve_muscular_branches,True,1.0
http://bioontology.org/projects/ontologies/fma/fmaOwlDlComponent_2_0#Gastric_branch_of_vagus_nerve,http://www.ihtsdo.org/snomed#Structure_of_vagus_nerve_gastric_branch,True,1.0
http://bioontology.org/projects/ontologies/fma/fmaOwlDlComponent_2_0#Distal_epiphysis_of_phalanx_of_little_finger,http://www.ihtsdo.org/snomed#Structure_of_distal_phalanx_of_little_finger,True,1.0
http://bioontology.org/projects/ontologies/fma/fmaOwlDlComponent_2_0#Occipital_vein,http://www.ihtsdo.org/snomed#Structure_of_occipital_vein,False,1.0
http://bioontology.org/projects/ontologies/fma/fmaOwlDlComponent_2_0#Appendicular_vein,http://www.ihtsdo.org/snomed#Structure_of_appendicular_vein,True,1.0
http://bioontology.org/projects/ontologies/fma/fmaOwlDlComponent_2_0#Cerebellar_cortex,http://www.ihtsdo.org/snomed#Cerebellar_cortex_structure,True,1.0
http://bioontology.org/projects/ontologies/fma/fmaOwlDlComponent_2_0#Palmar_ligament_of_intermetacarpal_joint,http://www.ihtsdo.org/snomed#Structure_of_palmar_metacarpal_ligaments,False,1.0
http://bioontology.org/projects/ontologies/fma/fmaOwlDlComponent_2_0#Upper_eyelid,http://www.ihtsdo.org/snomed#Upper_eyelid_structure,True,1.0
http://bioontology.org/projects/ontologies/fma/fmaOwlDlComponent_2_0#Body_of_epididymis,http://www.ihtsdo.org/snomed#Structure_of_body_of_epididymis,True,1.0
http://bioontology.org/projects/ontologies/fma/fmaOwlDlComponent_2_0#Set_of_dorsal_tarsal_ligaments,http://www.ihtsdo.org/snomed#Structure_of_dorsal_tarsal_ligaments,True,1.0
http://bioontology.org/projects/ontologies/fma/fmaOwlDlComponent_2_0#Hypophysial_fossa,http://www.ihtsdo.org/snomed#Structure_of_pituitary_fossa,True,1.0
http://bioontology.org/projects/ontologies/fma/fmaOwlDlComponent_2_0#Right_palatine_tonsil,http://www.ihtsdo.org/snomed#Right_faucial_tonsil_structure,True,1.0
http://bioontology.org/projects/ontologies/fma/fmaOwlDlComponent_2_0#White_matter_of_parietal_lobe,http://www.ihtsdo.org/snomed#Structure_of_white_matter_of_parietal_lobe,True,1.0
http://bioontology.org/projects/ontologies/fma/fmaOwlDlComponent_2_0#Pontine_cistern,http://www.ihtsdo.org/snomed#Structure_of_cisterna_pontis,True,1.0
http://bioontology.org/projects/ontologies/fma/fmaOwlDlComponent_2_0#Palmar_surface_of_ring_finger,http://www.ihtsdo.org/snomed#Structure_of_palmar_surface_of_ring_finger,True,1.0
http://bioontology.org/projects/ontologies/fma/fmaOwlDlComponent_2_0#Middle_lobar_vein,http://www.ihtsdo.org/snomed#Structure_of_middle_lobe_branch_of_superior_right_pulmonary_vein,True,1.0
http://bioontology.org/projects/ontologies/fma/fmaOwlDlComponent_2_0#Diaphysis_of_fourth_metatarsal_bone,http://www.ihtsdo.org/snomed#Structure_of_shaft_of_fourth_metatarsal_bone,True,1.0
http://bioontology.org/projects/ontologies/fma/fmaOwlDlComponent_2_0#Pyloric_lymph_node,http://www.ihtsdo.org/snomed#Structure_of_pyloric_lymph_node,True,1.0
http://bioontology.org/projects/ontologies/fma/fmaOwlDlComponent_2_0#Set_of_zonular_spaces,http://www.ihtsdo.org/snomed#Structure_of_zonular_spaces,True,1.0
http://bioontology.org/projects/ontologies/fma/fmaOwlDlComponent_2_0#Brachiocephalic_lymph_node,http://www.ihtsdo.org/snomed#Structure_of_innominate_lymph_node,True,1.0
http://bioontology.org/projects/ontologies/fma/fmaOwlDlComponent_2_0#Ventral_nuclear_group_of_thalamus,http://www.ihtsdo.org/snomed#Structure_of_ventral_nuclear_group_of_thalamus,True,1.0
http://bioontology.org/projects/ontologies/fma/fmaOwlDlComponent_2_0#Tendon_of_third_lumbrical_of_hand,http://www.ihtsdo.org/snomed#Tendon_of_third_lumbrical_muscle_of_hand,True,1.0
http://bioontology.org/projects/ontologies/fma/fmaOwlDlComponent_2_0#Umbilical_cord,http://www.ihtsdo.org/snomed#Umbilical_cord_structure,True,1.0
http://bioontology.org/projects/ontologies/fma/fmaOwlDlComponent_2_0#Inferior_articular_process_of_eighth_thoracic_vertebra,http://www.ihtsdo.org/snomed#Structure_of_inferior_articular_process_of_eighth_thoracic_vertebra,True,1.0
http://bioontology.org/projects/ontologies/fma/fmaOwlDlComponent_2_0#Pedicle_of_eleventh_thoracic_vertebra,http://www.ihtsdo.org/snomed#Structure_of_pedicle_of_eleventh_thoracic_vertebra,True,1.0
http://bioontology.org/projects/ontologies/fma/fmaOwlDlComponent_2_0#Lateral_bicipital_groove,http://www.ihtsdo.org/snomed#Structure_of_lateral_bicipital_sulcus,True,1.0
http://bioontology.org/projects/ontologies/fma/fmaOwlDlComponent_2_0#Secondary_molar_tooth,http://www.ihtsdo.org/snomed#Structure_of_second_molar_tooth,False,1.0
http://bioontology.org/projects/ontologies/fma/fmaOwlDlComponent_2_0#Lacrimal_nerve,http://www.ihtsdo.org/snomed#Structure_of_lacrimal_nerve,False,1.0
http://bioontology.org/projects/ontologies/fma/fmaOwlDlComponent_2_0#Auriculotemporal_nerve,http://www.ihtsdo.org/snomed#Structure_of_auriculotemporal_nerve,False,1.0
http://bioontology.org/projects/ontologies/fma/fmaOwlDlComponent_2_0#Anterior_semicircular_canal,http://www.ihtsdo.org/snomed#Structure_of_anterior_semicircular_canal,False,1.0
http://bioontology.org/projects/ontologies/fma/fmaOwlDlComponent_2_0#Anteroventral_nucleus,http://www.ihtsdo.org/snomed#Structure_of_ventral_anterior_nucleus_of_thalamus,True,1.0
http://bioontology.org/projects/ontologies/fma/fmaOwlDlComponent_2_0#Upper_lobe_of_left_lung,http://www.ihtsdo.org/snomed#Structure_of_left_upper_lobe_of_lung,True,1.0
http://bioontology.org/projects/ontologies/fma/fmaOwlDlComponent_2_0#Anterior_vestibular_artery,http://www.ihtsdo.org/snomed#Structure_of_anterior_vestibular_artery,True,1.0
http://bioontology.org/projects/ontologies/fma/fmaOwlDlComponent_2_0#Perirenal_fat_capsule,http://www.ihtsdo.org/snomed#Structure_of_fatty_capsule_of_kidney,True,1.0
http://bioontology.org/projects/ontologies/fma/fmaOwlDlComponent_2_0#Ligament_of_ankle_joint,http://www.ihtsdo.org/snomed#Structure_of_ligament_of_ankle_joint,True,1.0
http://bioontology.org/projects/ontologies/fma/fmaOwlDlComponent_2_0#Serosa_of_uterus,http://www.ihtsdo.org/snomed#Structure_of_uterine_serosa,True,1.0
http://bioontology.org/projects/ontologies/fma/fmaOwlDlComponent_2_0#Nail_of_fourth_toe,http://www.ihtsdo.org/snomed#Structure_of_nail_of_fourth_toe,True,1.0
http://bioontology.org/projects/ontologies/fma/fmaOwlDlComponent_2_0#Ligament_of_carpometacarpal_joint,http://www.ihtsdo.org/snomed#Structure_of_ligament_of_carpometacarpal_joint,True,1.0
http://bioontology.org/projects/ontologies/fma/fmaOwlDlComponent_2_0#Set_of_pharyngeal_branches_of_ascending_pharyngeal_artery,http://www.ihtsdo.org/snomed#Structure_of_pharyngeal_branches_of_ascending_pharyngeal_artery,True,1.0
http://bioontology.org/projects/ontologies/fma/fmaOwlDlComponent_2_0#Tendon_of_fourth_lumbrical_of_hand,http://www.ihtsdo.org/snomed#Tendon_of_fourth_lumbrical_muscle_of_hand,True,1.0
http://bioontology.org/projects/ontologies/fma/fmaOwlDlComponent_2_0#Superior_gluteal_nerve,http://www.ihtsdo.org/snomed#Structure_of_superior_gluteal_nerve,False,1.0
http://bioontology.org/projects/ontologies/fma/fmaOwlDlComponent_2_0#Anterior_talofibular_ligament,http://www.ihtsdo.org/snomed#Structure_of_anterior_talofibular_ligament,False,1.0
http://bioontology.org/projects/ontologies/fma/fmaOwlDlComponent_2_0#Dorsal_tegmental_decussation,http://www.ihtsdo.org/snomed#Structure_of_dorsal_tegmental_decussation,True,1.0
http://bioontology.org/projects/ontologies/fma/fmaOwlDlComponent_2_0#Dorsal_scapular_nerve,http://www.ihtsdo.org/snomed#Structure_of_dorsal_scapular_nerve,True,1.0
http://bioontology.org/projects/ontologies/fma/fmaOwlDlComponent_2_0#Ileal_diverticulum,http://www.ihtsdo.org/snomed#Meckel_s_diverticulum_NOS,True,1.0
http://bioontology.org/projects/ontologies/fma/fmaOwlDlComponent_2_0#Ligament_of_knee_joint,http://www.ihtsdo.org/snomed#Structure_of_ligament_of_knee_joint,True,1.0
http://bioontology.org/projects/ontologies/fma/fmaOwlDlComponent_2_0#Inferior_cerebellar_peduncle,http://www.ihtsdo.org/snomed#Inferior_cerebellar_peduncle_structure,True,1.0
http://bioontology.org/projects/ontologies/fma/fmaOwlDlComponent_2_0#Short_vinculum_of_tendon,http://www.ihtsdo.org/snomed#Structure_of_vinculum_breve,True,1.0
http://bioontology.org/projects/ontologies/fma/fmaOwlDlComponent_2_0#Deep_layer_of_temporal_fascia,http://www.ihtsdo.org/snomed#Structure_of_deep_layer_of_temporal_fascia,True,1.0
http://bioontology.org/projects/ontologies/fma/fmaOwlDlComponent_2_0#Pyloric_gland,http://www.ihtsdo.org/snomed#Structure_of_pyloric_gland,True,1.0
http://bioontology.org/projects/ontologies/fma/fmaOwlDlComponent_2_0#Third_costal_cartilage,http://www.ihtsdo.org/snomed#Structure_of_third_costal_cartilage,True,1.0
http://bioontology.org/projects/ontologies/fma/fmaOwlDlComponent_2_0#Set_of_straight_seminiferous_tubules,http://www.ihtsdo.org/snomed#Structure_of_straight_seminiferous_tubule,True,1.0
http://bioontology.org/projects/ontologies/fma/fmaOwlDlComponent_2_0#Thoracic_cardiac_branch_of_vagus_nerve,http://www.ihtsdo.org/snomed#Structure_of_vagus_nerve_cardiac_thoracic_branch,True,1.0
http://bioontology.org/projects/ontologies/fma/fmaOwlDlComponent_2_0#Nerve_to_stylohyoid,http://www.ihtsdo.org/snomed#Nerve_to_stylohyoid,True,1.0
http://bioontology.org/projects/ontologies/fma/fmaOwlDlComponent_2_0#Middle_clinoid_process,http://www.ihtsdo.org/snomed#Structure_of_middle_clinoid_process,True,1.0
http://bioontology.org/projects/ontologies/fma/fmaOwlDlComponent_2_0#Root_of_tongue,http://www.ihtsdo.org/snomed#Structure_of_root_of_tongue,True,1.0
http://bioontology.org/projects/ontologies/fma/fmaOwlDlComponent_2_0#Tributary_of_internal_pudendal_vein,http://www.ihtsdo.org/snomed#Structure_of_tributary_of_internal_pudendal_vein,True,1.0
http://bioontology.org/projects/ontologies/fma/fmaOwlDlComponent_2_0#Blastocyst,http://www.ihtsdo.org/snomed#Blastocyst_structure,True,1.0
http://bioontology.org/projects/ontologies/fma/fmaOwlDlComponent_2_0#Styloid_process_of_ulna,http://www.ihtsdo.org/snomed#Structure_of_styloid_process_of_ulna,True,1.0
http://bioontology.org/projects/ontologies/fma/fmaOwlDlComponent_2_0#Ascending_palatine_artery,http://www.ihtsdo.org/snomed#Structure_of_ascending_palatine_artery,True,1.0
http://bioontology.org/projects/ontologies/fma/fmaOwlDlComponent_2_0#Intervertebral_foramen_of_lumbar_vertebra,http://www.ihtsdo.org/snomed#Structure_of_intervertebral_foramen_of_lumbar_vertebra,True,1.0
http://bioontology.org/projects/ontologies/fma/fmaOwlDlComponent_2_0#Utriculosaccular_duct,http://www.ihtsdo.org/snomed#Structure_of_utriculosaccular_duct,True,1.0
http://bioontology.org/projects/ontologies/fma/fmaOwlDlComponent_2_0#Set_of_trunks_of_brachial_nerve_plexus,http://www.ihtsdo.org/snomed#Trunk_of_brachial_plexus,True,1.0
http://bioontology.org/projects/ontologies/fma/fmaOwlDlComponent_2_0#Anterior_division_of_renal_artery,http://www.ihtsdo.org/snomed#Structure_of_anterior_division_of_renal_artery,False,1.0
http://bioontology.org/projects/ontologies/fma/fmaOwlDlComponent_2_0#Anterior_conjunctival_artery,http://www.ihtsdo.org/snomed#Structure_of_anterior_conjunctival_artery,True,1.0
http://bioontology.org/projects/ontologies/fma/fmaOwlDlComponent_2_0#Anterior_meniscofemoral_ligament,http://www.ihtsdo.org/snomed#Structure_of_anterior_meniscofemoral_ligament,True,1.0
http://bioontology.org/projects/ontologies/fma/fmaOwlDlComponent_2_0#Pituitary_cell,http://www.ihtsdo.org/snomed#Pituitary_cell,True,1.0
http://bioontology.org/projects/ontologies/fma/fmaOwlDlComponent_2_0#Skin_of_mons_pubis,http://www.ihtsdo.org/snomed#Skin_structure_of_mons_pubis,True,1.0
http://bioontology.org/projects/ontologies/fma/fmaOwlDlComponent_2_0#Muscle_of_medial_compartment_of_thigh,http://www.ihtsdo.org/snomed#Medial_muscle_of_thigh,True,1.0
http://bioontology.org/projects/ontologies/fma/fmaOwlDlComponent_2_0#Skin_of_thorax,http://www.ihtsdo.org/snomed#Skin_structure_of_chest,True,1.0
http://bioontology.org/projects/ontologies/fma/fmaOwlDlComponent_2_0#Muscular_branch_of_occipital_artery,http://www.ihtsdo.org/snomed#Structure_of_muscular_branches_of_occipital_artery,True,1.0
http://bioontology.org/projects/ontologies/fma/fmaOwlDlComponent_2_0#Set_of_laryngeal_muscles,http://www.ihtsdo.org/snomed#Laryngeal_muscle_structure,True,1.0
http://bioontology.org/projects/ontologies/fma/fmaOwlDlComponent_2_0#Suboccipital_nerve,http://www.ihtsdo.org/snomed#Structure_of_suboccipital_nerve,True,1.0
http://bioontology.org/projects/ontologies/fma/fmaOwlDlComponent_2_0#Intervertebral_disk_of_eleventh_thoracic_vertebra,http://www.ihtsdo.org/snomed#Intervertebral_disc_structure_of_eleventh_thoracic_vertebra,True,1.0
http://bioontology.org/projects/ontologies/fma/fmaOwlDlComponent_2_0#Skin_of_clitoris,http://www.ihtsdo.org/snomed#Clitoris_part,True,1.0
http://bioontology.org/projects/ontologies/fma/fmaOwlDlComponent_2_0#Medial_supraclavicular_nerve,http://www.ihtsdo.org/snomed#Medial_supraclavicular_nerves,True,1.0
http://bioontology.org/projects/ontologies/fma/fmaOwlDlComponent_2_0#Plica_semilunaris_of_conjunctiva,http://www.ihtsdo.org/snomed#Structure_of_semilunar_fold_of_conjunctiva,True,1.0
http://bioontology.org/projects/ontologies/fma/fmaOwlDlComponent_2_0#Second_coccygeal_vertebra,http://www.ihtsdo.org/snomed#Structure_of_second_coccygeal_vertebra,True,1.0
http://bioontology.org/projects/ontologies/fma/fmaOwlDlComponent_2_0#Olfactory_nerve,http://www.ihtsdo.org/snomed#Olfactory_nerve_structure,True,1.0
http://bioontology.org/projects/ontologies/fma/fmaOwlDlComponent_2_0#External_orifice_of_male_urethra,http://www.ihtsdo.org/snomed#Male_external_urethral_orifice,True,1.0
http://bioontology.org/projects/ontologies/fma/fmaOwlDlComponent_2_0#Vena_comitans_of_hypoglossal_nerve,http://www.ihtsdo.org/snomed#Structure_of_vena_comitans_nervi_hypoglossi,True,1.0
http://bioontology.org/projects/ontologies/fma/fmaOwlDlComponent_2_0#Right_subsuperior_segmental_bronchus,http://www.ihtsdo.org/snomed#Structure_of_right_subapical_segmental_bronchus,True,1.0
http://bioontology.org/projects/ontologies/fma/fmaOwlDlComponent_2_0#Joint_cavity,http://www.ihtsdo.org/snomed#Structure_of_joint_cavity,True,1.0
http://bioontology.org/projects/ontologies/fma/fmaOwlDlComponent_2_0#Head_of_eighth_rib,http://www.ihtsdo.org/snomed#Structure_of_neck_of_eighth_rib,False,1.0
http://bioontology.org/projects/ontologies/fma/fmaOwlDlComponent_2_0#Alveolar_atrium,http://www.ihtsdo.org/snomed#Structure_of_atrium_of_alveolus,True,1.0
http://bioontology.org/projects/ontologies/fma/fmaOwlDlComponent_2_0#Left_wrist,http://www.ihtsdo.org/snomed#Structure_of_left_wrist,True,1.0
http://bioontology.org/projects/ontologies/fma/fmaOwlDlComponent_2_0#Femoral_ring,http://www.ihtsdo.org/snomed#Structure_of_femoral_ring,True,1.0
http://bioontology.org/projects/ontologies/fma/fmaOwlDlComponent_2_0#Celiac_nerve_plexus,http://www.ihtsdo.org/snomed#Celiac_nervous_plexus_structure,True,1.0
http://bioontology.org/projects/ontologies/fma/fmaOwlDlComponent_2_0#Lamina_of_twelfth_thoracic_vertebra,http://www.ihtsdo.org/snomed#Structure_of_lamina_of_twelfth_thoracic_vertebra,True,1.0
http://bioontology.org/projects/ontologies/fma/fmaOwlDlComponent_2_0#Left_lobe_of_thyroid_gland,http://www.ihtsdo.org/snomed#Structure_of_left_lobe_of_thyroid_gland,True,1.0
http://bioontology.org/projects/ontologies/fma/fmaOwlDlComponent_2_0#Superior_flexure_of_duodenum,http://www.ihtsdo.org/snomed#Structure_of_superior_flexure_of_duodenum,True,1.0
http://bioontology.org/projects/ontologies/fma/fmaOwlDlComponent_2_0#Costal_groove_of_ninth_rib,http://www.ihtsdo.org/snomed#Structure_of_costal_groove_of_ninth_rib,True,1.0
http://bioontology.org/projects/ontologies/fma/fmaOwlDlComponent_2_0#Skin_of_forehead,http://www.ihtsdo.org/snomed#Skin_structure_of_forehead,True,1.0
http://bioontology.org/projects/ontologies/fma/fmaOwlDlComponent_2_0#Distal_phalanx_of_index_finger,http://www.ihtsdo.org/snomed#Structure_of_distal_phalanx_of_index_finger,True,1.0
http://bioontology.org/projects/ontologies/fma/fmaOwlDlComponent_2_0#Ethmoidal_infundibulum,http://www.ihtsdo.org/snomed#Structure_of_ethmoidal_infundibulum,True,1.0
http://bioontology.org/projects/ontologies/fma/fmaOwlDlComponent_2_0#Flocculonodular_lobe_of_cerebellum,http://www.ihtsdo.org/snomed#Flocculonodular_lobe_structure,True,1.0
http://bioontology.org/projects/ontologies/fma/fmaOwlDlComponent_2_0#Intervertebral_disk_of_thoracic_vertebra,http://www.ihtsdo.org/snomed#Intervertebral_disc_structure_of_tenth_thoracic_vertebra,True,1.0
http://bioontology.org/projects/ontologies/fma/fmaOwlDlComponent_2_0#Left_diagonal_artery,http://www.ihtsdo.org/snomed#Structure_of_diagonal_branch_of_anterior_descending_branch_of_left_coronary_artery,False,1.0
http://bioontology.org/projects/ontologies/fma/fmaOwlDlComponent_2_0#Saphenous_nerve,http://www.ihtsdo.org/snomed#Structure_of_saphenous_nerve,False,1.0
http://bioontology.org/projects/ontologies/fma/fmaOwlDlComponent_2_0#Middle_mediastinum,http://www.ihtsdo.org/snomed#Middle_mediastinum_structure,True,1.0
http://bioontology.org/projects/ontologies/fma/fmaOwlDlComponent_2_0#Posterior_gastric_artery,http://www.ihtsdo.org/snomed#Structure_of_posterior_gastric_artery,True,1.0
http://bioontology.org/projects/ontologies/fma/fmaOwlDlComponent_2_0#Tributary_of_deep_middle_cerebral_vein,http://www.ihtsdo.org/snomed#Structure_of_tributary_of_deep_middle_cerebral_vein,True,1.0
http://bioontology.org/projects/ontologies/fma/fmaOwlDlComponent_2_0#Tributary_of_small_saphenous_vein,http://www.ihtsdo.org/snomed#Structure_of_tributary_of_small_saphenous_vein,True,1.0
http://bioontology.org/projects/ontologies/fma/fmaOwlDlComponent_2_0#Lingual_aponeurosis,http://www.ihtsdo.org/snomed#Structure_of_aponeurosis_of_tongue,True,1.0
http://bioontology.org/projects/ontologies/fma/fmaOwlDlComponent_2_0#Stylomastoid_artery,http://www.ihtsdo.org/snomed#Structure_of_stylomastoid_artery,False,1.0
http://bioontology.org/projects/ontologies/fma/fmaOwlDlComponent_2_0#Radial_artery,http://www.ihtsdo.org/snomed#Structure_of_radial_artery,False,1.0
http://bioontology.org/projects/ontologies/fma/fmaOwlDlComponent_2_0#Body_of_rib,http://www.ihtsdo.org/snomed#Structure_of_shaft_of_rib,True,1.0
http://bioontology.org/projects/ontologies/fma/fmaOwlDlComponent_2_0#Central_tegmental_tract,http://www.ihtsdo.org/snomed#Structure_of_central_tegmental_tract,True,1.0
http://bioontology.org/projects/ontologies/fma/fmaOwlDlComponent_2_0#Dorsal_surface_of_finger,http://www.ihtsdo.org/snomed#Structure_of_dorsal_surface_of_finger,True,1.0
http://bioontology.org/projects/ontologies/fma/fmaOwlDlComponent_2_0#Set_of_deep_temporal_nerves,http://www.ihtsdo.org/snomed#Structure_of_deep_temporal_nerve,False,1.0
http://bioontology.org/projects/ontologies/fma/fmaOwlDlComponent_2_0#Pedicle_of_seventh_cervical_vertebra,http://www.ihtsdo.org/snomed#Structure_of_pedicle_of_seventh_cervical_vertebra,True,1.0
http://bioontology.org/projects/ontologies/fma/fmaOwlDlComponent_2_0#Dorsal_artery_of_penis,http://www.ihtsdo.org/snomed#Structure_of_dorsal_artery_of_penis,True,1.0
http://bioontology.org/projects/ontologies/fma/fmaOwlDlComponent_2_0#Spinal_tract_of_trigeminal_nerve,http://www.ihtsdo.org/snomed#Structure_of_trigeminal_nerve_spinal_tract,True,1.0
http://bioontology.org/projects/ontologies/fma/fmaOwlDlComponent_2_0#Capsule_of_thymus,http://www.ihtsdo.org/snomed#Structure_of_thymic_capsule,True,1.0
http://bioontology.org/projects/ontologies/fma/fmaOwlDlComponent_2_0#Spinous_process_of_cervical_vertebra,http://www.ihtsdo.org/snomed#Structure_of_spinous_process_of_cervical_vertebra,True,1.0
http://bioontology.org/projects/ontologies/fma/fmaOwlDlComponent_2_0#Interlobular_vein_of_liver,http://www.ihtsdo.org/snomed#Structure_of_interlobular_vein_of_liver,True,1.0
http://bioontology.org/projects/ontologies/fma/fmaOwlDlComponent_2_0#Hemidiaphragm,http://www.ihtsdo.org/snomed#Structure_of_hemidiaphragm,False,1.0
http://bioontology.org/projects/ontologies/fma/fmaOwlDlComponent_2_0#Internal_thoracic_artery,http://www.ihtsdo.org/snomed#Structure_of_internal_thoracic_artery,True,1.0
http://bioontology.org/projects/ontologies/fma/fmaOwlDlComponent_2_0#Superior_cerebellar_artery,http://www.ihtsdo.org/snomed#Structure_of_superior_cerebellar_artery,True,1.0
http://bioontology.org/projects/ontologies/fma/fmaOwlDlComponent_2_0#Zygomatic_arch,http://www.ihtsdo.org/snomed#Zygomatic_arch_structure,True,1.0
http://bioontology.org/projects/ontologies/fma/fmaOwlDlComponent_2_0#Left_internal_iliac_artery,http://www.ihtsdo.org/snomed#Branch_of_internal_iliac_artery,False,1.0
http://bioontology.org/projects/ontologies/fma/fmaOwlDlComponent_2_0#Capsule_of_lymph_node,http://www.ihtsdo.org/snomed#Structure_of_capsule_of_lymph_node,True,1.0
http://bioontology.org/projects/ontologies/fma/fmaOwlDlComponent_2_0#Suprascapular_nerve,http://www.ihtsdo.org/snomed#Structure_of_suprascapular_nerve,True,1.0
http://bioontology.org/projects/ontologies/fma/fmaOwlDlComponent_2_0#Great_auricular_nerve,http://www.ihtsdo.org/snomed#Structure_of_great_auricular_nerve,False,1.0
http://bioontology.org/projects/ontologies/fma/fmaOwlDlComponent_2_0#Anterior_lobe_of_cerebellum,http://www.ihtsdo.org/snomed#Paleocerebellar_structure,False,1.0
http://bioontology.org/projects/ontologies/fma/fmaOwlDlComponent_2_0#Serosa_of_gallbladder,http://www.ihtsdo.org/snomed#Structure_of_serosa_of_gallbladder,True,1.0
http://bioontology.org/projects/ontologies/fma/fmaOwlDlComponent_2_0#Pulmonary_arterial_trunk,http://www.ihtsdo.org/snomed#Structure_of_trunk_of_pulmonary_artery,True,1.0
http://bioontology.org/projects/ontologies/fma/fmaOwlDlComponent_2_0#Rhomboid_minor,http://www.ihtsdo.org/snomed#Structure_of_rhomboid_minor_muscle,True,1.0
http://bioontology.org/projects/ontologies/fma/fmaOwlDlComponent_2_0#Base_of_patella,http://www.ihtsdo.org/snomed#Structure_of_base_of_patella,True,1.0
http://bioontology.org/projects/ontologies/fma/fmaOwlDlComponent_2_0#Set_of_anterior_auricular_branches_of_superficial_temporal_artery,http://www.ihtsdo.org/snomed#Structure_of_anterior_auricular_branch_of_superficial_temporal_artery,True,1.0
http://bioontology.org/projects/ontologies/fma/fmaOwlDlComponent_2_0#Lacrimal_fold,http://www.ihtsdo.org/snomed#Structure_of_lacrimal_fold,False,1.0
http://bioontology.org/projects/ontologies/fma/fmaOwlDlComponent_2_0#Right_ovarian_vein,http://www.ihtsdo.org/snomed#Structure_of_right_ovarian_vein,False,1.0
http://bioontology.org/projects/ontologies/fma/fmaOwlDlComponent_2_0#Superior_pole_of_left_kidney,http://www.ihtsdo.org/snomed#Upper_pole_left_kidney,True,1.0
http://bioontology.org/projects/ontologies/fma/fmaOwlDlComponent_2_0#Set_of_interspinous_ligaments,http://www.ihtsdo.org/snomed#Structure_of_interspinous_ligament,True,1.0
http://bioontology.org/projects/ontologies/fma/fmaOwlDlComponent_2_0#Set_of_constrictor_muscles_of_pharynx,http://www.ihtsdo.org/snomed#Constrictor_muscle_of_pharynx_structure,True,1.0
http://bioontology.org/projects/ontologies/fma/fmaOwlDlComponent_2_0#Interpubic_disk,http://www.ihtsdo.org/snomed#Structure_of_interpubic_disc,True,1.0
http://bioontology.org/projects/ontologies/fma/fmaOwlDlComponent_2_0#Epicondyle,http://www.ihtsdo.org/snomed#Structure_of_epicondyle,False,1.0
http://bioontology.org/projects/ontologies/fma/fmaOwlDlComponent_2_0#Set_of_masticatory_muscles,http://www.ihtsdo.org/snomed#Structure_of_muscle_of_mastication,True,1.0
http://bioontology.org/projects/ontologies/fma/fmaOwlDlComponent_2_0#Emboliform_nucleus,http://www.ihtsdo.org/snomed#Structure_of_cerebellar_emboliform_nucleus,True,1.0
http://bioontology.org/projects/ontologies/fma/fmaOwlDlComponent_2_0#Dorsal_lingual_vein,http://www.ihtsdo.org/snomed#Structure_of_dorsal_lingual_vein,True,1.0
http://bioontology.org/projects/ontologies/fma/fmaOwlDlComponent_2_0#Dorsal_ligament_of_intermetacarpal_joint,http://www.ihtsdo.org/snomed#Structure_of_dorsal_metacarpal_ligaments,True,1.0
http://bioontology.org/projects/ontologies/fma/fmaOwlDlComponent_2_0#Interstitial_tissue_of_spleen,http://www.ihtsdo.org/snomed#Structure_of_interstitial_tissue_of_spleen,True,1.0
http://bioontology.org/projects/ontologies/fma/fmaOwlDlComponent_2_0#Type_II_alveolar_epithelial_cell,http://www.ihtsdo.org/snomed#Pneumocyte_type_2,True,1.0
http://bioontology.org/projects/ontologies/fma/fmaOwlDlComponent_2_0#Lobule_of_parotid_gland,http://www.ihtsdo.org/snomed#Structure_of_lobe_of_parotid_gland,True,1.0
http://bioontology.org/projects/ontologies/fma/fmaOwlDlComponent_2_0#Prostatic_duct,http://www.ihtsdo.org/snomed#Prostatic_duct_structure,True,1.0
http://bioontology.org/projects/ontologies/fma/fmaOwlDlComponent_2_0#Sternocleidomastoid,http://www.ihtsdo.org/snomed#Structure_of_sternocleidomastoid_muscle,False,1.0
http://bioontology.org/projects/ontologies/fma/fmaOwlDlComponent_2_0#Umbilicus,http://www.ihtsdo.org/snomed#Umbilical_region_structure,True,1.0
http://bioontology.org/projects/ontologies/fma/fmaOwlDlComponent_2_0#Set_of_intercostobrachial_nerves,http://www.ihtsdo.org/snomed#Structure_of_intercostobrachial_nerve,True,1.0
http://bioontology.org/projects/ontologies/fma/fmaOwlDlComponent_2_0#Body_of_maxilla,http://www.ihtsdo.org/snomed#Structure_of_body_of_maxilla,False,1.0
http://bioontology.org/projects/ontologies/fma/fmaOwlDlComponent_2_0#Hypoglossal_nerve,http://www.ihtsdo.org/snomed#Hypoglossal_nerve_structure,True,1.0
http://bioontology.org/projects/ontologies/fma/fmaOwlDlComponent_2_0#Carotid_triangle,http://www.ihtsdo.org/snomed#Structure_of_carotid_triangle,True,1.0
http://bioontology.org/projects/ontologies/fma/fmaOwlDlComponent_2_0#Tendon_of_third_lumbrical_of_hand,http://www.ihtsdo.org/snomed#Third_lumbrical_muscle_of_hand,False,1.0
http://bioontology.org/projects/ontologies/fma/fmaOwlDlComponent_2_0#Set_of_aorticorenal_ganglia,http://www.ihtsdo.org/snomed#Structure_of_aorticorenal_ganglia,True,1.0
http://bioontology.org/projects/ontologies/fma/fmaOwlDlComponent_2_0#Corneal_endothelium,http://www.ihtsdo.org/snomed#Structure_of_corneal_endothelium,True,1.0
http://bioontology.org/projects/ontologies/fma/fmaOwlDlComponent_2_0#Infundibulum_of_hair_follicle,http://www.ihtsdo.org/snomed#Structure_of_infundibulum_of_hair_follicle,True,1.0
http://bioontology.org/projects/ontologies/fma/fmaOwlDlComponent_2_0#Variant_peritoneal_fold,http://www.ihtsdo.org/snomed#Structure_of_peritoneal_fold,True,1.0
http://bioontology.org/projects/ontologies/fma/fmaOwlDlComponent_2_0#Middle_meningeal_artery,http://www.ihtsdo.org/snomed#Structure_of_middle_meningeal_artery,True,1.0
http://bioontology.org/projects/ontologies/fma/fmaOwlDlComponent_2_0#Calamus_scriptorius,http://www.ihtsdo.org/snomed#Structure_of_calamus_scriptorius,True,1.0
http://bioontology.org/projects/ontologies/fma/fmaOwlDlComponent_2_0#Extreme_capsule,http://www.ihtsdo.org/snomed#Structure_of_extreme_capsule,True,1.0
http://bioontology.org/projects/ontologies/fma/fmaOwlDlComponent_2_0#Fourth_dorsal_interosseous_of_foot,http://www.ihtsdo.org/snomed#Fourth_dorsal_interosseous_muscle_of_foot,True,1.0
http://bioontology.org/projects/ontologies/fma/fmaOwlDlComponent_2_0#Lateral_spinothalamic_tract,http://www.ihtsdo.org/snomed#Structure_of_lateral_spinothalamic_tract,True,1.0
http://bioontology.org/projects/ontologies/fma/fmaOwlDlComponent_2_0#Set_of_accessory_nasal_cartilages,http://www.ihtsdo.org/snomed#Structure_of_accessory_nasal_cartilages,True,1.0
http://bioontology.org/projects/ontologies/fma/fmaOwlDlComponent_2_0#Symphysis,http://www.ihtsdo.org/snomed#Symphysis_structure,False,1.0
http://bioontology.org/projects/ontologies/fma/fmaOwlDlComponent_2_0#Spinal_branch,http://www.ihtsdo.org/snomed#Spinal_vein,True,1.0
http://bioontology.org/projects/ontologies/fma/fmaOwlDlComponent_2_0#Set_of_plantar_tarsometatarsal_ligaments,http://www.ihtsdo.org/snomed#Structure_of_plantar_tarsometatarsal_ligaments,True,1.0
http://bioontology.org/projects/ontologies/fma/fmaOwlDlComponent_2_0#Interspinous_ligament,http://www.ihtsdo.org/snomed#Structure_of_interspinous_ligament,True,1.0
http://bioontology.org/projects/ontologies/fma/fmaOwlDlComponent_2_0#Renal_impression_of_spleen,http://www.ihtsdo.org/snomed#Structure_of_renal_surface_of_spleen,True,1.0
http://bioontology.org/projects/ontologies/fma/fmaOwlDlComponent_2_0#Set_of_pharyngeal_branches_of_inferior_thyroid_artery,http://www.ihtsdo.org/snomed#Structure_of_pharyngeal_branch_of_inferior_thyroid_artery,True,1.0
http://bioontology.org/projects/ontologies/fma/fmaOwlDlComponent_2_0#Midpalmar_space,http://www.ihtsdo.org/snomed#Structure_of_midpalmar_space,True,1.0
http://bioontology.org/projects/ontologies/fma/fmaOwlDlComponent_2_0#Tubercle_of_first_rib,http://www.ihtsdo.org/snomed#Tubercle_of_first_rib_structure,True,1.0
http://bioontology.org/projects/ontologies/fma/fmaOwlDlComponent_2_0#Mons_pubis,http://www.ihtsdo.org/snomed#Mons_pubis_structure,True,1.0
http://bioontology.org/projects/ontologies/fma/fmaOwlDlComponent_2_0#Diaphysis_of_first_metatarsal_bone,http://www.ihtsdo.org/snomed#Structure_of_shaft_of_first_metatarsal_bone,True,1.0
http://bioontology.org/projects/ontologies/fma/fmaOwlDlComponent_2_0#Inferior_articular_process_of_fifth_thoracic_vertebra,http://www.ihtsdo.org/snomed#Structure_of_inferior_articular_process_of_fifth_thoracic_vertebra,True,1.0
http://bioontology.org/projects/ontologies/fma/fmaOwlDlComponent_2_0#Suspensory_ligament_of_breast,http://www.ihtsdo.org/snomed#Structure_of_suspensory_ligament_of_breast,True,1.0
http://bioontology.org/projects/ontologies/fma/fmaOwlDlComponent_2_0#Lateral_surface_of_ring_finger,http://www.ihtsdo.org/snomed#Structure_of_lateral_surface_of_ring_finger,True,1.0
http://bioontology.org/projects/ontologies/fma/fmaOwlDlComponent_2_0#Tributary_of_cephalic_vein,http://www.ihtsdo.org/snomed#Structure_of_tributary_of_cephalic_vein,True,1.0
http://bioontology.org/projects/ontologies/fma/fmaOwlDlComponent_2_0#Distolingual_cusp_of_tooth,http://www.ihtsdo.org/snomed#Structure_of_distolingual_cusp,True,1.0
http://bioontology.org/projects/ontologies/fma/fmaOwlDlComponent_2_0#Calcaneonavicular_ligament,http://www.ihtsdo.org/snomed#Structure_of_calcaneonavicular_ligament,True,1.0
http://bioontology.org/projects/ontologies/fma/fmaOwlDlComponent_2_0#Set_of_tracheal_glands,http://www.ihtsdo.org/snomed#Structure_of_tracheal_gland,True,1.0
http://bioontology.org/projects/ontologies/fma/fmaOwlDlComponent_2_0#Pair_of_lungs,http://www.ihtsdo.org/snomed#Both_lungs,True,1.0
http://bioontology.org/projects/ontologies/fma/fmaOwlDlComponent_2_0#Set_of_metatarsal_interosseous_ligaments,http://www.ihtsdo.org/snomed#Structure_of_interosseous_metatarsal_ligaments,True,1.0
http://bioontology.org/projects/ontologies/fma/fmaOwlDlComponent_2_0#Tendon_of_quadriceps_femoris,http://www.ihtsdo.org/snomed#Structure_of_quadriceps_tendon,True,1.0
http://bioontology.org/projects/ontologies/fma/fmaOwlDlComponent_2_0#Lamina_of_seventh_cervical_vertebra,http://www.ihtsdo.org/snomed#Structure_of_lamina_of_seventh_cervical_vertebra,True,1.0
http://bioontology.org/projects/ontologies/fma/fmaOwlDlComponent_2_0#Anterior_ascending_branch_of_right_pulmonary_artery,http://www.ihtsdo.org/snomed#Structure_of_anterior_ascending_branch_of_right_pulmonary_artery,True,1.0
http://bioontology.org/projects/ontologies/fma/fmaOwlDlComponent_2_0#Set_of_toes,http://www.ihtsdo.org/snomed#Digital_nerve_of_foot,False,1.0
http://bioontology.org/projects/ontologies/fma/fmaOwlDlComponent_2_0#Body_of_tenth_rib,http://www.ihtsdo.org/snomed#Structure_of_shaft_of_rib,False,1.0
http://bioontology.org/projects/ontologies/fma/fmaOwlDlComponent_2_0#Set_of_ileocolic_lymph_nodes,http://www.ihtsdo.org/snomed#Structure_of_ileocolic_lymph_node,False,1.0
http://bioontology.org/projects/ontologies/fma/fmaOwlDlComponent_2_0#Cricothyroid_muscle,http://www.ihtsdo.org/snomed#Structure_of_cricothyroid_muscle,True,1.0
http://bioontology.org/projects/ontologies/fma/fmaOwlDlComponent_2_0#Molar_tooth,http://www.ihtsdo.org/snomed#Structure_of_molar_tooth,False,1.0
http://bioontology.org/projects/ontologies/fma/fmaOwlDlComponent_2_0#Lateral_corticospinal_tract,http://www.ihtsdo.org/snomed#Structure_of_lateral_corticospinal_tract,True,1.0
http://bioontology.org/projects/ontologies/fma/fmaOwlDlComponent_2_0#Right_lobe_of_thymus,http://www.ihtsdo.org/snomed#Structure_of_right_lobe_of_thymus,False,1.0
http://bioontology.org/projects/ontologies/fma/fmaOwlDlComponent_2_0#Cecum,http://www.ihtsdo.org/snomed#Cecum_structure,True,1.0
http://bioontology.org/projects/ontologies/fma/fmaOwlDlComponent_2_0#Supraclavicular_nerve,http://www.ihtsdo.org/snomed#Supraclavicular_nerves,True,1.0
http://bioontology.org/projects/ontologies/fma/fmaOwlDlComponent_2_0#Set_of_lumbosacral_joints,http://www.ihtsdo.org/snomed#Structure_of_lumbosacral_joint,False,1.0
http://bioontology.org/projects/ontologies/fma/fmaOwlDlComponent_2_0#Superficial_fascia_of_face,http://www.ihtsdo.org/snomed#Structure_of_superficial_fascia_of_face,True,1.0
http://bioontology.org/projects/ontologies/fma/fmaOwlDlComponent_2_0#Aryepiglotticus,http://www.ihtsdo.org/snomed#Structure_of_aryepiglottic_muscle,True,1.0
http://bioontology.org/projects/ontologies/fma/fmaOwlDlComponent_2_0#Lamina_of_seventh_thoracic_vertebra,http://www.ihtsdo.org/snomed#Structure_of_lamina_of_seventh_thoracic_vertebra,True,1.0
http://bioontology.org/projects/ontologies/fma/fmaOwlDlComponent_2_0#Metacarpophalangeal_joint_of_thumb,http://www.ihtsdo.org/snomed#Metacarpophalangeal_joint_structure_of_thumb,True,1.0
http://bioontology.org/projects/ontologies/fma/fmaOwlDlComponent_2_0#Pharyngeal_bursa,http://www.ihtsdo.org/snomed#Structure_of_pharyngeal_bursa,True,1.0
http://bioontology.org/projects/ontologies/fma/fmaOwlDlComponent_2_0#Dorsomedial_nucleus_of_hypothalamus,http://www.ihtsdo.org/snomed#Structure_of_magnocellular_hypothalamic_nucleus,False,1.0
http://bioontology.org/projects/ontologies/fma/fmaOwlDlComponent_2_0#Alveolar_arch_of_maxilla,http://www.ihtsdo.org/snomed#Structure_of_alveolar_arch_of_maxilla,True,1.0
http://bioontology.org/projects/ontologies/fma/fmaOwlDlComponent_2_0#Foramen_ovale_of_heart,http://www.ihtsdo.org/snomed#Structure_of_foramen_ovale_of_heart,True,1.0
http://bioontology.org/projects/ontologies/fma/fmaOwlDlComponent_2_0#Superior_nasal_retinal_artery,http://www.ihtsdo.org/snomed#Structure_of_superior_nasal_retinal_artery,True,1.0
http://bioontology.org/projects/ontologies/fma/fmaOwlDlComponent_2_0#Crest_of_head_of_fifth_rib,http://www.ihtsdo.org/snomed#Structure_of_crest_of_head_of_fifth_rib,True,1.0
http://bioontology.org/projects/ontologies/fma/fmaOwlDlComponent_2_0#Pedicle_of_fifth_thoracic_vertebra,http://www.ihtsdo.org/snomed#Structure_of_pedicle_of_fifth_thoracic_vertebra,True,1.0
http://bioontology.org/projects/ontologies/fma/fmaOwlDlComponent_2_0#Anterior_leaflet_of_tricuspid_valve,http://www.ihtsdo.org/snomed#Structure_of_anterior_leaflet_of_tricuspid_valve,True,1.0
http://bioontology.org/projects/ontologies/fma/fmaOwlDlComponent_2_0#Cavity_of_tooth,http://www.ihtsdo.org/snomed#Structure_of_cavity_of_tooth,True,1.0
http://bioontology.org/projects/ontologies/fma/fmaOwlDlComponent_2_0#Vein_of_uncus,http://www.ihtsdo.org/snomed#Structure_of_vein_of_the_uncus,True,1.0
http://bioontology.org/projects/ontologies/fma/fmaOwlDlComponent_2_0#Bronchial_vein,http://www.ihtsdo.org/snomed#Structure_of_bronchial_vein,True,1.0
http://bioontology.org/projects/ontologies/fma/fmaOwlDlComponent_2_0#Left_anterior_cusp_of_pulmonary_valve,http://www.ihtsdo.org/snomed#Structure_of_anterior_cusp_of_pulmonic_valve,True,1.0
http://bioontology.org/projects/ontologies/fma/fmaOwlDlComponent_2_0#Proteoglycan,http://www.ihtsdo.org/snomed#Proteoglycan,False,1.0
http://bioontology.org/projects/ontologies/fma/fmaOwlDlComponent_2_0#Central_retinal_artery,http://www.ihtsdo.org/snomed#Structure_of_retinal_artery,True,1.0
http://bioontology.org/projects/ontologies/fma/fmaOwlDlComponent_2_0#Pubic_tubercle,http://www.ihtsdo.org/snomed#Pubis_part,False,1.0
http://bioontology.org/projects/ontologies/fma/fmaOwlDlComponent_2_0#Interlobular_duct_of_pancreas,http://www.ihtsdo.org/snomed#Structure_of_interlobular_duct_of_pancreas,True,1.0
http://bioontology.org/projects/ontologies/fma/fmaOwlDlComponent_2_0#Costal_groove_of_tenth_rib,http://www.ihtsdo.org/snomed#Structure_of_costal_groove_of_tenth_rib,True,1.0
http://bioontology.org/projects/ontologies/fma/fmaOwlDlComponent_2_0#False_rib,http://www.ihtsdo.org/snomed#Structure_of_false_rib,True,1.0
http://bioontology.org/projects/ontologies/fma/fmaOwlDlComponent_2_0#Left_hand,http://www.ihtsdo.org/snomed#Structure_of_left_hand,False,1.0
http://bioontology.org/projects/ontologies/fma/fmaOwlDlComponent_2_0#Trapezoid_body,http://www.ihtsdo.org/snomed#Structure_of_trapezoid_body,True,1.0
http://bioontology.org/projects/ontologies/fma/fmaOwlDlComponent_2_0#Body_of_eighth_thoracic_vertebra,http://www.ihtsdo.org/snomed#Structure_of_body_of_eighth_thoracic_vertebra,True,1.0
http://bioontology.org/projects/ontologies/fma/fmaOwlDlComponent_2_0#Ligament_of_elbow_joint,http://www.ihtsdo.org/snomed#Structure_of_ligament_of_elbow_joint,True,1.0
http://bioontology.org/projects/ontologies/fma/fmaOwlDlComponent_2_0#Ascending_colon,http://www.ihtsdo.org/snomed#Ascending_colon_structure,True,1.0
http://bioontology.org/projects/ontologies/fma/fmaOwlDlComponent_2_0#Neck_of_talus,http://www.ihtsdo.org/snomed#Structure_of_neck_of_talus,True,1.0
http://bioontology.org/projects/ontologies/fma/fmaOwlDlComponent_2_0#Fourth_thoracic_vertebral_arch,http://www.ihtsdo.org/snomed#Structure_of_arch_of_fourth_thoracic_vertebra,True,1.0
http://bioontology.org/projects/ontologies/fma/fmaOwlDlComponent_2_0#Lateral_mass_of_atlas,http://www.ihtsdo.org/snomed#Structure_of_lateral_mass_of_atlas,True,1.0
http://bioontology.org/projects/ontologies/fma/fmaOwlDlComponent_2_0#Zygomatic_branch_of_lacrimal_artery,http://www.ihtsdo.org/snomed#Structure_of_zygomatic_branch_of_lacrimal_artery,False,1.0
http://bioontology.org/projects/ontologies/fma/fmaOwlDlComponent_2_0#Set_of_sternocleidomastoid_branches_of_occipital_artery,http://www.ihtsdo.org/snomed#Structure_of_sternocleidomastoid_branch_of_occipital_artery,True,1.0
http://bioontology.org/projects/ontologies/fma/fmaOwlDlComponent_2_0#Skin_of_thigh,http://www.ihtsdo.org/snomed#Skin_structure_of_thigh,True,1.0
http://bioontology.org/projects/ontologies/fma/fmaOwlDlComponent_2_0#Articular_part_of_tubercle_of_ninth_rib,http://www.ihtsdo.org/snomed#Structure_of_articular_part_of_tubercle_of_ninth_rib,True,1.0
http://bioontology.org/projects/ontologies/fma/fmaOwlDlComponent_2_0#Glial_filament,http://www.ihtsdo.org/snomed#Glial_fibrillary_acidic_protein,False,1.0
http://bioontology.org/projects/ontologies/fma/fmaOwlDlComponent_2_0#Head_of_radius,http://www.ihtsdo.org/snomed#Structure_of_head_of_radius,True,1.0
http://bioontology.org/projects/ontologies/fma/fmaOwlDlComponent_2_0#Heparan_sulfate,http://www.ihtsdo.org/snomed#Heparan_sulfate,True,1.0
http://bioontology.org/projects/ontologies/fma/fmaOwlDlComponent_2_0#Palmar_aponeurosis,http://www.ihtsdo.org/snomed#Palmar_aponeurosis_structure,True,1.0
http://bioontology.org/projects/ontologies/fma/fmaOwlDlComponent_2_0#Hepatic_vein,http://www.ihtsdo.org/snomed#Structure_of_hepatic_vein,True,1.0
http://bioontology.org/projects/ontologies/fma/fmaOwlDlComponent_2_0#Set_of_muscular_branches_of_axillary_nerve,http://www.ihtsdo.org/snomed#Structure_of_axillary_nerve_muscular_branches,True,1.0
http://bioontology.org/projects/ontologies/fma/fmaOwlDlComponent_2_0#Anal_sinus,http://www.ihtsdo.org/snomed#Structure_of_anal_sinus,True,1.0
http://bioontology.org/projects/ontologies/fma/fmaOwlDlComponent_2_0#Sublingual_artery,http://www.ihtsdo.org/snomed#Structure_of_sublingual_branch_of_lingual_artery,True,1.0
http://bioontology.org/projects/ontologies/fma/fmaOwlDlComponent_2_0#Head_of_sixth_rib,http://www.ihtsdo.org/snomed#Structure_of_neck_of_sixth_rib,False,1.0
http://bioontology.org/projects/ontologies/fma/fmaOwlDlComponent_2_0#Neck_of_sixth_rib,http://www.ihtsdo.org/snomed#Structure_of_neck_of_sixth_rib,True,1.0
http://bioontology.org/projects/ontologies/fma/fmaOwlDlComponent_2_0#Set_of_intracapsular_ligaments,http://www.ihtsdo.org/snomed#Structure_of_intracapsular_ligament,True,1.0
http://bioontology.org/projects/ontologies/fma/fmaOwlDlComponent_2_0#Anterior_labial_vein,http://www.ihtsdo.org/snomed#Structure_of_anterior_labial_vein,False,1.0
http://bioontology.org/projects/ontologies/fma/fmaOwlDlComponent_2_0#Long_insular_gyrus,http://www.ihtsdo.org/snomed#Structure_of_long_insular_gyrus,True,1.0
http://bioontology.org/projects/ontologies/fma/fmaOwlDlComponent_2_0#Skin_of_philtrum,http://www.ihtsdo.org/snomed#Skin_structure_of_philtrum,True,1.0
http://bioontology.org/projects/ontologies/fma/fmaOwlDlComponent_2_0#Hepatovenous_segment_II,http://www.ihtsdo.org/snomed#Couinaud_hepatic_segment_II,True,1.0
http://bioontology.org/projects/ontologies/fma/fmaOwlDlComponent_2_0#Tympanic_vein,http://www.ihtsdo.org/snomed#Structure_of_tympanic_vein,True,1.0
http://bioontology.org/projects/ontologies/fma/fmaOwlDlComponent_2_0#Suprageniculate_nucleus,http://www.ihtsdo.org/snomed#Structure_of_suprageniculate_nucleus,True,1.0
http://bioontology.org/projects/ontologies/fma/fmaOwlDlComponent_2_0#Set_of_palmar_ligaments_of_metacarpophalangeal_joints,http://www.ihtsdo.org/snomed#Structure_of_palmar_ligaments_of_metacarpophalangeal_joints,True,1.0
http://bioontology.org/projects/ontologies/fma/fmaOwlDlComponent_2_0#Inferior_cardiac_nerve,http://www.ihtsdo.org/snomed#Structure_of_inferior_cardiac_nerve,True,1.0
http://bioontology.org/projects/ontologies/fma/fmaOwlDlComponent_2_0#Lateral_vein_of_lateral_ventricle,http://www.ihtsdo.org/snomed#Structure_of_lateral_vein_of_the_lateral_ventricle,True,1.0
http://bioontology.org/projects/ontologies/fma/fmaOwlDlComponent_2_0#Right_side_of_heart,http://www.ihtsdo.org/snomed#Structure_of_right_side_of_heart,True,1.0
http://bioontology.org/projects/ontologies/fma/fmaOwlDlComponent_2_0#Posterior_circumflex_humeral_artery,http://www.ihtsdo.org/snomed#Structure_of_posterior_circumflex_humeral_artery,True,1.0
http://bioontology.org/projects/ontologies/fma/fmaOwlDlComponent_2_0#Surface,http://www.ihtsdo.org/snomed#Surface,True,1.0
http://bioontology.org/projects/ontologies/fma/fmaOwlDlComponent_2_0#Ligamentum_nuchae,http://www.ihtsdo.org/snomed#Structure_of_ligamentum_nuchae,True,1.0
http://bioontology.org/projects/ontologies/fma/fmaOwlDlComponent_2_0#Dorsolateral_fasciculus_of_medulla,http://www.ihtsdo.org/snomed#Structure_of_dorsolateral_tract,False,1.0
http://bioontology.org/projects/ontologies/fma/fmaOwlDlComponent_2_0#Ovarian_artery,http://www.ihtsdo.org/snomed#Structure_of_ovarian_artery,True,1.0
http://bioontology.org/projects/ontologies/fma/fmaOwlDlComponent_2_0#Oblique_muscle_of_auricle,http://www.ihtsdo.org/snomed#Structure_of_obliquus_auricularis_muscle,True,1.0
http://bioontology.org/projects/ontologies/fma/fmaOwlDlComponent_2_0#Flexor_accessorius,http://www.ihtsdo.org/snomed#Flexor_digitorum_accessorius,True,1.0
http://bioontology.org/projects/ontologies/fma/fmaOwlDlComponent_2_0#Thoraco_acromial_artery,http://www.ihtsdo.org/snomed#Structure_of_thoracoacromial_artery,False,1.0
http://bioontology.org/projects/ontologies/fma/fmaOwlDlComponent_2_0#Crest_of_head_of_eighth_rib,http://www.ihtsdo.org/snomed#Structure_of_crest_of_head_of_eighth_rib,True,1.0
http://bioontology.org/projects/ontologies/fma/fmaOwlDlComponent_2_0#Subscapular_artery,http://www.ihtsdo.org/snomed#Structure_of_subscapular_artery,False,1.0
http://bioontology.org/projects/ontologies/fma/fmaOwlDlComponent_2_0#Vertebral_arch_joint,http://www.ihtsdo.org/snomed#Zygapophyseal_joint_structure,True,1.0
http://bioontology.org/projects/ontologies/fma/fmaOwlDlComponent_2_0#Nasal_concha,http://www.ihtsdo.org/snomed#Nasal_turbinate_structure,True,1.0
http://bioontology.org/projects/ontologies/fma/fmaOwlDlComponent_2_0#Pedicle_of_twelfth_thoracic_vertebra,http://www.ihtsdo.org/snomed#Structure_of_pedicle_of_twelfth_thoracic_vertebra,True,1.0
http://bioontology.org/projects/ontologies/fma/fmaOwlDlComponent_2_0#Proximal_epiphysis_of_phalanx_of_index_finger,http://www.ihtsdo.org/snomed#Structure_of_base_of_phalanx_of_index_finger,True,1.0
http://bioontology.org/projects/ontologies/fma/fmaOwlDlComponent_2_0#Caval_opening,http://www.ihtsdo.org/snomed#Structure_of_caval_opening_of_diaphragm,True,1.0
http://bioontology.org/projects/ontologies/fma/fmaOwlDlComponent_2_0#Set_of_tractus_spiralis_foraminosus,http://www.ihtsdo.org/snomed#Structure_of_tractus_spiralis_foraminosus,True,1.0
http://bioontology.org/projects/ontologies/fma/fmaOwlDlComponent_2_0#Distal_epiphysis_of_phalanx_of_ring_finger,http://www.ihtsdo.org/snomed#Structure_of_head_of_phalanx_of_ring_finger,True,1.0
http://bioontology.org/projects/ontologies/fma/fmaOwlDlComponent_2_0#Psoas_minor,http://www.ihtsdo.org/snomed#Structure_of_psoas_minor_muscle,True,1.0
http://bioontology.org/projects/ontologies/fma/fmaOwlDlComponent_2_0#Superior_bulb_of_internal_jugular_vein,http://www.ihtsdo.org/snomed#Structure_of_superior_bulb_of_internal_jugular_vein,True,1.0
http://bioontology.org/projects/ontologies/fma/fmaOwlDlComponent_2_0#Sphenoparietal_sinus,http://www.ihtsdo.org/snomed#Structure_of_sphenoparietal_sinus,False,1.0
http://bioontology.org/projects/ontologies/fma/fmaOwlDlComponent_2_0#Lateral_external_iliac_lymph_node,http://www.ihtsdo.org/snomed#Lateral_external_iliac_lymph_node_group,True,1.0
http://bioontology.org/projects/ontologies/fma/fmaOwlDlComponent_2_0#Gluteal_fold,http://www.ihtsdo.org/snomed#Gluteal_sulcus_structure,True,1.0
http://bioontology.org/projects/ontologies/fma/fmaOwlDlComponent_2_0#Peduncle_of_flocculus,http://www.ihtsdo.org/snomed#Structure_of_flocculus_peduncle,False,1.0
http://bioontology.org/projects/ontologies/fma/fmaOwlDlComponent_2_0#Retrocecal_recess,http://www.ihtsdo.org/snomed#Structure_of_retrocecal_recess,True,1.0
http://bioontology.org/projects/ontologies/fma/fmaOwlDlComponent_2_0#Set_of_lymph_nodes_of_head,http://www.ihtsdo.org/snomed#Structure_of_lymph_node_of_head,True,1.0
http://bioontology.org/projects/ontologies/fma/fmaOwlDlComponent_2_0#External_acoustic_tube,http://www.ihtsdo.org/snomed#External_auditory_canal_structure,True,1.0
http://bioontology.org/projects/ontologies/fma/fmaOwlDlComponent_2_0#Capsule_of_ovary,http://www.ihtsdo.org/snomed#Structure_of_capsule_of_ovary,True,1.0
http://bioontology.org/projects/ontologies/fma/fmaOwlDlComponent_2_0#Left_kidney,http://www.ihtsdo.org/snomed#Left_kidney_structure,True,1.0
http://bioontology.org/projects/ontologies/fma/fmaOwlDlComponent_2_0#Ovarian_cortex,http://www.ihtsdo.org/snomed#Structure_of_cortex_of_ovary,True,1.0
http://bioontology.org/projects/ontologies/fma/fmaOwlDlComponent_2_0#Superior_ligament_of_incus,http://www.ihtsdo.org/snomed#Structure_of_superior_ligament_of_incus,True,1.0
http://bioontology.org/projects/ontologies/fma/fmaOwlDlComponent_2_0#Set_of_superficial_temporal_veins,http://www.ihtsdo.org/snomed#Structure_of_superficial_temporal_vein,False,1.0
http://bioontology.org/projects/ontologies/fma/fmaOwlDlComponent_2_0#Esophageal_artery,http://www.ihtsdo.org/snomed#Esophageal_structure,False,1.0
http://bioontology.org/projects/ontologies/fma/fmaOwlDlComponent_2_0#Transverse_process_of_fourth_lumbar_vertebra,http://www.ihtsdo.org/snomed#Structure_of_transverse_process_of_fourth_lumbar_vertebra,True,1.0
http://bioontology.org/projects/ontologies/fma/fmaOwlDlComponent_2_0#Posterior_vein_of_corpus_callosum,http://www.ihtsdo.org/snomed#Structure_of_posterior_corpus_callosal_vein,True,1.0
http://bioontology.org/projects/ontologies/fma/fmaOwlDlComponent_2_0#Inferior_articular_process_of_lumbar_vertebra,http://www.ihtsdo.org/snomed#Structure_of_inferior_articular_process_of_lumbar_vertebra,True,1.0
http://bioontology.org/projects/ontologies/fma/fmaOwlDlComponent_2_0#Suprachiasmatic_nucleus,http://www.ihtsdo.org/snomed#Structure_of_suprachiasmatic_nucleus,True,1.0
http://bioontology.org/projects/ontologies/fma/fmaOwlDlComponent_2_0#Root_of_sacral_plexus,http://www.ihtsdo.org/snomed#Root_of_sacral_plexus,True,1.0
http://bioontology.org/projects/ontologies/fma/fmaOwlDlComponent_2_0#Suture,http://www.ihtsdo.org/snomed#Suture_structure,True,1.0
http://bioontology.org/projects/ontologies/fma/fmaOwlDlComponent_2_0#Primary_follicle_of_ovary,http://www.ihtsdo.org/snomed#Structure_of_primary_ovarian_follicle,True,1.0
http://bioontology.org/projects/ontologies/fma/fmaOwlDlComponent_2_0#Basal_nucleus_of_telencephalon,http://www.ihtsdo.org/snomed#Structure_of_nucleus_basalis_of_Meynert,True,1.0
http://bioontology.org/projects/ontologies/fma/fmaOwlDlComponent_2_0#Tail_of_epididymis,http://www.ihtsdo.org/snomed#Structure_of_tail_of_epididymis,True,1.0
http://bioontology.org/projects/ontologies/fma/fmaOwlDlComponent_2_0#Hypogastrium,http://www.ihtsdo.org/snomed#Hypogastric_region_structure,True,1.0
http://bioontology.org/projects/ontologies/fma/fmaOwlDlComponent_2_0#Tibia,http://www.ihtsdo.org/snomed#Tibial_artery,False,1.0
http://bioontology.org/projects/ontologies/fma/fmaOwlDlComponent_2_0#Pulmonary_ligament,http://www.ihtsdo.org/snomed#Structure_of_pulmonary_ligament,True,1.0
http://bioontology.org/projects/ontologies/fma/fmaOwlDlComponent_2_0#Right_colic_vein,http://www.ihtsdo.org/snomed#Structure_of_right_colic_vein,True,1.0
http://bioontology.org/projects/ontologies/fma/fmaOwlDlComponent_2_0#Subscapularis,http://www.ihtsdo.org/snomed#Subscapularis_muscle_structure,True,1.0
http://bioontology.org/projects/ontologies/fma/fmaOwlDlComponent_2_0#Major_salivary_gland,http://www.ihtsdo.org/snomed#Major_salivary_gland_structure,True,1.0
http://bioontology.org/projects/ontologies/fma/fmaOwlDlComponent_2_0#Prepyloric_vein,http://www.ihtsdo.org/snomed#Structure_of_prepyloric_vein,False,1.0
http://bioontology.org/projects/ontologies/fma/fmaOwlDlComponent_2_0#Thoracolumbar_fascia,http://www.ihtsdo.org/snomed#Structure_of_thoracolumbar_fascia,True,1.0
http://bioontology.org/projects/ontologies/fma/fmaOwlDlComponent_2_0#Gustatory_pore,http://www.ihtsdo.org/snomed#Structure_of_gustatory_pore,True,1.0
http://bioontology.org/projects/ontologies/fma/fmaOwlDlComponent_2_0#Iliac_crest,http://www.ihtsdo.org/snomed#Iliac_crest_structure,True,1.0
http://bioontology.org/projects/ontologies/fma/fmaOwlDlComponent_2_0#Set_of_mediastinal_branches_of_internal_thoracic_artery,http://www.ihtsdo.org/snomed#Structure_of_mediastinal_branch_of_internal_thoracic_artery,True,1.0
http://bioontology.org/projects/ontologies/fma/fmaOwlDlComponent_2_0#Lateral_surface_of_finger,http://www.ihtsdo.org/snomed#Structure_of_lateral_surface_of_finger,True,1.0
http://bioontology.org/projects/ontologies/fma/fmaOwlDlComponent_2_0#Basilar_part_of_occipital_bone,http://www.ihtsdo.org/snomed#Structure_of_basilar_part_of_occipital_bone,True,1.0
http://bioontology.org/projects/ontologies/fma/fmaOwlDlComponent_2_0#Beard,http://www.ihtsdo.org/snomed#Structure_of_beard,False,1.0
http://bioontology.org/projects/ontologies/fma/fmaOwlDlComponent_2_0#Sternocleidomastoid_branch_of_occipital_artery,http://www.ihtsdo.org/snomed#Structure_of_sternocleidomastoid_branch_of_occipital_artery,True,1.0
http://bioontology.org/projects/ontologies/fma/fmaOwlDlComponent_2_0#Posterior_surface_of_lens,http://www.ihtsdo.org/snomed#Structure_of_posterior_surface_of_lens,True,1.0
http://bioontology.org/projects/ontologies/fma/fmaOwlDlComponent_2_0#Rectovesical_pouch,http://www.ihtsdo.org/snomed#Structure_of_rectovesical_pouch,True,1.0
http://bioontology.org/projects/ontologies/fma/fmaOwlDlComponent_2_0#Hypothalamus,http://www.ihtsdo.org/snomed#Hypothalamic_structure,True,1.0
http://bioontology.org/projects/ontologies/fma/fmaOwlDlComponent_2_0#Head_of_epididymis,http://www.ihtsdo.org/snomed#Structure_of_head_of_epididymis,True,1.0
http://bioontology.org/projects/ontologies/fma/fmaOwlDlComponent_2_0#Commissure_of_pulmonary_valve,http://www.ihtsdo.org/snomed#Structure_of_commissure_of_pulmonic_valve,True,1.0
http://bioontology.org/projects/ontologies/fma/fmaOwlDlComponent_2_0#X_chromosome,http://www.ihtsdo.org/snomed#Chromosome,False,1.0
http://bioontology.org/projects/ontologies/fma/fmaOwlDlComponent_2_0#Set_of_oculomotor_nuclei,http://www.ihtsdo.org/snomed#Oculomotor_nucleus_structure,True,1.0
http://bioontology.org/projects/ontologies/fma/fmaOwlDlComponent_2_0#Transverse_fascicle_of_plantar_aponeurosis,http://www.ihtsdo.org/snomed#Structure_of_transverse_fascicles_of_plantar_aponeurosis,True,1.0
http://bioontology.org/projects/ontologies/fma/fmaOwlDlComponent_2_0#Intervertebral_foramen_of_seventh_cervical_vertebra,http://www.ihtsdo.org/snomed#Structure_of_intervertebral_foramen_of_seventh_cervical_vertebra,True,1.0
http://bioontology.org/projects/ontologies/fma/fmaOwlDlComponent_2_0#Set_of_superficial_dorsal_veins_of_clitoris,http://www.ihtsdo.org/snomed#Structure_of_superficial_dorsal_veins_of_clitoris,True,1.0
http://bioontology.org/projects/ontologies/fma/fmaOwlDlComponent_2_0#Middle_temporal_gyrus,http://www.ihtsdo.org/snomed#Structure_of_middle_temporal_gyrus,True,1.0
http://bioontology.org/projects/ontologies/fma/fmaOwlDlComponent_2_0#Right_apical_bronchopulmonary_segment,http://www.ihtsdo.org/snomed#Structure_of_apical_segment_of_right_upper_lobe_of_lung,True,1.0
http://bioontology.org/projects/ontologies/fma/fmaOwlDlComponent_2_0#Left_superior_pulmonary_vein,http://www.ihtsdo.org/snomed#Structure_of_superior_left_pulmonary_vein,True,1.0
http://bioontology.org/projects/ontologies/fma/fmaOwlDlComponent_2_0#Inferior_hypophysial_artery,http://www.ihtsdo.org/snomed#Structure_of_inferior_hypophyseal_artery,True,1.0
http://bioontology.org/projects/ontologies/fma/fmaOwlDlComponent_2_0#Lateral_pectoral_nerve,http://www.ihtsdo.org/snomed#Structure_of_lateral_pectoral_nerve,True,1.0
http://bioontology.org/projects/ontologies/fma/fmaOwlDlComponent_2_0#Posterior_interventricular_branch_of_left_coronary_artery,http://www.ihtsdo.org/snomed#Structure_of_circumflex_branch_of_left_coronary_artery,False,1.0
http://bioontology.org/projects/ontologies/fma/fmaOwlDlComponent_2_0#Anterior_lateral_malleolar_artery,http://www.ihtsdo.org/snomed#Structure_of_anterior_lateral_malleolar_artery,False,1.0
http://bioontology.org/projects/ontologies/fma/fmaOwlDlComponent_2_0#Blood_cell,http://www.ihtsdo.org/snomed#Blood_cell,True,1.0
http://bioontology.org/projects/ontologies/fma/fmaOwlDlComponent_2_0#Anulus_fibrosus_of_intervertebral_disk_of_eighth_thoracic_vertebra,http://www.ihtsdo.org/snomed#Structure_of_anulus_fibrosus_of_intervertebral_disc_of_eighth_thoracic_vertebra,True,1.0
http://bioontology.org/projects/ontologies/fma/fmaOwlDlComponent_2_0#Ampulla_of_lateral_semicircular_duct_of_membranous_laybrinth,http://www.ihtsdo.org/snomed#Structure_of_lateral_membranous_ampulla,True,1.0
http://bioontology.org/projects/ontologies/fma/fmaOwlDlComponent_2_0#Set_of_common_plantar_digital_nerves,http://www.ihtsdo.org/snomed#Structure_of_common_plantar_digital_nerves,True,1.0
http://bioontology.org/projects/ontologies/fma/fmaOwlDlComponent_2_0#Set_of_prostatic_ducts,http://www.ihtsdo.org/snomed#Prostatic_duct_structure,True,1.0
http://bioontology.org/projects/ontologies/fma/fmaOwlDlComponent_2_0#Deep_femoral_vein,http://www.ihtsdo.org/snomed#Structure_of_profunda_femoris_vein,True,1.0
http://bioontology.org/projects/ontologies/fma/fmaOwlDlComponent_2_0#Tonsil_of_cerebellum,http://www.ihtsdo.org/snomed#Structure_of_cerebellar_tonsil,True,1.0
http://bioontology.org/projects/ontologies/fma/fmaOwlDlComponent_2_0#Pedicle_of_ninth_thoracic_vertebra,http://www.ihtsdo.org/snomed#Structure_of_pedicle_of_ninth_thoracic_vertebra,True,1.0
http://bioontology.org/projects/ontologies/fma/fmaOwlDlComponent_2_0#Appendix,http://www.ihtsdo.org/snomed#Appendix_structure,True,1.0
http://bioontology.org/projects/ontologies/fma/fmaOwlDlComponent_2_0#Vestibulocochlear_nerve,http://www.ihtsdo.org/snomed#Vestibulocochlear_nerve_structure,True,1.0
http://bioontology.org/projects/ontologies/fma/fmaOwlDlComponent_2_0#Anterior_forceps_of_corpus_callosum,http://www.ihtsdo.org/snomed#Structure_of_forceps_minor,True,1.0
http://bioontology.org/projects/ontologies/fma/fmaOwlDlComponent_2_0#Superior_costotransverse_ligament,http://www.ihtsdo.org/snomed#Structure_of_superior_costotransverse_ligament,True,1.0
http://bioontology.org/projects/ontologies/fma/fmaOwlDlComponent_2_0#Superficial_anterior_cervical_lymph_node,http://www.ihtsdo.org/snomed#Structure_of_superficial_anterior_cervical_lymph_node,True,1.0
http://bioontology.org/projects/ontologies/fma/fmaOwlDlComponent_2_0#Belly_of_digastric,http://www.ihtsdo.org/snomed#Muscle_belly_of_digastric,True,1.0
http://bioontology.org/projects/ontologies/fma/fmaOwlDlComponent_2_0#Neck_of_mandible,http://www.ihtsdo.org/snomed#Head_of_mandible,False,1.0
http://bioontology.org/projects/ontologies/fma/fmaOwlDlComponent_2_0#Anterior_interventricular_branch_of_left_coronary_artery,http://www.ihtsdo.org/snomed#Structure_of_anterior_descending_branch_of_left_coronary_artery,True,1.0
http://bioontology.org/projects/ontologies/fma/fmaOwlDlComponent_2_0#Pelvic_splanchnic_nerve,http://www.ihtsdo.org/snomed#Structure_of_pelvic_splanchnic_nerve,True,1.0
http://bioontology.org/projects/ontologies/fma/fmaOwlDlComponent_2_0#Bronchopulmonary_lymph_node,http://www.ihtsdo.org/snomed#Structure_of_hilum_of_lymph_node,False,1.0
http://bioontology.org/projects/ontologies/fma/fmaOwlDlComponent_2_0#Free_margin_of_ovary,http://www.ihtsdo.org/snomed#Structure_of_free_margin_of_ovary,True,1.0
http://bioontology.org/projects/ontologies/fma/fmaOwlDlComponent_2_0#Perineal_artery,http://www.ihtsdo.org/snomed#Structure_of_perineal_artery,False,1.0
http://bioontology.org/projects/ontologies/fma/fmaOwlDlComponent_2_0#Third_metacarpal_bone,http://www.ihtsdo.org/snomed#Bone_structure_of_third_metacarpal,True,1.0
http://bioontology.org/projects/ontologies/fma/fmaOwlDlComponent_2_0#Set_of_superior_gluteal_lymph_nodes,http://www.ihtsdo.org/snomed#Structure_of_superior_gluteal_lymph_node,False,1.0
http://bioontology.org/projects/ontologies/fma/fmaOwlDlComponent_2_0#Deep_transverse_metacarpal_ligament,http://www.ihtsdo.org/snomed#Structure_of_deep_transverse_metacarpal_ligament,True,1.0
http://bioontology.org/projects/ontologies/fma/fmaOwlDlComponent_2_0#Locus_ceruleus,http://www.ihtsdo.org/snomed#Structure_of_locus_ceruleus,False,1.0
http://bioontology.org/projects/ontologies/fma/fmaOwlDlComponent_2_0#Middle_phalanx_of_little_finger,http://www.ihtsdo.org/snomed#Structure_of_middle_phalanx_of_little_finger,True,1.0
http://bioontology.org/projects/ontologies/fma/fmaOwlDlComponent_2_0#Outer_limiting_layer_of_retina,http://www.ihtsdo.org/snomed#Structure_of_external_limiting_membrane_of_retina,True,1.0
http://bioontology.org/projects/ontologies/fma/fmaOwlDlComponent_2_0#Spinous_process_of_fourth_cervical_vertebra,http://www.ihtsdo.org/snomed#Structure_of_spinous_process_of_fourth_cervical_vertebra,True,1.0
http://bioontology.org/projects/ontologies/fma/fmaOwlDlComponent_2_0#Horn_of_thyroid_cartilage,http://www.ihtsdo.org/snomed#Structure_of_cornu_of_thyroid_cartilage,True,1.0
http://bioontology.org/projects/ontologies/fma/fmaOwlDlComponent_2_0#Carina_of_trachea,http://www.ihtsdo.org/snomed#Structure_of_carina,True,1.0
http://bioontology.org/projects/ontologies/fma/fmaOwlDlComponent_2_0#Tendon_of_lumbrical_of_foot,http://www.ihtsdo.org/snomed#Tendon_of_lumbrical_muscle_of_foot,True,1.0
http://bioontology.org/projects/ontologies/fma/fmaOwlDlComponent_2_0#Infrapatellar_bursa,http://www.ihtsdo.org/snomed#Structure_of_infrapatellar_bursa,True,1.0
http://bioontology.org/projects/ontologies/fma/fmaOwlDlComponent_2_0#First_lumbrical_of_hand,http://www.ihtsdo.org/snomed#First_lumbrical_muscle_of_hand,True,1.0
http://bioontology.org/projects/ontologies/fma/fmaOwlDlComponent_2_0#Posterior_forceps_of_corpus_callosum,http://www.ihtsdo.org/snomed#Structure_of_forceps_major,True,1.0
http://bioontology.org/projects/ontologies/fma/fmaOwlDlComponent_2_0#Subacromial_bursa,http://www.ihtsdo.org/snomed#Structure_of_subacromial_bursa,True,1.0
http://bioontology.org/projects/ontologies/fma/fmaOwlDlComponent_2_0#Central_part_of_sacrum,http://www.ihtsdo.org/snomed#Structure_of_body_of_sacrum,True,1.0
http://bioontology.org/projects/ontologies/fma/fmaOwlDlComponent_2_0#Tenth_anterior_intercostal_vein,http://www.ihtsdo.org/snomed#Tenth_anterior_intercostal_vein,True,1.0
http://bioontology.org/projects/ontologies/fma/fmaOwlDlComponent_2_0#Fissure,http://www.ihtsdo.org/snomed#Fissure,False,1.0
http://bioontology.org/projects/ontologies/fma/fmaOwlDlComponent_2_0#Set_of_insular_veins,http://www.ihtsdo.org/snomed#Structure_of_insular_vein,False,1.0
http://bioontology.org/projects/ontologies/fma/fmaOwlDlComponent_2_0#Intervenous_tubercle_of_right_atrium,http://www.ihtsdo.org/snomed#Structure_of_intervenous_tubercle_of_right_atrium,True,1.0
http://bioontology.org/projects/ontologies/fma/fmaOwlDlComponent_2_0#Transverse_arytenoid,http://www.ihtsdo.org/snomed#Process_of_arytenoid,False,1.0
http://bioontology.org/projects/ontologies/fma/fmaOwlDlComponent_2_0#Pharyngeal_tonsil,http://www.ihtsdo.org/snomed#Adenoidal_structure,True,1.0
http://bioontology.org/projects/ontologies/fma/fmaOwlDlComponent_2_0#Frontolacrimal_suture,http://www.ihtsdo.org/snomed#Structure_of_frontolacrimal_suture_of_skull,True,1.0
http://bioontology.org/projects/ontologies/fma/fmaOwlDlComponent_2_0#Ileocecal_orifice,http://www.ihtsdo.org/snomed#Structure_of_ileocecal_ostium,True,1.0
http://bioontology.org/projects/ontologies/fma/fmaOwlDlComponent_2_0#Neck_of_eighth_rib,http://www.ihtsdo.org/snomed#Structure_of_neck_of_eighth_rib,True,1.0
http://bioontology.org/projects/ontologies/fma/fmaOwlDlComponent_2_0#Fold_of_incus,http://www.ihtsdo.org/snomed#Structure_of_fold_for_incus,True,1.0
http://bioontology.org/projects/ontologies/fma/fmaOwlDlComponent_2_0#Medial_segmental_hepatic_artery,http://www.ihtsdo.org/snomed#Structure_of_middle_segment_artery_of_liver,True,1.0
http://bioontology.org/projects/ontologies/fma/fmaOwlDlComponent_2_0#Transverse_mesocolon,http://www.ihtsdo.org/snomed#Structure_of_transverse_mesocolon,True,1.0
http://bioontology.org/projects/ontologies/fma/fmaOwlDlComponent_2_0#Lamina_of_fourth_thoracic_vertebra,http://www.ihtsdo.org/snomed#Structure_of_lamina_of_fourth_thoracic_vertebra,True,1.0
http://bioontology.org/projects/ontologies/fma/fmaOwlDlComponent_2_0#Dorsal_surface_of_second_toe,http://www.ihtsdo.org/snomed#Structure_of_dorsal_surface_of_second_toe,True,1.0
http://bioontology.org/projects/ontologies/fma/fmaOwlDlComponent_2_0#Tendon_of_first_lumbrical_of_foot,http://www.ihtsdo.org/snomed#Tendon_of_first_lumbrical_muscle_of_foot,False,1.0
http://bioontology.org/projects/ontologies/fma/fmaOwlDlComponent_2_0#Superior_ulnar_collateral_artery,http://www.ihtsdo.org/snomed#Structure_of_superior_collateral_ulnar_artery,False,1.0
http://bioontology.org/projects/ontologies/fma/fmaOwlDlComponent_2_0#Endocrine_pancreas,http://www.ihtsdo.org/snomed#Endocrine_pancreatic_structure,True,1.0
http://bioontology.org/projects/ontologies/fma/fmaOwlDlComponent_2_0#Arch_of_cricoid_cartilage,http://www.ihtsdo.org/snomed#Structure_of_arch_of_cricoid_cartilage,True,1.0
http://bioontology.org/projects/ontologies/fma/fmaOwlDlComponent_2_0#Cuneate_nucleus,http://www.ihtsdo.org/snomed#Structure_of_nucleus_cuneatus,True,1.0
http://bioontology.org/projects/ontologies/fma/fmaOwlDlComponent_2_0#Thoracodorsal_nerve,http://www.ihtsdo.org/snomed#Structure_of_thoracodorsal_nerve,True,1.0
http://bioontology.org/projects/ontologies/fma/fmaOwlDlComponent_2_0#Infra_orbital_foramen,http://www.ihtsdo.org/snomed#Infraorbital_foramen_structure,True,1.0
http://bioontology.org/projects/ontologies/fma/fmaOwlDlComponent_2_0#Articular_part_of_tubercle_of_tenth_rib,http://www.ihtsdo.org/snomed#Structure_of_articular_part_of_tubercle_of_tenth_rib,True,1.0
http://bioontology.org/projects/ontologies/fma/fmaOwlDlComponent_2_0#Tracheal_cartilage,http://www.ihtsdo.org/snomed#Structure_of_tracheal_cartilage,False,1.0
http://bioontology.org/projects/ontologies/fma/fmaOwlDlComponent_2_0#Popliteal_lymph_node,http://www.ihtsdo.org/snomed#Popliteal_lymph_node_structure,True,1.0
http://bioontology.org/projects/ontologies/fma/fmaOwlDlComponent_2_0#Lateral_sacral_vein,http://www.ihtsdo.org/snomed#Structure_of_lateral_sacral_vein,True,1.0
http://bioontology.org/projects/ontologies/fma/fmaOwlDlComponent_2_0#Tendon_of_gluteus_medius,http://www.ihtsdo.org/snomed#Structure_of_tendon_of_gluteus_medius,True,1.0
http://bioontology.org/projects/ontologies/fma/fmaOwlDlComponent_2_0#Internal_nasal_branch_of_anterior_ethmoidal_nerve,http://www.ihtsdo.org/snomed#Internal_nasal_branches_of_anterior_ethmoidal_nerve,True,1.0
http://bioontology.org/projects/ontologies/fma/fmaOwlDlComponent_2_0#Muscle_of_lateral_compartment_of_leg,http://www.ihtsdo.org/snomed#Lateral_crural_muscle_structure,True,1.0
http://bioontology.org/projects/ontologies/fma/fmaOwlDlComponent_2_0#Labyrinthine_artery,http://www.ihtsdo.org/snomed#Structure_of_artery_of_inner_ear,True,1.0
http://bioontology.org/projects/ontologies/fma/fmaOwlDlComponent_2_0#Urachus,http://www.ihtsdo.org/snomed#Structure_of_urachus,True,1.0
http://bioontology.org/projects/ontologies/fma/fmaOwlDlComponent_2_0#Tributary_of_straight_sinus,http://www.ihtsdo.org/snomed#Structure_of_tributary_of_straight_sinus,False,1.0
http://bioontology.org/projects/ontologies/fma/fmaOwlDlComponent_2_0#Left_umbilical_vein,http://www.ihtsdo.org/snomed#Structure_of_left_umbilical_vein,True,1.0
http://bioontology.org/projects/ontologies/fma/fmaOwlDlComponent_2_0#Para_umbilical_vein,http://www.ihtsdo.org/snomed#Structure_of_paraumbilical_vein,True,1.0
http://bioontology.org/projects/ontologies/fma/fmaOwlDlComponent_2_0#Musculature_of_back,http://www.ihtsdo.org/snomed#Tendon_of_back,False,1.0
http://bioontology.org/projects/ontologies/fma/fmaOwlDlComponent_2_0#Set_of_sural_arteries,http://www.ihtsdo.org/snomed#Structure_of_sural_artery,True,1.0
http://bioontology.org/projects/ontologies/fma/fmaOwlDlComponent_2_0#Anterior_temporal_artery,http://www.ihtsdo.org/snomed#Structure_of_anterior_temporal_artery,False,1.0
http://bioontology.org/projects/ontologies/fma/fmaOwlDlComponent_2_0#Distal_radio_ulnar_joint,http://www.ihtsdo.org/snomed#Inferior_radioulnar_joint_structure,True,1.0
http://bioontology.org/projects/ontologies/fma/fmaOwlDlComponent_2_0#Set_of_supratrochlear_veins,http://www.ihtsdo.org/snomed#Structure_of_supratrochlear_vein,False,1.0
http://bioontology.org/projects/ontologies/fma/fmaOwlDlComponent_2_0#Left_carotid_sinus,http://www.ihtsdo.org/snomed#Structure_of_left_carotid_sinus,True,1.0
http://bioontology.org/projects/ontologies/fma/fmaOwlDlComponent_2_0#Lesser_vestibular_gland,http://www.ihtsdo.org/snomed#Structure_of_minor_vestibular_gland,True,1.0
http://bioontology.org/projects/ontologies/fma/fmaOwlDlComponent_2_0#Lateral_medullary_lamina_of_globus_pallidus,http://www.ihtsdo.org/snomed#Structure_of_lateral_medullary_lamina,True,1.0
http://bioontology.org/projects/ontologies/fma/fmaOwlDlComponent_2_0#Medial_plantar_nerve,http://www.ihtsdo.org/snomed#Structure_of_medial_plantar_nerve,True,1.0
http://bioontology.org/projects/ontologies/fma/fmaOwlDlComponent_2_0#Nail_bed_of_little_toe,http://www.ihtsdo.org/snomed#Nail_bed_of_fifth_toe,True,1.0
http://bioontology.org/projects/ontologies/fma/fmaOwlDlComponent_2_0#Ventral_spinothalamic_tract,http://www.ihtsdo.org/snomed#Structure_of_ventral_spinothalamic_tract,True,1.0
http://bioontology.org/projects/ontologies/fma/fmaOwlDlComponent_2_0#Third_dorsal_interosseous_of_foot,http://www.ihtsdo.org/snomed#Third_dorsal_interosseous_muscle_of_foot,True,1.0
http://bioontology.org/projects/ontologies/fma/fmaOwlDlComponent_2_0#Gubernaculum_testis,http://www.ihtsdo.org/snomed#Structure_of_gubernaculum_testis,True,1.0
http://bioontology.org/projects/ontologies/fma/fmaOwlDlComponent_2_0#Head_of_stapes,http://www.ihtsdo.org/snomed#Structure_of_head_of_stapes,True,1.0
http://bioontology.org/projects/ontologies/fma/fmaOwlDlComponent_2_0#Dorsal_surface_of_thumb,http://www.ihtsdo.org/snomed#Structure_of_dorsal_surface_of_thumb,True,1.0
http://bioontology.org/projects/ontologies/fma/fmaOwlDlComponent_2_0#Superficial_dorsal_sacrococcygeal_ligament,http://www.ihtsdo.org/snomed#Structure_of_superficial_dorsal_sacrococcygeal_ligament,True,1.0
http://bioontology.org/projects/ontologies/fma/fmaOwlDlComponent_2_0#Axillary_nerve,http://www.ihtsdo.org/snomed#Structure_of_axillary_nerve,True,1.0
http://bioontology.org/projects/ontologies/fma/fmaOwlDlComponent_2_0#Set_of_joints_of_auditory_ossicles,http://www.ihtsdo.org/snomed#Structure_of_articulations_of_auditory_ossicles,True,1.0
http://bioontology.org/projects/ontologies/fma/fmaOwlDlComponent_2_0#Cochlear_nerve,http://www.ihtsdo.org/snomed#Structure_of_cochlear_nerve,True,1.0
http://bioontology.org/projects/ontologies/fma/fmaOwlDlComponent_2_0#Plantar_surface_of_second_toe,http://www.ihtsdo.org/snomed#Structure_of_plantar_surface_of_second_toe,True,1.0
http://bioontology.org/projects/ontologies/fma/fmaOwlDlComponent_2_0#Set_of_intermetatarsal_joints,http://www.ihtsdo.org/snomed#Intermetatarsal_joint_structure,True,1.0
http://bioontology.org/projects/ontologies/fma/fmaOwlDlComponent_2_0#Superior_lacrimal_punctum,http://www.ihtsdo.org/snomed#Upper_lacrimal_punctum,True,1.0
http://bioontology.org/projects/ontologies/fma/fmaOwlDlComponent_2_0#Set_of_anal_columns,http://www.ihtsdo.org/snomed#Structure_of_anal_column,True,1.0
http://bioontology.org/projects/ontologies/fma/fmaOwlDlComponent_2_0#First_intercostal_nerve,http://www.ihtsdo.org/snomed#First_intercostal_nerve,True,1.0
http://bioontology.org/projects/ontologies/fma/fmaOwlDlComponent_2_0#Inferior_pancreatic_lymph_node,http://www.ihtsdo.org/snomed#Structure_of_inferior_pancreatic_lymph_node,True,1.0
http://bioontology.org/projects/ontologies/fma/fmaOwlDlComponent_2_0#Metaphysis,http://www.ihtsdo.org/snomed#Structure_of_metaphysis,True,1.0
http://bioontology.org/projects/ontologies/fma/fmaOwlDlComponent_2_0#Set_of_gastric_nerve_plexuses,http://www.ihtsdo.org/snomed#Structure_of_gastric_plexus,False,1.0
http://bioontology.org/projects/ontologies/fma/fmaOwlDlComponent_2_0#Distal_epiphysis_of_phalanx_of_second_toe,http://www.ihtsdo.org/snomed#Structure_of_head_of_phalanx_of_second_toe,True,1.0
http://bioontology.org/projects/ontologies/fma/fmaOwlDlComponent_2_0#Cervicothoracic_ganglion,http://www.ihtsdo.org/snomed#Structure_of_stellate_ganglion,True,1.0
http://bioontology.org/projects/ontologies/fma/fmaOwlDlComponent_2_0#Spinous_process_of_eleventh_thoracic_vertebra,http://www.ihtsdo.org/snomed#Structure_of_spinous_process_of_eleventh_thoracic_vertebra,True,1.0
http://bioontology.org/projects/ontologies/fma/fmaOwlDlComponent_2_0#Supramammillary_nucleus,http://www.ihtsdo.org/snomed#Structure_of_supramammillary_nucleus,False,1.0
http://bioontology.org/projects/ontologies/fma/fmaOwlDlComponent_2_0#Dorsal_tarsal_ligament,http://www.ihtsdo.org/snomed#Structure_of_dorsal_tarsal_ligaments,True,1.0
http://bioontology.org/projects/ontologies/fma/fmaOwlDlComponent_2_0#Omentum,http://www.ihtsdo.org/snomed#Omentum_structure,True,1.0
http://bioontology.org/projects/ontologies/fma/fmaOwlDlComponent_2_0#Median_antebrachial_vein,http://www.ihtsdo.org/snomed#Structure_of_median_antebrachial_vein,True,1.0
http://bioontology.org/projects/ontologies/fma/fmaOwlDlComponent_2_0#Foramen_singulare,http://www.ihtsdo.org/snomed#Structure_of_foramen_singulare,False,1.0
http://bioontology.org/projects/ontologies/fma/fmaOwlDlComponent_2_0#Triangular_ligament,http://www.ihtsdo.org/snomed#Structure_of_triangular_ligament,True,1.0
http://bioontology.org/projects/ontologies/fma/fmaOwlDlComponent_2_0#Syndesmosis,http://www.ihtsdo.org/snomed#Syndesmosis_structure,True,1.0
http://bioontology.org/projects/ontologies/fma/fmaOwlDlComponent_2_0#Cortex_of_insula,http://www.ihtsdo.org/snomed#Structure_of_cortex_of_insula,True,1.0
http://bioontology.org/projects/ontologies/fma/fmaOwlDlComponent_2_0#Set_of_external_carotid_nerves,http://www.ihtsdo.org/snomed#Structure_of_external_carotid_nerve,False,1.0
http://bioontology.org/projects/ontologies/fma/fmaOwlDlComponent_2_0#Set_of_muscular_branches_of_tibial_nerve,http://www.ihtsdo.org/snomed#Structure_of_tibial_nerve_muscular_branch,True,1.0
http://bioontology.org/projects/ontologies/fma/fmaOwlDlComponent_2_0#Acromion,http://www.ihtsdo.org/snomed#Structure_of_acromion,True,1.0
http://bioontology.org/projects/ontologies/fma/fmaOwlDlComponent_2_0#Nerve_to_inferior_rectus,http://www.ihtsdo.org/snomed#Structure_of_oculomotor_nerve_rectus_inferior_branch,True,1.0
http://bioontology.org/projects/ontologies/fma/fmaOwlDlComponent_2_0#Lumen_of_rectum,http://www.ihtsdo.org/snomed#Structure_of_rectal_lumen,False,1.0
http://bioontology.org/projects/ontologies/fma/fmaOwlDlComponent_2_0#Neck_of_fourth_rib,http://www.ihtsdo.org/snomed#Head_of_fourth_rib_structure,False,1.0
http://bioontology.org/projects/ontologies/fma/fmaOwlDlComponent_2_0#Autonomic_nervous_system,http://www.ihtsdo.org/snomed#Autonomic_nervous_system_structure,True,1.0
http://bioontology.org/projects/ontologies/fma/fmaOwlDlComponent_2_0#Short_posterior_ciliary_artery,http://www.ihtsdo.org/snomed#Structure_of_short_posterior_ciliary_artery,True,1.0
http://bioontology.org/projects/ontologies/fma/fmaOwlDlComponent_2_0#Organelle_tubule,http://www.ihtsdo.org/snomed#Cytoplasmic_microtubule,False,1.0
http://bioontology.org/projects/ontologies/fma/fmaOwlDlComponent_2_0#Costal_groove_of_fourth_rib,http://www.ihtsdo.org/snomed#Structure_of_costal_groove_of_fourth_rib,True,1.0
http://bioontology.org/projects/ontologies/fma/fmaOwlDlComponent_2_0#Set_of_chordae_tendineae_of_heart,http://www.ihtsdo.org/snomed#Structure_of_chordae_tendineae_cordis,False,1.0
http://bioontology.org/projects/ontologies/fma/fmaOwlDlComponent_2_0#Facial_artery,http://www.ihtsdo.org/snomed#Structure_of_facial_artery,True,1.0
http://bioontology.org/projects/ontologies/fma/fmaOwlDlComponent_2_0#Medial_longitudinal_fasciculus,http://www.ihtsdo.org/snomed#Medial_longitudinal_fasciculus_structure,True,1.0
http://bioontology.org/projects/ontologies/fma/fmaOwlDlComponent_2_0#Base_of_stapes,http://www.ihtsdo.org/snomed#Structure_of_base_of_stapes,True,1.0
http://bioontology.org/projects/ontologies/fma/fmaOwlDlComponent_2_0#Anterior_lobe_of_prostate,http://www.ihtsdo.org/snomed#Structure_of_prostatic_isthmus,True,1.0
http://bioontology.org/projects/ontologies/fma/fmaOwlDlComponent_2_0#Inferior_articular_process_of_third_thoracic_vertebra,http://www.ihtsdo.org/snomed#Structure_of_inferior_articular_process_of_third_thoracic_vertebra,True,1.0
http://bioontology.org/projects/ontologies/fma/fmaOwlDlComponent_2_0#Crest_of_head_of_third_rib,http://www.ihtsdo.org/snomed#Structure_of_crest_of_head_of_third_rib,True,1.0
http://bioontology.org/projects/ontologies/fma/fmaOwlDlComponent_2_0#Dentate_gyrus_of_hippocampal_formation,http://www.ihtsdo.org/snomed#Structure_of_dentate_gyrus,True,1.0
http://bioontology.org/projects/ontologies/fma/fmaOwlDlComponent_2_0#Gastrosplenic_ligament,http://www.ihtsdo.org/snomed#Structure_of_gastrosplenic_ligament,True,1.0
http://bioontology.org/projects/ontologies/fma/fmaOwlDlComponent_2_0#Medial_surface_of_third_toe,http://www.ihtsdo.org/snomed#Structure_of_medial_surface_of_third_toe,True,1.0
http://bioontology.org/projects/ontologies/fma/fmaOwlDlComponent_2_0#Dorsal_accessory_inferior_olivary_nucleus,http://www.ihtsdo.org/snomed#Structure_of_dorsal_accessory_olivary_nucleus,True,1.0
http://bioontology.org/projects/ontologies/fma/fmaOwlDlComponent_2_0#Dorsal_surface_of_ring_finger,http://www.ihtsdo.org/snomed#Structure_of_dorsal_surface_of_ring_finger,True,1.0
http://bioontology.org/projects/ontologies/fma/fmaOwlDlComponent_2_0#Internal_pudendal_vein,http://www.ihtsdo.org/snomed#Structure_of_internal_pudendal_vein,False,1.0
http://bioontology.org/projects/ontologies/fma/fmaOwlDlComponent_2_0#Costocervical_trunk,http://www.ihtsdo.org/snomed#Structure_of_costocervical_trunk,True,1.0
http://bioontology.org/projects/ontologies/fma/fmaOwlDlComponent_2_0#Distal_epiphysis_of_phalanx_of_index_finger,http://www.ihtsdo.org/snomed#Structure_of_distal_phalanx_of_index_finger,False,1.0
http://bioontology.org/projects/ontologies/fma/fmaOwlDlComponent_2_0#Medial_segment_of_left_lobe_of_liver,http://www.ihtsdo.org/snomed#Structure_of_medial_segment_of_left_lobe_of_liver,True,1.0
http://bioontology.org/projects/ontologies/fma/fmaOwlDlComponent_2_0#Nucleus_pulposus_of_intervertebral_disk_of_cervical_vertebra,http://www.ihtsdo.org/snomed#Structure_of_nucleus_pulposus_of_intervertebral_disc_of_cervical_vertebra,True,1.0
http://bioontology.org/projects/ontologies/fma/fmaOwlDlComponent_2_0#Left_ovarian_vein,http://www.ihtsdo.org/snomed#Structure_of_left_ovary,False,1.0
http://bioontology.org/projects/ontologies/fma/fmaOwlDlComponent_2_0#Optic_nerve,http://www.ihtsdo.org/snomed#Optic_nerve_structure,True,1.0
http://bioontology.org/projects/ontologies/fma/fmaOwlDlComponent_2_0#Lipid,http://www.ihtsdo.org/snomed#Lipid,False,1.0
http://bioontology.org/projects/ontologies/fma/fmaOwlDlComponent_2_0#Nasofrontal_vein,http://www.ihtsdo.org/snomed#Structure_of_nasofrontal_vein,True,1.0
http://bioontology.org/projects/ontologies/fma/fmaOwlDlComponent_2_0#Set_of_nares,http://www.ihtsdo.org/snomed#Structure_of_naris,False,1.0
http://bioontology.org/projects/ontologies/fma/fmaOwlDlComponent_2_0#Spinous_process_of_seventh_cervical_vertebra,http://www.ihtsdo.org/snomed#Structure_of_spinous_process_of_seventh_cervical_vertebra,True,1.0
http://bioontology.org/projects/ontologies/fma/fmaOwlDlComponent_2_0#Deep_lingual_vein,http://www.ihtsdo.org/snomed#Structure_of_deep_lingual_vein,False,1.0
http://bioontology.org/projects/ontologies/fma/fmaOwlDlComponent_2_0#Central_vein_of_adrenal_gland,http://www.ihtsdo.org/snomed#Structure_of_central_vein_of_adrenal_gland,True,1.0
http://bioontology.org/projects/ontologies/fma/fmaOwlDlComponent_2_0#Set_of_maxillary_veins,http://www.ihtsdo.org/snomed#Structure_of_maxillary_vein,False,1.0
http://bioontology.org/projects/ontologies/fma/fmaOwlDlComponent_2_0#Diaphysis_of_phalanx_of_fourth_toe,http://www.ihtsdo.org/snomed#Structure_of_shaft_of_phalanx_of_fourth_toe,True,1.0
http://bioontology.org/projects/ontologies/fma/fmaOwlDlComponent_2_0#Diaphysis_of_third_metatarsal_bone,http://www.ihtsdo.org/snomed#Structure_of_shaft_of_third_metatarsal_bone,True,1.0
http://bioontology.org/projects/ontologies/fma/fmaOwlDlComponent_2_0#Sympathetic_trunk,http://www.ihtsdo.org/snomed#Sympathetic_trunk_structure,True,1.0
http://bioontology.org/projects/ontologies/fma/fmaOwlDlComponent_2_0#Diaphysis_of_phalanx_of_foot,http://www.ihtsdo.org/snomed#Structure_of_shaft_of_phalanx_of_foot,True,1.0
http://bioontology.org/projects/ontologies/fma/fmaOwlDlComponent_2_0#Ovarian_medulla,http://www.ihtsdo.org/snomed#Structure_of_medulla_of_ovary,True,1.0
http://bioontology.org/projects/ontologies/fma/fmaOwlDlComponent_2_0#Hyaloid_artery,http://www.ihtsdo.org/snomed#Structure_of_hyaloid_artery,True,1.0
http://bioontology.org/projects/ontologies/fma/fmaOwlDlComponent_2_0#Prostatic_capsule,http://www.ihtsdo.org/snomed#Structure_of_capsule_of_prostate,True,1.0
http://bioontology.org/projects/ontologies/fma/fmaOwlDlComponent_2_0#Hyoid_bone,http://www.ihtsdo.org/snomed#Hyoid_bone_structure,True,1.0
http://bioontology.org/projects/ontologies/fma/fmaOwlDlComponent_2_0#Dens_of_axis,http://www.ihtsdo.org/snomed#Structure_of_odontoid_process_of_axis,True,1.0
http://bioontology.org/projects/ontologies/fma/fmaOwlDlComponent_2_0#Anterior_clinoid_process,http://www.ihtsdo.org/snomed#Structure_of_anterior_clinoid_process,True,1.0
http://bioontology.org/projects/ontologies/fma/fmaOwlDlComponent_2_0#Superior_lateral_cutaneous_nerve_of_arm,http://www.ihtsdo.org/snomed#Structure_of_superior_lateral_brachial_cutaneous_nerve,True,1.0
http://bioontology.org/projects/ontologies/fma/fmaOwlDlComponent_2_0#Muscular_branch_of_tibial_nerve,http://www.ihtsdo.org/snomed#Structure_of_tibial_nerve_muscular_branch,True,1.0
http://bioontology.org/projects/ontologies/fma/fmaOwlDlComponent_2_0#Phalanx_of_big_toe,http://www.ihtsdo.org/snomed#Structure_of_phalanx_of_great_toe,True,1.0
http://bioontology.org/projects/ontologies/fma/fmaOwlDlComponent_2_0#Left_upper_limb,http://www.ihtsdo.org/snomed#Left_upper_extremity_structure,True,1.0
http://bioontology.org/projects/ontologies/fma/fmaOwlDlComponent_2_0#Lumen_of_ileum,http://www.ihtsdo.org/snomed#Structure_of_ileal_lumen,True,1.0
http://bioontology.org/projects/ontologies/fma/fmaOwlDlComponent_2_0#Fibrous_sheath_of_finger,http://www.ihtsdo.org/snomed#Structure_of_fibrous_sheath_of_finger,True,1.0
http://bioontology.org/projects/ontologies/fma/fmaOwlDlComponent_2_0#Left_upper_eyelid,http://www.ihtsdo.org/snomed#Structure_of_left_upper_eyelid,True,1.0
http://bioontology.org/projects/ontologies/fma/fmaOwlDlComponent_2_0#Suture_line,http://www.ihtsdo.org/snomed#Suture_line,False,1.0
http://bioontology.org/projects/ontologies/fma/fmaOwlDlComponent_2_0#Proximal_epiphysis_of_middle_phalanx_of_middle_finger,http://www.ihtsdo.org/snomed#Base_of_middle_phalanx_of_finger,True,1.0
http://bioontology.org/projects/ontologies/fma/fmaOwlDlComponent_2_0#Tendon_of_gemellus_inferior,http://www.ihtsdo.org/snomed#Inferior_gemellus_muscle,False,1.0
http://bioontology.org/projects/ontologies/fma/fmaOwlDlComponent_2_0#Mesoappendix,http://www.ihtsdo.org/snomed#Structure_of_mesoappendix,True,1.0
http://bioontology.org/projects/ontologies/fma/fmaOwlDlComponent_2_0#Hilum_of_ovary,http://www.ihtsdo.org/snomed#Structure_of_hilum_of_ovary,True,1.0
http://bioontology.org/projects/ontologies/fma/fmaOwlDlComponent_2_0#Lumen_of_seminal_vesicle,http://www.ihtsdo.org/snomed#Structure_of_seminal_vesicle_lumen,True,1.0
http://bioontology.org/projects/ontologies/fma/fmaOwlDlComponent_2_0#Axillary_vein,http://www.ihtsdo.org/snomed#Structure_of_axillary_vein,True,1.0
http://bioontology.org/projects/ontologies/fma/fmaOwlDlComponent_2_0#Transverse_process_of_thoracic_vertebra,http://www.ihtsdo.org/snomed#Structure_of_transverse_process_of_vertebra,True,1.0
http://bioontology.org/projects/ontologies/fma/fmaOwlDlComponent_2_0#Posterior_pole_of_lens,http://www.ihtsdo.org/snomed#Structure_of_posterior_pole_of_eye,False,1.0
http://bioontology.org/projects/ontologies/fma/fmaOwlDlComponent_2_0#Urethral_carina_of_vagina,http://www.ihtsdo.org/snomed#Structure_of_vaginal_urethral_carina,True,1.0
http://bioontology.org/projects/ontologies/fma/fmaOwlDlComponent_2_0#Anterior_jugular_vein,http://www.ihtsdo.org/snomed#Structure_of_anterior_jugular_vein,False,1.0
http://bioontology.org/projects/ontologies/fma/fmaOwlDlComponent_2_0#Neck_of_eighth_rib,http://www.ihtsdo.org/snomed#Head_of_eighth_rib_structure,False,1.0
http://bioontology.org/projects/ontologies/fma/fmaOwlDlComponent_2_0#Set_of_small_cardiac_veins,http://www.ihtsdo.org/snomed#Venae_cordis_minimae,True,1.0
http://bioontology.org/projects/ontologies/fma/fmaOwlDlComponent_2_0#Pontine_tegmentum,http://www.ihtsdo.org/snomed#Structure_of_tegmental_portion_of_pons,True,1.0
http://bioontology.org/projects/ontologies/fma/fmaOwlDlComponent_2_0#Posterior_segment_of_eyeball,http://www.ihtsdo.org/snomed#Posterior_eyeball_segment_structure,True,1.0
http://bioontology.org/projects/ontologies/fma/fmaOwlDlComponent_2_0#Left_hepatic_vein,http://www.ihtsdo.org/snomed#Structure_of_left_hepatic_vein,True,1.0
http://bioontology.org/projects/ontologies/fma/fmaOwlDlComponent_2_0#Dorsal_nerve_of_clitoris,http://www.ihtsdo.org/snomed#Structure_of_dorsal_nerve_of_clitoris,True,1.0
http://bioontology.org/projects/ontologies/fma/fmaOwlDlComponent_2_0#Superior_vesical_artery,http://www.ihtsdo.org/snomed#Structure_of_superior_vesical_artery,True,1.0
http://bioontology.org/projects/ontologies/fma/fmaOwlDlComponent_2_0#Suboccipital_venous_plexus,http://www.ihtsdo.org/snomed#Structure_of_suboccipital_venous_plexus,True,1.0
http://bioontology.org/projects/ontologies/fma/fmaOwlDlComponent_2_0#Set_of_inferior_gluteal_lymph_nodes,http://www.ihtsdo.org/snomed#Structure_of_inferior_gluteal_lymph_node,False,1.0
http://bioontology.org/projects/ontologies/fma/fmaOwlDlComponent_2_0#Septum_primum,http://www.ihtsdo.org/snomed#Septum_primum_structure,True,1.0
http://bioontology.org/projects/ontologies/fma/fmaOwlDlComponent_2_0#Pedicle_of_second_thoracic_vertebra,http://www.ihtsdo.org/snomed#Structure_of_pedicle_of_second_thoracic_vertebra,True,1.0
http://bioontology.org/projects/ontologies/fma/fmaOwlDlComponent_2_0#Abdominal_viscus,http://www.ihtsdo.org/snomed#Structure_of_abdominal_viscus,False,1.0
http://bioontology.org/projects/ontologies/fma/fmaOwlDlComponent_2_0#Obturator_artery,http://www.ihtsdo.org/snomed#Structure_of_obturator_artery,False,1.0
http://bioontology.org/projects/ontologies/fma/fmaOwlDlComponent_2_0#Transverse_process_of_fifth_cervical_vertebra,http://www.ihtsdo.org/snomed#Structure_of_transverse_process_of_fifth_cervical_vertebra,True,1.0
http://bioontology.org/projects/ontologies/fma/fmaOwlDlComponent_2_0#Gastric_canal,http://www.ihtsdo.org/snomed#Structure_of_canal_of_stomach,True,1.0
http://bioontology.org/projects/ontologies/fma/fmaOwlDlComponent_2_0#Right_posterior_tibial_artery,http://www.ihtsdo.org/snomed#Structure_of_right_posterior_tibial_artery,False,1.0
http://bioontology.org/projects/ontologies/fma/fmaOwlDlComponent_2_0#Nucleus_pulposus_of_intervertebral_disk_of_fourth_cervical_vertebra,http://www.ihtsdo.org/snomed#Structure_of_nucleus_pulposus_of_intervertebral_disc_of_fourth_cervical_vertebra,True,1.0
http://bioontology.org/projects/ontologies/fma/fmaOwlDlComponent_2_0#Set_of_body_part_subdivisions,http://www.ihtsdo.org/snomed#Body_part_subdivision,False,1.0
http://bioontology.org/projects/ontologies/fma/fmaOwlDlComponent_2_0#Plantar_surface_of_great_toe,http://www.ihtsdo.org/snomed#Structure_of_plantar_surface_of_great_toe,True,1.0
http://bioontology.org/projects/ontologies/fma/fmaOwlDlComponent_2_0#Medial_preoptic_nucleus,http://www.ihtsdo.org/snomed#Structure_of_medial_preoptic_nucleus,True,1.0
http://bioontology.org/projects/ontologies/fma/fmaOwlDlComponent_2_0#Inferior_mesenteric_nerve_plexus,http://www.ihtsdo.org/snomed#Inferior_mesenteric_plexus_structure,True,1.0
http://bioontology.org/projects/ontologies/fma/fmaOwlDlComponent_2_0#Superior_tibiofibular_joint,http://www.ihtsdo.org/snomed#Proximal_tibiofibular_joint_structure,True,1.0
http://bioontology.org/projects/ontologies/fma/fmaOwlDlComponent_2_0#Colic_impression_of_liver,http://www.ihtsdo.org/snomed#Structure_of_colic_impression_of_liver,True,1.0
http://bioontology.org/projects/ontologies/fma/fmaOwlDlComponent_2_0#Subiculum,http://www.ihtsdo.org/snomed#Structure_of_subiculum_hippocampi,True,1.0
http://bioontology.org/projects/ontologies/fma/fmaOwlDlComponent_2_0#Cortex_of_hair,http://www.ihtsdo.org/snomed#Structure_of_hair_cortex,True,1.0
http://bioontology.org/projects/ontologies/fma/fmaOwlDlComponent_2_0#Set_of_labyrinthine_veins,http://www.ihtsdo.org/snomed#Structure_of_labyrinthine_vein,False,1.0
http://bioontology.org/projects/ontologies/fma/fmaOwlDlComponent_2_0#Palmar_intercarpal_ligament,http://www.ihtsdo.org/snomed#Structure_of_palmar_intercarpal_ligaments,True,1.0
http://bioontology.org/projects/ontologies/fma/fmaOwlDlComponent_2_0#Posterior_temporal_diploic_vein,http://www.ihtsdo.org/snomed#Structure_of_posterior_temporal_diploic_vein,False,1.0
http://bioontology.org/projects/ontologies/fma/fmaOwlDlComponent_2_0#Perforating_branch_of_internal_thoracic_artery,http://www.ihtsdo.org/snomed#Structure_of_perforating_branch_of_internal_thoracic_artery,True,1.0
http://bioontology.org/projects/ontologies/fma/fmaOwlDlComponent_2_0#Penile_bulb_vein,http://www.ihtsdo.org/snomed#Structure_of_vein_of_the_bulb_of_the_penis,True,1.0
http://bioontology.org/projects/ontologies/fma/fmaOwlDlComponent_2_0#Lateral_cutaneous_nerve_of_forearm,http://www.ihtsdo.org/snomed#Structure_of_lateral_antebrachial_cutaneous_nerve,True,1.0
http://bioontology.org/projects/ontologies/fma/fmaOwlDlComponent_2_0#Cerebellar_vein,http://www.ihtsdo.org/snomed#Structure_of_cerebellar_vein,True,1.0
http://bioontology.org/projects/ontologies/fma/fmaOwlDlComponent_2_0#Set_of_superior_vesical_arteries,http://www.ihtsdo.org/snomed#Structure_of_superior_vesical_artery,False,1.0
http://bioontology.org/projects/ontologies/fma/fmaOwlDlComponent_2_0#Mediastinal_pleura,http://www.ihtsdo.org/snomed#Mediastinal_pleura_structure,True,1.0
http://bioontology.org/projects/ontologies/fma/fmaOwlDlComponent_2_0#Anterior_ligament_of_proximal_epiphysis_of_fibula,http://www.ihtsdo.org/snomed#Structure_of_anterior_ligament_of_head_of_fibula,True,1.0
http://bioontology.org/projects/ontologies/fma/fmaOwlDlComponent_2_0#Plantar_tarsometatarsal_ligament,http://www.ihtsdo.org/snomed#Structure_of_plantar_tarsometatarsal_ligaments,True,1.0
http://bioontology.org/projects/ontologies/fma/fmaOwlDlComponent_2_0#Ligament_of_pinna,http://www.ihtsdo.org/snomed#Structure_of_ligament_of_auricle,True,1.0
http://bioontology.org/projects/ontologies/fma/fmaOwlDlComponent_2_0#Posterior_cutaneous_nerve_of_arm,http://www.ihtsdo.org/snomed#Posterior_cutaneous_nerve_of_forearm,False,1.0
http://bioontology.org/projects/ontologies/fma/fmaOwlDlComponent_2_0#Tributary_of_external_jugular_vein,http://www.ihtsdo.org/snomed#Structure_of_tributary_of_external_jugular_vein,True,1.0
http://bioontology.org/projects/ontologies/fma/fmaOwlDlComponent_2_0#Buccal_nerve,http://www.ihtsdo.org/snomed#Structure_of_buccal_nerve,True,1.0
http://bioontology.org/projects/ontologies/fma/fmaOwlDlComponent_2_0#Right_testicular_vein,http://www.ihtsdo.org/snomed#Structure_of_right_testicular_vein,True,1.0
http://bioontology.org/projects/ontologies/fma/fmaOwlDlComponent_2_0#Ascending_branch_of_inferior_branch_of_ileocolic_artery,http://www.ihtsdo.org/snomed#Structure_of_ascending_ileocolic_artery,True,1.0
http://bioontology.org/projects/ontologies/fma/fmaOwlDlComponent_2_0#Supraventricular_crest,http://www.ihtsdo.org/snomed#Structure_of_crista_supraventricularis,True,1.0
http://bioontology.org/projects/ontologies/fma/fmaOwlDlComponent_2_0#Crest_of_head_of_sixth_rib,http://www.ihtsdo.org/snomed#Structure_of_crest_of_head_of_sixth_rib,True,1.0
http://bioontology.org/projects/ontologies/fma/fmaOwlDlComponent_2_0#Frenulum_of_tongue,http://www.ihtsdo.org/snomed#Structure_of_frenulum_linguae,True,1.0
http://bioontology.org/projects/ontologies/fma/fmaOwlDlComponent_2_0#Common_cardinal_vein,http://www.ihtsdo.org/snomed#Structure_of_common_cardinal_vein,True,1.0
http://bioontology.org/projects/ontologies/fma/fmaOwlDlComponent_2_0#Eyelid,http://www.ihtsdo.org/snomed#Eyelid_structure,True,1.0
http://bioontology.org/projects/ontologies/fma/fmaOwlDlComponent_2_0#Tenth_costal_cartilage,http://www.ihtsdo.org/snomed#Structure_of_tenth_costal_cartilage,True,1.0
http://bioontology.org/projects/ontologies/fma/fmaOwlDlComponent_2_0#Inferior_transverse_scapular_ligament,http://www.ihtsdo.org/snomed#Structure_of_inferior_transverse_scapular_ligament,True,1.0
http://bioontology.org/projects/ontologies/fma/fmaOwlDlComponent_2_0#Optic_canal,http://www.ihtsdo.org/snomed#Optic_canal_structure,True,1.0
http://bioontology.org/projects/ontologies/fma/fmaOwlDlComponent_2_0#Axillary_tail_of_breast,http://www.ihtsdo.org/snomed#Structure_of_axillary_tail_of_breast,True,1.0
http://bioontology.org/projects/ontologies/fma/fmaOwlDlComponent_2_0#Mandibular_canal,http://www.ihtsdo.org/snomed#Structure_of_mandibular_canal,True,1.0
http://bioontology.org/projects/ontologies/fma/fmaOwlDlComponent_2_0#Epoophoron,http://www.ihtsdo.org/snomed#Epoophoron,True,1.0
http://bioontology.org/projects/ontologies/fma/fmaOwlDlComponent_2_0#Lateral_axillary_lymph_node,http://www.ihtsdo.org/snomed#Structure_of_lateral_axillary_lymph_node,False,1.0
http://bioontology.org/projects/ontologies/fma/fmaOwlDlComponent_2_0#Nucleus_pulposus_of_intervertebral_disk_of_first_thoracic_vertebra,http://www.ihtsdo.org/snomed#Structure_of_nucleus_pulposus_of_intervertebral_disc_of_first_thoracic_vertebra,True,1.0
http://bioontology.org/projects/ontologies/fma/fmaOwlDlComponent_2_0#Tubercle_of_tooth,http://www.ihtsdo.org/snomed#Structure_of_dental_tubercle,False,1.0
http://bioontology.org/projects/ontologies/fma/fmaOwlDlComponent_2_0#Anterior_spinocerebellar_tract,http://www.ihtsdo.org/snomed#Structure_of_ventral_spinocerebellar_tract,True,1.0
http://bioontology.org/projects/ontologies/fma/fmaOwlDlComponent_2_0#Set_of_pancreaticoduodenal_veins,http://www.ihtsdo.org/snomed#Structure_of_pancreaticoduodenal_vein,True,1.0
http://bioontology.org/projects/ontologies/fma/fmaOwlDlComponent_2_0#Superior_genicular_artery,http://www.ihtsdo.org/snomed#Structure_of_superior_genicular_artery,True,1.0
http://bioontology.org/projects/ontologies/fma/fmaOwlDlComponent_2_0#Distal_epiphysis_of_phalanx_of_toe,http://www.ihtsdo.org/snomed#Structure_of_head_of_phalanx_of_foot,True,1.0
http://bioontology.org/projects/ontologies/fma/fmaOwlDlComponent_2_0#Skin_of_clitoris,http://www.ihtsdo.org/snomed#Skin_structure_of_clitoris,True,1.0
http://bioontology.org/projects/ontologies/fma/fmaOwlDlComponent_2_0#Colic_impression_of_spleen,http://www.ihtsdo.org/snomed#Structure_of_colic_surface_of_spleen,True,1.0
http://bioontology.org/projects/ontologies/fma/fmaOwlDlComponent_2_0#Scalp,http://www.ihtsdo.org/snomed#Scalp_structure,True,1.0
http://bioontology.org/projects/ontologies/fma/fmaOwlDlComponent_2_0#Cerebral_arterial_circle,http://www.ihtsdo.org/snomed#Structure_of_circle_of_Willis,True,1.0
http://bioontology.org/projects/ontologies/fma/fmaOwlDlComponent_2_0#Inferior_fascia_of_pelvic_diaphragm,http://www.ihtsdo.org/snomed#Structure_of_inferior_fascia_of_pelvic_diaphragm,True,1.0
http://bioontology.org/projects/ontologies/fma/fmaOwlDlComponent_2_0#Ventral_anterior_nucleus,http://www.ihtsdo.org/snomed#Structure_of_ventral_anterior_nucleus_of_thalamus,True,1.0
http://bioontology.org/projects/ontologies/fma/fmaOwlDlComponent_2_0#Set_of_dorsal_lingual_branches_of_lingual_artery,http://www.ihtsdo.org/snomed#Structure_of_dorsal_lingual_branch_of_lingual_artery,True,1.0
http://bioontology.org/projects/ontologies/fma/fmaOwlDlComponent_2_0#Lateral_segmental_hepatic_artery,http://www.ihtsdo.org/snomed#Structure_of_lateral_segment_artery_of_liver,True,1.0
http://bioontology.org/projects/ontologies/fma/fmaOwlDlComponent_2_0#Central_lobule,http://www.ihtsdo.org/snomed#Structure_of_central_lobule_of_cerebellum,True,1.0
http://bioontology.org/projects/ontologies/fma/fmaOwlDlComponent_2_0#Field_H,http://www.ihtsdo.org/snomed#Structure_of_prerubral_area,False,1.0
http://bioontology.org/projects/ontologies/fma/fmaOwlDlComponent_2_0#Jejunal_artery,http://www.ihtsdo.org/snomed#Structure_of_jejunal_artery,True,1.0
http://bioontology.org/projects/ontologies/fma/fmaOwlDlComponent_2_0#Superior_duodenal_fossa,http://www.ihtsdo.org/snomed#Structure_of_superior_duodenal_recess,True,1.0
http://bioontology.org/projects/ontologies/fma/fmaOwlDlComponent_2_0#Diencephalon,http://www.ihtsdo.org/snomed#Structure_of_diencephalon,True,1.0
http://bioontology.org/projects/ontologies/fma/fmaOwlDlComponent_2_0#Superior_nasal_retinal_vein,http://www.ihtsdo.org/snomed#Structure_of_superior_nasal_retinal_vein,True,1.0
http://bioontology.org/projects/ontologies/fma/fmaOwlDlComponent_2_0#Inferior_articular_process_of_fifth_cervical_vertebra,http://www.ihtsdo.org/snomed#Structure_of_inferior_articular_process_of_fifth_cervical_vertebra,True,1.0
http://bioontology.org/projects/ontologies/fma/fmaOwlDlComponent_2_0#Diaphysis_of_phalanx_of_little_finger,http://www.ihtsdo.org/snomed#Structure_of_shaft_of_phalanx_of_little_finger,True,1.0
http://bioontology.org/projects/ontologies/fma/fmaOwlDlComponent_2_0#Set_of_palmar_digital_veins,http://www.ihtsdo.org/snomed#Structure_of_digital_palmar_vein,True,1.0
http://bioontology.org/projects/ontologies/fma/fmaOwlDlComponent_2_0#Plane_suture,http://www.ihtsdo.org/snomed#Plane_suture_structure,False,1.0
http://bioontology.org/projects/ontologies/fma/fmaOwlDlComponent_2_0#Set_of_ileal_arteries,http://www.ihtsdo.org/snomed#Structure_of_ileal_artery,False,1.0
http://bioontology.org/projects/ontologies/fma/fmaOwlDlComponent_2_0#Accessory_saphenous_vein,http://www.ihtsdo.org/snomed#Structure_of_accessory_saphenous_vein,False,1.0
http://bioontology.org/projects/ontologies/fma/fmaOwlDlComponent_2_0#Frontal_branch_of_superficial_temporal_artery,http://www.ihtsdo.org/snomed#Structure_of_frontal_branch_of_superficial_temporal_artery,False,1.0
http://bioontology.org/projects/ontologies/fma/fmaOwlDlComponent_2_0#Palmar_radiocarpal_ligament,http://www.ihtsdo.org/snomed#Palmar_ligament_of_wrist_joint,True,1.0
http://bioontology.org/projects/ontologies/fma/fmaOwlDlComponent_2_0#Palmar_carpal_branch_of_radial_artery,http://www.ihtsdo.org/snomed#Structure_of_carpal_palmar_branch_of_radial_artery,True,1.0
http://bioontology.org/projects/ontologies/fma/fmaOwlDlComponent_2_0#Diaphysis_of_second_metacarpal_bone,http://www.ihtsdo.org/snomed#Structure_of_shaft_of_second_metacarpal_bone,True,1.0
http://bioontology.org/projects/ontologies/fma/fmaOwlDlComponent_2_0#Tenth_anterior_intercostal_artery,http://www.ihtsdo.org/snomed#Tenth_anterior_intercostal_artery,False,1.0
http://bioontology.org/projects/ontologies/fma/fmaOwlDlComponent_2_0#Carotid_sinus,http://www.ihtsdo.org/snomed#Carotid_sinus_nerve,False,1.0
http://bioontology.org/projects/ontologies/fma/fmaOwlDlComponent_2_0#Atrial_nerve_plexus,http://www.ihtsdo.org/snomed#Atrial_plexus,True,1.0
http://bioontology.org/projects/ontologies/fma/fmaOwlDlComponent_2_0#Heparin,http://www.ihtsdo.org/snomed#Heparin,True,1.0
http://bioontology.org/projects/ontologies/fma/fmaOwlDlComponent_2_0#Hemosiderin,http://www.ihtsdo.org/snomed#Hemosiderin,True,1.0
http://bioontology.org/projects/ontologies/fma/fmaOwlDlComponent_2_0#Body_of_second_lumbar_vertebra,http://www.ihtsdo.org/snomed#Structure_of_body_of_second_lumbar_vertebra,True,1.0
http://bioontology.org/projects/ontologies/fma/fmaOwlDlComponent_2_0#Inferior_lingular_bronchus,http://www.ihtsdo.org/snomed#Structure_of_inferior_lingular_bronchus,True,1.0
http://bioontology.org/projects/ontologies/fma/fmaOwlDlComponent_2_0#Hair_of_axilla,http://www.ihtsdo.org/snomed#Structure_of_hair_of_axilla,True,1.0
http://bioontology.org/projects/ontologies/fma/fmaOwlDlComponent_2_0#Valve_of_foramen_ovale,http://www.ihtsdo.org/snomed#Structure_of_valve_of_foramen_ovale,True,1.0
http://bioontology.org/projects/ontologies/fma/fmaOwlDlComponent_2_0#Parietal_foramen,http://www.ihtsdo.org/snomed#Structure_of_parietal_foramen,False,1.0
http://bioontology.org/projects/ontologies/fma/fmaOwlDlComponent_2_0#Rectouterine_pouch,http://www.ihtsdo.org/snomed#Structure_of_rectouterine_pouch,True,1.0
http://bioontology.org/projects/ontologies/fma/fmaOwlDlComponent_2_0#Posterior_column_of_fornix_of_forebrain,http://www.ihtsdo.org/snomed#Structure_of_crus_of_fornix,True,1.0
http://bioontology.org/projects/ontologies/fma/fmaOwlDlComponent_2_0#Metacarpophalangeal_joint_of_index_finger,http://www.ihtsdo.org/snomed#Metacarpophalangeal_joint_structure_of_index_finger,True,1.0
http://bioontology.org/projects/ontologies/fma/fmaOwlDlComponent_2_0#Left_upper_quadrant_of_abdomen,http://www.ihtsdo.org/snomed#Structure_of_left_upper_quadrant_of_abdomen,True,1.0
http://bioontology.org/projects/ontologies/fma/fmaOwlDlComponent_2_0#Intervertebral_disk_of_fourth_lumbar_vertebra,http://www.ihtsdo.org/snomed#Intervertebral_disc_structure_of_fourth_lumbar_vertebra,True,1.0
http://bioontology.org/projects/ontologies/fma/fmaOwlDlComponent_2_0#Spinous_process_of_first_lumbar_vertebra,http://www.ihtsdo.org/snomed#Structure_of_spinous_process_of_first_lumbar_vertebra,True,1.0
http://bioontology.org/projects/ontologies/fma/fmaOwlDlComponent_2_0#Set_of_tracheobronchial_lymph_nodes,http://www.ihtsdo.org/snomed#Tracheobronchial_lymph_node,True,1.0
http://bioontology.org/projects/ontologies/fma/fmaOwlDlComponent_2_0#Cartilage_of_pharyngotympanic_tube,http://www.ihtsdo.org/snomed#Structure_of_cartilage_of_Eustachian_tube,True,1.0
http://bioontology.org/projects/ontologies/fma/fmaOwlDlComponent_2_0#Intervertebral_disk_of_cervical_vertebra,http://www.ihtsdo.org/snomed#Structure_of_cervical_intervertebral_disc,True,1.0
http://bioontology.org/projects/ontologies/fma/fmaOwlDlComponent_2_0#Inferior_cerebral_vein,http://www.ihtsdo.org/snomed#Structure_of_inferior_cerebral_vein,True,1.0
http://bioontology.org/projects/ontologies/fma/fmaOwlDlComponent_2_0#Floating_rib,http://www.ihtsdo.org/snomed#Structure_of_floating_rib,False,1.0
http://bioontology.org/projects/ontologies/fma/fmaOwlDlComponent_2_0#Transverse_facial_vein,http://www.ihtsdo.org/snomed#Structure_of_transverse_facial_vein,False,1.0
http://bioontology.org/projects/ontologies/fma/fmaOwlDlComponent_2_0#Lacrimal_bone,http://www.ihtsdo.org/snomed#Lacrimal_bone_structure,False,1.0
http://bioontology.org/projects/ontologies/fma/fmaOwlDlComponent_2_0#Set_of_right_colic_lymph_nodes,http://www.ihtsdo.org/snomed#Structure_of_right_colic_lymph_node,True,1.0
http://bioontology.org/projects/ontologies/fma/fmaOwlDlComponent_2_0#Ligamentum_nuchae,http://www.ihtsdo.org/snomed#Structure_of_ligament_of_neck,True,1.0
http://bioontology.org/projects/ontologies/fma/fmaOwlDlComponent_2_0#Bone_of_radius,http://www.ihtsdo.org/snomed#Bone_structure_of_radius,True,1.0
http://bioontology.org/projects/ontologies/fma/fmaOwlDlComponent_2_0#Anterior_lobe_of_cerebellum,http://www.ihtsdo.org/snomed#Anterior_cerebellar_lobe_structure,True,1.0
http://bioontology.org/projects/ontologies/fma/fmaOwlDlComponent_2_0#Distal_phalanx_of_little_finger,http://www.ihtsdo.org/snomed#Structure_of_distal_phalanx_of_little_finger,True,1.0
http://bioontology.org/projects/ontologies/fma/fmaOwlDlComponent_2_0#Set_of_radial_veins,http://www.ihtsdo.org/snomed#Structure_of_radial_vein,False,1.0
http://bioontology.org/projects/ontologies/fma/fmaOwlDlComponent_2_0#Inferior_inguinal_lymph_node,http://www.ihtsdo.org/snomed#Structure_of_inferior_inguinal_lymph_node,True,1.0
http://bioontology.org/projects/ontologies/fma/fmaOwlDlComponent_2_0#Deep_temporal_artery,http://www.ihtsdo.org/snomed#Structure_of_deep_temporal_artery,True,1.0
http://bioontology.org/projects/ontologies/fma/fmaOwlDlComponent_2_0#Lateral_cord_of_brachial_nerve_plexus,http://www.ihtsdo.org/snomed#Structure_of_lateral_fasciculus_of_brachial_plexus,True,1.0
http://bioontology.org/projects/ontologies/fma/fmaOwlDlComponent_2_0#Anterior_surface_of_forearm,http://www.ihtsdo.org/snomed#Structure_of_anterior_surface_of_forearm,True,1.0
http://bioontology.org/projects/ontologies/fma/fmaOwlDlComponent_2_0#Interfoveolar_ligament,http://www.ihtsdo.org/snomed#Structure_of_interfoveolar_ligament,True,1.0
http://bioontology.org/projects/ontologies/fma/fmaOwlDlComponent_2_0#Lesser_omentum,http://www.ihtsdo.org/snomed#Lesser_omentum_structure,True,1.0
http://bioontology.org/projects/ontologies/fma/fmaOwlDlComponent_2_0#Laryngeal_gland,http://www.ihtsdo.org/snomed#Structure_of_laryngeal_gland,True,1.0
http://bioontology.org/projects/ontologies/fma/fmaOwlDlComponent_2_0#Capsule_of_red_nucleus,http://www.ihtsdo.org/snomed#Structure_of_capsule_of_red_nucleus,True,1.0
http://bioontology.org/projects/ontologies/fma/fmaOwlDlComponent_2_0#Anulus_fibrosus_of_intervertebral_disk,http://www.ihtsdo.org/snomed#Structure_of_anulus_fibrosus_of_intervertebral_disc,True,1.0
http://bioontology.org/projects/ontologies/fma/fmaOwlDlComponent_2_0#Cuneate_tubercle,http://www.ihtsdo.org/snomed#Cuneate_tubercle_structure,True,1.0
http://bioontology.org/projects/ontologies/fma/fmaOwlDlComponent_2_0#True_rib,http://www.ihtsdo.org/snomed#Structure_of_true_rib,True,1.0
http://bioontology.org/projects/ontologies/fma/fmaOwlDlComponent_2_0#Right_common_iliac_artery,http://www.ihtsdo.org/snomed#Structure_of_right_common_iliac_artery,True,1.0
http://bioontology.org/projects/ontologies/fma/fmaOwlDlComponent_2_0#Pericallosal_artery,http://www.ihtsdo.org/snomed#Structure_of_callosal_branch_of_anterior_cerebral_artery,True,1.0
http://bioontology.org/projects/ontologies/fma/fmaOwlDlComponent_2_0#Macula_cribrosa_inferior,http://www.ihtsdo.org/snomed#Structure_of_macula_cribrosa_inferior,True,1.0
http://bioontology.org/projects/ontologies/fma/fmaOwlDlComponent_2_0#Ligament_of_sternoclavicular_joint,http://www.ihtsdo.org/snomed#Structure_of_ligament_of_sternoclavicular_joint,True,1.0
http://bioontology.org/projects/ontologies/fma/fmaOwlDlComponent_2_0#Muscle_of_hand,http://www.ihtsdo.org/snomed#Muscle_structure_of_hand,True,1.0
http://bioontology.org/projects/ontologies/fma/fmaOwlDlComponent_2_0#Muscular_branch_of_radial_nerve,http://www.ihtsdo.org/snomed#Structure_of_radial_nerve_muscular_branches,True,1.0
http://bioontology.org/projects/ontologies/fma/fmaOwlDlComponent_2_0#Superior_thoracic_artery,http://www.ihtsdo.org/snomed#Structure_of_superior_thoracic_artery,False,1.0
http://bioontology.org/projects/ontologies/fma/fmaOwlDlComponent_2_0#Iliohypogastric_nerve,http://www.ihtsdo.org/snomed#Structure_of_iliohypogastric_nerve,False,1.0
http://bioontology.org/projects/ontologies/fma/fmaOwlDlComponent_2_0#Muscle_of_foot,http://www.ihtsdo.org/snomed#Foot_structure,False,1.0
http://bioontology.org/projects/ontologies/fma/fmaOwlDlComponent_2_0#Body_of_fifth_thoracic_vertebra,http://www.ihtsdo.org/snomed#Structure_of_body_of_fifth_thoracic_vertebra,True,1.0
http://bioontology.org/projects/ontologies/fma/fmaOwlDlComponent_2_0#Wall_of_uterine_tube,http://www.ihtsdo.org/snomed#Fallopian_tube_wall_structure,True,1.0
http://bioontology.org/projects/ontologies/fma/fmaOwlDlComponent_2_0#Fibrous_joint,http://www.ihtsdo.org/snomed#Fibrous_joint_structure,False,1.0
http://bioontology.org/projects/ontologies/fma/fmaOwlDlComponent_2_0#Metatarsophalangeal_joint_of_fourth_toe,http://www.ihtsdo.org/snomed#Metatarsophalangeal_joint_structure_of_fourth_toe,True,1.0
http://bioontology.org/projects/ontologies/fma/fmaOwlDlComponent_2_0#Internal_acoustic_opening,http://www.ihtsdo.org/snomed#Structure_of_porus_acusticus_internus,True,1.0
http://bioontology.org/projects/ontologies/fma/fmaOwlDlComponent_2_0#Mucosa_of_ileum,http://www.ihtsdo.org/snomed#Ileal_mucous_membrane_structure,True,1.0
http://bioontology.org/projects/ontologies/fma/fmaOwlDlComponent_2_0#Common_carotid_nerve_plexus,http://www.ihtsdo.org/snomed#Structure_of_common_carotid_plexus,True,1.0
http://bioontology.org/projects/ontologies/fma/fmaOwlDlComponent_2_0#Parametrium,http://www.ihtsdo.org/snomed#Structure_of_parametrium,True,1.0
http://bioontology.org/projects/ontologies/fma/fmaOwlDlComponent_2_0#Posterior_surface_of_pancreas,http://www.ihtsdo.org/snomed#Structure_of_posterior_surface_of_pancreas,True,1.0
http://bioontology.org/projects/ontologies/fma/fmaOwlDlComponent_2_0#Medial_calcaneal_branch_of_tibial_nerve,http://www.ihtsdo.org/snomed#Structure_of_tibial_nerve_medial_calcaneal_branches,True,1.0
http://bioontology.org/projects/ontologies/fma/fmaOwlDlComponent_2_0#Left_gastro_epiploic_artery,http://www.ihtsdo.org/snomed#Structure_of_left_gastroepiploic_artery,True,1.0
http://bioontology.org/projects/ontologies/fma/fmaOwlDlComponent_2_0#Mucosa_of_laryngopharynx,http://www.ihtsdo.org/snomed#Structure_of_mucous_membrane_of_hypopharynx,True,1.0
http://bioontology.org/projects/ontologies/fma/fmaOwlDlComponent_2_0#Nucleus_pulposus_of_intervertebral_disk_of_first_lumbar_vertebra,http://www.ihtsdo.org/snomed#Structure_of_nucleus_pulposus_of_intervertebral_disc_of_first_lumbar_vertebra,True,1.0
http://bioontology.org/projects/ontologies/fma/fmaOwlDlComponent_2_0#Lobule_of_thymus,http://www.ihtsdo.org/snomed#Structure_of_thymic_lobule,True,1.0
http://bioontology.org/projects/ontologies/fma/fmaOwlDlComponent_2_0#Skin_of_face,http://www.ihtsdo.org/snomed#Skin_structure_of_face,True,1.0
http://bioontology.org/projects/ontologies/fma/fmaOwlDlComponent_2_0#Inferior_alveolar_artery,http://www.ihtsdo.org/snomed#Structure_of_inferior_alveolar_artery,True,1.0
http://bioontology.org/projects/ontologies/fma/fmaOwlDlComponent_2_0#Neck_of_radius,http://www.ihtsdo.org/snomed#Structure_of_neck_of_radius,True,1.0
http://bioontology.org/projects/ontologies/fma/fmaOwlDlComponent_2_0#Inguinal_ring,http://www.ihtsdo.org/snomed#Structure_of_inguinal_ring,True,1.0
http://bioontology.org/projects/ontologies/fma/fmaOwlDlComponent_2_0#Superior_longitudinal_fasciculus,http://www.ihtsdo.org/snomed#Structure_of_superior_longitudinal_fasciculus,True,1.0
http://bioontology.org/projects/ontologies/fma/fmaOwlDlComponent_2_0#Longitudinal_muscle_layer_of_colon,http://www.ihtsdo.org/snomed#Structure_of_longitudinal_layer_of_colonic_muscularis_propria,True,1.0
http://bioontology.org/projects/ontologies/fma/fmaOwlDlComponent_2_0#Set_of_villous_folds_of_stomach,http://www.ihtsdo.org/snomed#Structure_of_villous_fold_of_stomach,True,1.0
http://bioontology.org/projects/ontologies/fma/fmaOwlDlComponent_2_0#Tuberosity_of_ulna,http://www.ihtsdo.org/snomed#Structure_of_ulnar_tuberosity,True,1.0
http://bioontology.org/projects/ontologies/fma/fmaOwlDlComponent_2_0#Median_atlanto_axial_joint,http://www.ihtsdo.org/snomed#Structure_of_medial_atlantoaxial_joint,True,1.0
http://bioontology.org/projects/ontologies/fma/fmaOwlDlComponent_2_0#Squamous_part_of_temporal_bone,http://www.ihtsdo.org/snomed#Structure_of_squamous_part_of_temporal_bone,True,1.0
http://bioontology.org/projects/ontologies/fma/fmaOwlDlComponent_2_0#Right_inferior_lobar_bronchus,http://www.ihtsdo.org/snomed#Structure_of_bronchus_of_right_lower_lobe,True,1.0
http://bioontology.org/projects/ontologies/fma/fmaOwlDlComponent_2_0#Fourth_coccygeal_vertebra,http://www.ihtsdo.org/snomed#Structure_of_fourth_coccygeal_vertebra,True,1.0
http://bioontology.org/projects/ontologies/fma/fmaOwlDlComponent_2_0#Superficial_inguinal_ring,http://www.ihtsdo.org/snomed#Superficial_inguinal_ring_structure,True,1.0
http://bioontology.org/projects/ontologies/fma/fmaOwlDlComponent_2_0#Second_costal_cartilage,http://www.ihtsdo.org/snomed#Structure_of_second_costal_cartilage,True,1.0
http://bioontology.org/projects/ontologies/fma/fmaOwlDlComponent_2_0#Seminiferous_tubule_of_testis,http://www.ihtsdo.org/snomed#Seminiferous_tubule_structure,True,1.0
http://bioontology.org/projects/ontologies/fma/fmaOwlDlComponent_2_0#Thoracic_aorta,http://www.ihtsdo.org/snomed#Thoracic_aorta_structure,True,1.0
http://bioontology.org/projects/ontologies/fma/fmaOwlDlComponent_2_0#Proximal_epiphysis_of_phalanx_of_third_toe,http://www.ihtsdo.org/snomed#Structure_of_base_of_phalanx_of_third_toe,True,1.0
http://bioontology.org/projects/ontologies/fma/fmaOwlDlComponent_2_0#Oral_opening,http://www.ihtsdo.org/snomed#Structure_of_rima_oris,True,1.0
http://bioontology.org/projects/ontologies/fma/fmaOwlDlComponent_2_0#Human_body,http://www.ihtsdo.org/snomed#Human_body_structure,True,1.0
http://bioontology.org/projects/ontologies/fma/fmaOwlDlComponent_2_0#Superior_temporal_sulcus,http://www.ihtsdo.org/snomed#Structure_of_superior_temporal_sulcus,True,1.0
http://bioontology.org/projects/ontologies/fma/fmaOwlDlComponent_2_0#Posterior_recess_of_tympanic_membrane,http://www.ihtsdo.org/snomed#Structure_of_posterior_recess_of_tympanic_membrane,True,1.0
http://bioontology.org/projects/ontologies/fma/fmaOwlDlComponent_2_0#Left_external_acoustic_tube,http://www.ihtsdo.org/snomed#Left_external_auditory_canal_structure,True,1.0
http://bioontology.org/projects/ontologies/fma/fmaOwlDlComponent_2_0#Perineal_fascia,http://www.ihtsdo.org/snomed#Structure_of_perineal_fascia,True,1.0
http://bioontology.org/projects/ontologies/fma/fmaOwlDlComponent_2_0#Rugal_fold_of_stomach,http://www.ihtsdo.org/snomed#Structure_of_gastric_rugae,True,1.0
http://bioontology.org/projects/ontologies/fma/fmaOwlDlComponent_2_0#Pedicle_of_first_lumbar_vertebra,http://www.ihtsdo.org/snomed#Structure_of_pedicle_of_first_lumbar_vertebra,True,1.0
http://bioontology.org/projects/ontologies/fma/fmaOwlDlComponent_2_0#Crest_of_head_of_second_rib,http://www.ihtsdo.org/snomed#Structure_of_crest_of_head_of_second_rib,True,1.0
http://bioontology.org/projects/ontologies/fma/fmaOwlDlComponent_2_0#Inferior_articular_process_of_eleventh_thoracic_vertebra,http://www.ihtsdo.org/snomed#Structure_of_inferior_articular_process_of_eleventh_thoracic_vertebra,True,1.0
http://bioontology.org/projects/ontologies/fma/fmaOwlDlComponent_2_0#Posterior_segment_of_right_lobe_of_liver,http://www.ihtsdo.org/snomed#Structure_of_posterior_segment_of_right_lobe_of_liver,True,1.0
http://bioontology.org/projects/ontologies/fma/fmaOwlDlComponent_2_0#Meniscofemoral_ligament,http://www.ihtsdo.org/snomed#Structure_of_meniscofemoral_ligament,False,1.0
http://bioontology.org/projects/ontologies/fma/fmaOwlDlComponent_2_0#Ligamentum_arteriosum,http://www.ihtsdo.org/snomed#Structure_of_ligamentum_arteriosum,True,1.0
http://bioontology.org/projects/ontologies/fma/fmaOwlDlComponent_2_0#Postcentral_gyrus,http://www.ihtsdo.org/snomed#Structure_of_postcentral_gyrus,True,1.0
http://bioontology.org/projects/ontologies/fma/fmaOwlDlComponent_2_0#Mucosa_of_vagina,http://www.ihtsdo.org/snomed#Vaginal_mucous_membrane_structure,True,1.0
http://bioontology.org/projects/ontologies/fma/fmaOwlDlComponent_2_0#Right_triangular_ligament,http://www.ihtsdo.org/snomed#Structure_of_right_triangular_ligament,True,1.0
http://bioontology.org/projects/ontologies/fma/fmaOwlDlComponent_2_0#Set_of_costovertebral_joints,http://www.ihtsdo.org/snomed#Costovertebral_joint_structure,True,1.0
http://bioontology.org/projects/ontologies/fma/fmaOwlDlComponent_2_0#Belly_of_omohyoid,http://www.ihtsdo.org/snomed#Muscle_belly_of_omohyoid,True,1.0
http://bioontology.org/projects/ontologies/fma/fmaOwlDlComponent_2_0#Vocal_process_of_arytenoid_cartilage,http://www.ihtsdo.org/snomed#Structure_of_vocal_process_of_arytenoid_cartilage,False,1.0
http://bioontology.org/projects/ontologies/fma/fmaOwlDlComponent_2_0#Cervical_fascia,http://www.ihtsdo.org/snomed#Cervical_fascia_structure,True,1.0
http://bioontology.org/projects/ontologies/fma/fmaOwlDlComponent_2_0#Joint_of_head_of_rib,http://www.ihtsdo.org/snomed#Costocorporeal_joint_structure,True,1.0
http://bioontology.org/projects/ontologies/fma/fmaOwlDlComponent_2_0#Cortex_of_kidney,http://www.ihtsdo.org/snomed#Structure_of_cortex_of_kidney,True,1.0
http://bioontology.org/projects/ontologies/fma/fmaOwlDlComponent_2_0#Internal_surface_of_sclera,http://www.ihtsdo.org/snomed#Structure_of_inner_surface_of_sclera,True,1.0
http://bioontology.org/projects/ontologies/fma/fmaOwlDlComponent_2_0#Talocalcaneal_joint,http://www.ihtsdo.org/snomed#Subtalar_joint_structure,False,1.0
http://bioontology.org/projects/ontologies/fma/fmaOwlDlComponent_2_0#Posterior_surface_of_uterus,http://www.ihtsdo.org/snomed#Structure_of_intestinal_surface_of_uterus,False,1.0
http://bioontology.org/projects/ontologies/fma/fmaOwlDlComponent_2_0#Major_alar_cartilage,http://www.ihtsdo.org/snomed#Greater_alar_cartilage_structure,True,1.0
http://bioontology.org/projects/ontologies/fma/fmaOwlDlComponent_2_0#Left_axillary_artery,http://www.ihtsdo.org/snomed#Branch_of_axillary_artery,False,1.0
http://bioontology.org/projects/ontologies/fma/fmaOwlDlComponent_2_0#Set_of_carpal_bones,http://www.ihtsdo.org/snomed#Bone_structure_of_carpus,True,1.0
http://bioontology.org/projects/ontologies/fma/fmaOwlDlComponent_2_0#Lateral_pterygoid,http://www.ihtsdo.org/snomed#Structure_of_lateral_pterygoid_muscle,True,1.0
http://bioontology.org/projects/ontologies/fma/fmaOwlDlComponent_2_0#Inferior_pancreaticoduodenal_lymph_node,http://www.ihtsdo.org/snomed#Structure_of_inferior_pancreaticoduodenal_lymph_node,True,1.0
http://bioontology.org/projects/ontologies/fma/fmaOwlDlComponent_2_0#Arteria_radialis_indicis,http://www.ihtsdo.org/snomed#Structure_of_radialis_indicis_artery,True,1.0
http://bioontology.org/projects/ontologies/fma/fmaOwlDlComponent_2_0#Set_of_interlobar_arteries_of_kidney,http://www.ihtsdo.org/snomed#Structure_of_interlobar_artery_of_kidney,True,1.0
http://bioontology.org/projects/ontologies/fma/fmaOwlDlComponent_2_0#Serous_pericardium,http://www.ihtsdo.org/snomed#Serous_pericardium_structure,True,1.0
http://bioontology.org/projects/ontologies/fma/fmaOwlDlComponent_2_0#Arcuate_nucleus_of_hypothalamus,http://www.ihtsdo.org/snomed#Structure_of_nucleus_infundibularis_hypothalami,True,1.0
http://bioontology.org/projects/ontologies/fma/fmaOwlDlComponent_2_0#Superior_articular_process_of_cervical_vertebra,http://www.ihtsdo.org/snomed#Structure_of_superior_articular_process_of_cervical_vertebra,True,1.0
http://bioontology.org/projects/ontologies/fma/fmaOwlDlComponent_2_0#Alveolar_process_of_maxilla,http://www.ihtsdo.org/snomed#Structure_of_alveolar_process_of_maxilla,True,1.0
http://bioontology.org/projects/ontologies/fma/fmaOwlDlComponent_2_0#Medial_palpebral_artery,http://www.ihtsdo.org/snomed#Structure_of_medial_palpebral_artery,True,1.0
http://bioontology.org/projects/ontologies/fma/fmaOwlDlComponent_2_0#Meningeal_branch_of_mandibular_nerve,http://www.ihtsdo.org/snomed#Nervus_spinosus,False,1.0
http://bioontology.org/projects/ontologies/fma/fmaOwlDlComponent_2_0#Anterior_auricular_branch_of_superficial_temporal_artery,http://www.ihtsdo.org/snomed#Structure_of_anterior_auricular_branch_of_superficial_temporal_artery,True,1.0
http://bioontology.org/projects/ontologies/fma/fmaOwlDlComponent_2_0#Greater_supraclavicular_fossa,http://www.ihtsdo.org/snomed#Structure_of_greater_supraclavicular_fossa,True,1.0
http://bioontology.org/projects/ontologies/fma/fmaOwlDlComponent_2_0#Diaphragmatic_lymph_node,http://www.ihtsdo.org/snomed#Structure_of_diaphragmatic_lymph_node,False,1.0
http://bioontology.org/projects/ontologies/fma/fmaOwlDlComponent_2_0#Right_hepatic_duct,http://www.ihtsdo.org/snomed#Structure_of_right_hepatic_duct,True,1.0
http://bioontology.org/projects/ontologies/fma/fmaOwlDlComponent_2_0#White_matter_of_frontal_lobe,http://www.ihtsdo.org/snomed#Structure_of_white_matter_of_frontal_lobe,True,1.0
http://bioontology.org/projects/ontologies/fma/fmaOwlDlComponent_2_0#Urogenital_diaphragm,http://www.ihtsdo.org/snomed#Urogenital_diaphragm_structure,True,1.0
http://bioontology.org/projects/ontologies/fma/fmaOwlDlComponent_2_0#Lateral_semicircular_duct,http://www.ihtsdo.org/snomed#Structure_of_lateral_semicircular_duct,True,1.0
http://bioontology.org/projects/ontologies/fma/fmaOwlDlComponent_2_0#Transverse_pericardial_sinus,http://www.ihtsdo.org/snomed#Structure_of_transverse_sinus_of_pericardium,True,1.0
http://bioontology.org/projects/ontologies/fma/fmaOwlDlComponent_2_0#Brown_adipose_tissue,http://www.ihtsdo.org/snomed#Brown_fat,True,1.0
http://bioontology.org/projects/ontologies/fma/fmaOwlDlComponent_2_0#Set_of_bronchial_veins,http://www.ihtsdo.org/snomed#Structure_of_bronchial_vein,True,1.0
http://bioontology.org/projects/ontologies/fma/fmaOwlDlComponent_2_0#Intercostal_nerve,http://www.ihtsdo.org/snomed#Tenth_intercostal_nerve,True,1.0
http://bioontology.org/projects/ontologies/fma/fmaOwlDlComponent_2_0#Lateral_pharyngeal_space,http://www.ihtsdo.org/snomed#Structure_of_lateral_pharyngeal_space,True,1.0
http://bioontology.org/projects/ontologies/fma/fmaOwlDlComponent_2_0#Set_of_interchondral_joints,http://www.ihtsdo.org/snomed#Structure_of_interchondral_joint,True,1.0
http://bioontology.org/projects/ontologies/fma/fmaOwlDlComponent_2_0#Proximal_epiphysis_of_first_metacarpal_bone,http://www.ihtsdo.org/snomed#Structure_of_base_of_first_metacarpal_bone,True,1.0
http://bioontology.org/projects/ontologies/fma/fmaOwlDlComponent_2_0#Upper_pole_of_spleen,http://www.ihtsdo.org/snomed#Structure_of_posterior_extremity_of_spleen,True,1.0
http://bioontology.org/projects/ontologies/fma/fmaOwlDlComponent_2_0#Femoral_nerve_plexus,http://www.ihtsdo.org/snomed#Structure_of_femoral_plexus,True,1.0
http://bioontology.org/projects/ontologies/fma/fmaOwlDlComponent_2_0#Infra_orbital_artery,http://www.ihtsdo.org/snomed#Structure_of_infraorbital_artery,True,1.0
http://bioontology.org/projects/ontologies/fma/fmaOwlDlComponent_2_0#Palatomaxillary_suture,http://www.ihtsdo.org/snomed#Structure_of_palatomaxillary_suture_of_skull,True,1.0
http://bioontology.org/projects/ontologies/fma/fmaOwlDlComponent_2_0#Inferior_border_of_heart,http://www.ihtsdo.org/snomed#Structure_of_right_margin_of_heart,True,1.0
http://bioontology.org/projects/ontologies/fma/fmaOwlDlComponent_2_0#Polar_frontal_artery,http://www.ihtsdo.org/snomed#Structure_of_frontopolar_branch_of_anterior_cerebral_artery,True,1.0
http://bioontology.org/projects/ontologies/fma/fmaOwlDlComponent_2_0#Occipital_emissary_vein,http://www.ihtsdo.org/snomed#Structure_of_occipital_emissary_vein,False,1.0
http://bioontology.org/projects/ontologies/fma/fmaOwlDlComponent_2_0#Sphenopalatine_artery,http://www.ihtsdo.org/snomed#Structure_of_sphenopalatine_artery,True,1.0
http://bioontology.org/projects/ontologies/fma/fmaOwlDlComponent_2_0#Pectoral_fascia,http://www.ihtsdo.org/snomed#Structure_of_pectoral_fascia,True,1.0
http://bioontology.org/projects/ontologies/fma/fmaOwlDlComponent_2_0#Body_of_seventh_rib,http://www.ihtsdo.org/snomed#Structure_of_shaft_of_seventh_rib,True,1.0
http://bioontology.org/projects/ontologies/fma/fmaOwlDlComponent_2_0#Set_of_superficial_parotid_lymph_nodes,http://www.ihtsdo.org/snomed#Superficial_parotid_lymph_node,True,1.0
http://bioontology.org/projects/ontologies/fma/fmaOwlDlComponent_2_0#Posterior_cecal_artery,http://www.ihtsdo.org/snomed#Structure_of_posterior_cecal_artery,True,1.0
http://bioontology.org/projects/ontologies/fma/fmaOwlDlComponent_2_0#Nasal_bone,http://www.ihtsdo.org/snomed#Nasal_bone_structure,True,1.0
http://bioontology.org/projects/ontologies/fma/fmaOwlDlComponent_2_0#Head_of_fifth_rib,http://www.ihtsdo.org/snomed#Head_of_fifth_rib_structure,True,1.0
http://bioontology.org/projects/ontologies/fma/fmaOwlDlComponent_2_0#Uterosacral_ligament,http://www.ihtsdo.org/snomed#Structure_of_uterosacral_ligament,True,1.0
http://bioontology.org/projects/ontologies/fma/fmaOwlDlComponent_2_0#Precuneus,http://www.ihtsdo.org/snomed#Structure_of_precuneus,True,1.0
http://bioontology.org/projects/ontologies/fma/fmaOwlDlComponent_2_0#Plantar_part_of_foot,http://www.ihtsdo.org/snomed#Structure_of_sole_of_foot,True,1.0
http://bioontology.org/projects/ontologies/fma/fmaOwlDlComponent_2_0#Tributary_of_deep_palmar_venous_arch,http://www.ihtsdo.org/snomed#Structure_of_tributary_of_deep_palmar_venous_arch,True,1.0
http://bioontology.org/projects/ontologies/fma/fmaOwlDlComponent_2_0#Tela_choroidea_of_fourth_ventricle,http://www.ihtsdo.org/snomed#Structure_of_tela_choroidea_of_fourth_ventricle,True,1.0
http://bioontology.org/projects/ontologies/fma/fmaOwlDlComponent_2_0#Posterolateral_surface_of_lobe_of_thyroid_gland,http://www.ihtsdo.org/snomed#Posterolateral_surface_of_thyroid_lobe,True,1.0
http://bioontology.org/projects/ontologies/fma/fmaOwlDlComponent_2_0#Sinus_confluence,http://www.ihtsdo.org/snomed#Structure_of_torcular_Herophili,True,1.0
http://bioontology.org/projects/ontologies/fma/fmaOwlDlComponent_2_0#Orifice_of_parotid_duct,http://www.ihtsdo.org/snomed#Structure_of_orifice_of_parotid_duct,True,1.0
http://bioontology.org/projects/ontologies/fma/fmaOwlDlComponent_2_0#Helix,http://www.ihtsdo.org/snomed#Helix_structure,True,1.0
http://bioontology.org/projects/ontologies/fma/fmaOwlDlComponent_2_0#Auricular_branch_of_occipital_artery,http://www.ihtsdo.org/snomed#Structure_of_auricular_branch_occipital_artery,True,1.0
http://bioontology.org/projects/ontologies/fma/fmaOwlDlComponent_2_0#Intervertebral_disk_of_sixth_cervical_vertebra,http://www.ihtsdo.org/snomed#Intervertebral_disc_structure_of_sixth_cervical_vertebra,True,1.0
http://bioontology.org/projects/ontologies/fma/fmaOwlDlComponent_2_0#Medial_articular_facet_of_patella,http://www.ihtsdo.org/snomed#Structure_of_medial_articular_facet_of_patella,True,1.0
http://bioontology.org/projects/ontologies/fma/fmaOwlDlComponent_2_0#Taenia_coli,http://www.ihtsdo.org/snomed#Taenia_coli_structure,True,1.0
http://bioontology.org/projects/ontologies/fma/fmaOwlDlComponent_2_0#Right_gastric_artery,http://www.ihtsdo.org/snomed#Structure_of_right_gastric_artery,True,1.0
http://bioontology.org/projects/ontologies/fma/fmaOwlDlComponent_2_0#Distal_epiphysis_of_third_metacarpal_bone,http://www.ihtsdo.org/snomed#Structure_of_head_of_third_metacarpal_bone,True,1.0
http://bioontology.org/projects/ontologies/fma/fmaOwlDlComponent_2_0#Tectorial_membrane_of_cochlea,http://www.ihtsdo.org/snomed#Structure_of_tectorial_membrane,True,1.0
http://bioontology.org/projects/ontologies/fma/fmaOwlDlComponent_2_0#Proximal_phalanx_of_middle_finger,http://www.ihtsdo.org/snomed#Structure_of_proximal_phalanx_of_middle_finger,True,1.0
http://bioontology.org/projects/ontologies/fma/fmaOwlDlComponent_2_0#Adductor_canal,http://www.ihtsdo.org/snomed#Structure_of_adductor_canal,True,1.0
http://bioontology.org/projects/ontologies/fma/fmaOwlDlComponent_2_0#Endocardium_of_left_atrium,http://www.ihtsdo.org/snomed#Structure_of_endocardium_of_left_atrium,True,1.0
http://bioontology.org/projects/ontologies/fma/fmaOwlDlComponent_2_0#Set_of_internal_thoracic_veins,http://www.ihtsdo.org/snomed#Structure_of_internal_thoracic_vein,False,1.0
http://bioontology.org/projects/ontologies/fma/fmaOwlDlComponent_2_0#Commissure_of_superior_colliculus,http://www.ihtsdo.org/snomed#Structure_of_commissure_of_superior_colliculus,True,1.0
http://bioontology.org/projects/ontologies/fma/fmaOwlDlComponent_2_0#Left_coronary_nerve_plexus,http://www.ihtsdo.org/snomed#Left_coronary_plexus,True,1.0
http://bioontology.org/projects/ontologies/fma/fmaOwlDlComponent_2_0#Superior_ligament_of_epididymis,http://www.ihtsdo.org/snomed#Structure_of_superior_ligament_of_epididymis,True,1.0
http://bioontology.org/projects/ontologies/fma/fmaOwlDlComponent_2_0#Middle_colic_vein,http://www.ihtsdo.org/snomed#Structure_of_middle_colic_vein,True,1.0
http://bioontology.org/projects/ontologies/fma/fmaOwlDlComponent_2_0#Central_retinal_artery,http://www.ihtsdo.org/snomed#Structure_of_central_retinal_artery,True,1.0
http://bioontology.org/projects/ontologies/fma/fmaOwlDlComponent_2_0#Set_of_palpebral_veins,http://www.ihtsdo.org/snomed#Structure_of_palpebral_vein,True,1.0
http://bioontology.org/projects/ontologies/fma/fmaOwlDlComponent_2_0#Posterior_renal_segment,http://www.ihtsdo.org/snomed#Structure_of_posterior_renal_segment,True,1.0
http://bioontology.org/projects/ontologies/fma/fmaOwlDlComponent_2_0#Tooth_socket,http://www.ihtsdo.org/snomed#Structure_of_alveolus_dentalis,True,1.0
http://bioontology.org/projects/ontologies/fma/fmaOwlDlComponent_2_0#Anterior_wall_of_urinary_bladder,http://www.ihtsdo.org/snomed#Structure_of_anterior_wall_of_urinary_bladder,True,1.0
http://bioontology.org/projects/ontologies/fma/fmaOwlDlComponent_2_0#Spinous_process_of_fourth_thoracic_vertebra,http://www.ihtsdo.org/snomed#Structure_of_spinous_process_of_fourth_thoracic_vertebra,True,1.0
http://bioontology.org/projects/ontologies/fma/fmaOwlDlComponent_2_0#Superior_articular_process_of_fifth_thoracic_vertebra,http://www.ihtsdo.org/snomed#Structure_of_superior_articular_process_of_fifth_thoracic_vertebra,True,1.0
http://bioontology.org/projects/ontologies/fma/fmaOwlDlComponent_2_0#Set_of_cavernous_nerves_of_clitoris,http://www.ihtsdo.org/snomed#Structure_of_cavernous_nerves_of_clitoris,False,1.0
http://bioontology.org/projects/ontologies/fma/fmaOwlDlComponent_2_0#External_carotid_nerve,http://www.ihtsdo.org/snomed#Structure_of_external_carotid_nerve,True,1.0
http://bioontology.org/projects/ontologies/fma/fmaOwlDlComponent_2_0#Trigeminal_ganglion,http://www.ihtsdo.org/snomed#Structure_of_trigeminal_ganglion,True,1.0
http://bioontology.org/projects/ontologies/fma/fmaOwlDlComponent_2_0#Distal_surface_of_tooth,http://www.ihtsdo.org/snomed#Structure_of_distal_surface_of_tooth,True,1.0
http://bioontology.org/projects/ontologies/fma/fmaOwlDlComponent_2_0#Epinephrine,http://www.ihtsdo.org/snomed#Epinephrine,True,1.0
http://bioontology.org/projects/ontologies/fma/fmaOwlDlComponent_2_0#Vertebral_artery,http://www.ihtsdo.org/snomed#Structure_of_vertebral_artery,False,1.0
http://bioontology.org/projects/ontologies/fma/fmaOwlDlComponent_2_0#Angle_of_mouth,http://www.ihtsdo.org/snomed#Structure_of_angle_of_mouth,True,1.0
http://bioontology.org/projects/ontologies/fma/fmaOwlDlComponent_2_0#Lateral_palpebral_raphe,http://www.ihtsdo.org/snomed#Structure_of_lateral_palpebral_raphe,True,1.0
http://bioontology.org/projects/ontologies/fma/fmaOwlDlComponent_2_0#Head_of_seventh_rib,http://www.ihtsdo.org/snomed#Head_of_seventh_rib_structure,True,1.0
http://bioontology.org/projects/ontologies/fma/fmaOwlDlComponent_2_0#Anterior_interosseous_artery,http://www.ihtsdo.org/snomed#Structure_of_anterior_interosseous_artery,True,1.0
http://bioontology.org/projects/ontologies/fma/fmaOwlDlComponent_2_0#Sacral_flexure_of_rectum,http://www.ihtsdo.org/snomed#Structure_of_sacral_flexure_of_rectum,True,1.0
http://bioontology.org/projects/ontologies/fma/fmaOwlDlComponent_2_0#Set_of_zygomatic_branches_of_facial_nerve,http://www.ihtsdo.org/snomed#Facial_nerve_zygomatic_branch,True,1.0
http://bioontology.org/projects/ontologies/fma/fmaOwlDlComponent_2_0#Head_of_third_rib,http://www.ihtsdo.org/snomed#Structure_of_neck_of_third_rib,False,1.0
http://bioontology.org/projects/ontologies/fma/fmaOwlDlComponent_2_0#Areolar_venous_plexus,http://www.ihtsdo.org/snomed#Structure_of_areolar_venous_plexus,True,1.0
http://bioontology.org/projects/ontologies/fma/fmaOwlDlComponent_2_0#Small_neuron,http://www.ihtsdo.org/snomed#Small_neuron,False,1.0
http://bioontology.org/projects/ontologies/fma/fmaOwlDlComponent_2_0#Segment_of_cervix,http://www.ihtsdo.org/snomed#Uterine_segment,False,1.0
http://bioontology.org/projects/ontologies/fma/fmaOwlDlComponent_2_0#Right_gastric_vein,http://www.ihtsdo.org/snomed#Structure_of_right_gastric_vein,True,1.0
http://bioontology.org/projects/ontologies/fma/fmaOwlDlComponent_2_0#Cartilaginous_part_of_pharyngotympanic_tube,http://www.ihtsdo.org/snomed#Structure_of_cartilaginous_portion_of_Eustachian_tube,True,1.0
http://bioontology.org/projects/ontologies/fma/fmaOwlDlComponent_2_0#Perilymphatic_space,http://www.ihtsdo.org/snomed#Perilymphatic_space_structure,True,1.0
http://bioontology.org/projects/ontologies/fma/fmaOwlDlComponent_2_0#Superior_fascia_of_pelvic_diaphragm,http://www.ihtsdo.org/snomed#Structure_of_superior_fascia_of_pelvic_diaphragm,True,1.0
http://bioontology.org/projects/ontologies/fma/fmaOwlDlComponent_2_0#Skin_of_external_ear,http://www.ihtsdo.org/snomed#External_ear_part,True,1.0
http://bioontology.org/projects/ontologies/fma/fmaOwlDlComponent_2_0#External_medullary_lamina,http://www.ihtsdo.org/snomed#Structure_of_external_medullary_lamina_of_thalamus,True,1.0
http://bioontology.org/projects/ontologies/fma/fmaOwlDlComponent_2_0#Contact_surface_of_tooth,http://www.ihtsdo.org/snomed#Structure_of_contact_surface_of_tooth,True,1.0
http://bioontology.org/projects/ontologies/fma/fmaOwlDlComponent_2_0#Preoptic_periventricular_nucleus,http://www.ihtsdo.org/snomed#Structure_of_preoptic_periventricular_nucleus,True,1.0
http://bioontology.org/projects/ontologies/fma/fmaOwlDlComponent_2_0#Neck_of_fifth_rib,http://www.ihtsdo.org/snomed#Head_of_fifth_rib_structure,True,1.0
http://bioontology.org/projects/ontologies/fma/fmaOwlDlComponent_2_0#Neck_of_third_rib,http://www.ihtsdo.org/snomed#Structure_of_neck_of_third_rib,True,1.0
http://bioontology.org/projects/ontologies/fma/fmaOwlDlComponent_2_0#Coccygeal_body,http://www.ihtsdo.org/snomed#Structure_of_coccygeal_glomus,False,1.0
http://bioontology.org/projects/ontologies/fma/fmaOwlDlComponent_2_0#Occipital_sinus,http://www.ihtsdo.org/snomed#Structure_of_occipital_sinus,True,1.0
http://bioontology.org/projects/ontologies/fma/fmaOwlDlComponent_2_0#Mesentery,http://www.ihtsdo.org/snomed#Mesentery_structure,True,1.0
http://bioontology.org/projects/ontologies/fma/fmaOwlDlComponent_2_0#Set_of_medial_supraclavicular_nerves,http://www.ihtsdo.org/snomed#Medial_supraclavicular_nerves,True,1.0
http://bioontology.org/projects/ontologies/fma/fmaOwlDlComponent_2_0#Tibiofibular_joint,http://www.ihtsdo.org/snomed#Tibiofibular_joint_structure,True,1.0
http://bioontology.org/projects/ontologies/fma/fmaOwlDlComponent_2_0#Lacrimal_papilla,http://www.ihtsdo.org/snomed#Lacrimal_papilla_structure,True,1.0
http://bioontology.org/projects/ontologies/fma/fmaOwlDlComponent_2_0#Popliteal_artery,http://www.ihtsdo.org/snomed#Structure_of_popliteal_artery,True,1.0
http://bioontology.org/projects/ontologies/fma/fmaOwlDlComponent_2_0#Right_fourth_lumbar_vein,http://www.ihtsdo.org/snomed#Structure_of_fourth_right_lumbar_vein,True,1.0
http://bioontology.org/projects/ontologies/fma/fmaOwlDlComponent_2_0#Valve_of_coronary_sinus,http://www.ihtsdo.org/snomed#Structure_of_valve_of_coronary_sinus,True,1.0
http://bioontology.org/projects/ontologies/fma/fmaOwlDlComponent_2_0#Skin_of_second_toe,http://www.ihtsdo.org/snomed#Skin_structure_of_second_toe,True,1.0
http://bioontology.org/projects/ontologies/fma/fmaOwlDlComponent_2_0#Superior_lacrimal_canaliculus,http://www.ihtsdo.org/snomed#Upper_lacrimal_canaliculus,True,1.0
http://bioontology.org/projects/ontologies/fma/fmaOwlDlComponent_2_0#Hepatovenous_segment_V,http://www.ihtsdo.org/snomed#Couinaud_hepatic_segment_V,True,1.0
http://bioontology.org/projects/ontologies/fma/fmaOwlDlComponent_2_0#Set_of_phrenic_ganglia,http://www.ihtsdo.org/snomed#Structure_of_phrenic_ganglia,False,1.0
http://bioontology.org/projects/ontologies/fma/fmaOwlDlComponent_2_0#Branch_of_facial_artery,http://www.ihtsdo.org/snomed#Facial_branch_of_facial_artery,True,1.0
http://bioontology.org/projects/ontologies/fma/fmaOwlDlComponent_2_0#Chin,http://www.ihtsdo.org/snomed#Chin_structure,True,1.0
http://bioontology.org/projects/ontologies/fma/fmaOwlDlComponent_2_0#Superior_branch_of_oculomotor_nerve,http://www.ihtsdo.org/snomed#Structure_of_oculomotor_nerve_superior_division,True,1.0
http://bioontology.org/projects/ontologies/fma/fmaOwlDlComponent_2_0#Gray_commissure_of_spinal_cord,http://www.ihtsdo.org/snomed#Spinal_cord_gray_commissures_structure,True,1.0
http://bioontology.org/projects/ontologies/fma/fmaOwlDlComponent_2_0#Hepatovenous_segment_VIII,http://www.ihtsdo.org/snomed#Couinaud_hepatic_segment_VII,False,1.0
http://bioontology.org/projects/ontologies/fma/fmaOwlDlComponent_2_0#Left_hip,http://www.ihtsdo.org/snomed#Left_hip_region_structure,True,1.0
http://bioontology.org/projects/ontologies/fma/fmaOwlDlComponent_2_0#Descending_thoracic_aorta,http://www.ihtsdo.org/snomed#Structure_of_descending_thoracic_aorta,True,1.0
http://bioontology.org/projects/ontologies/fma/fmaOwlDlComponent_2_0#Sphenoid_part_of_middle_cerebral_artery,http://www.ihtsdo.org/snomed#Middle_cerebral_artery_M1_segment,True,1.0
http://bioontology.org/projects/ontologies/fma/fmaOwlDlComponent_2_0#Palatine_tonsil,http://www.ihtsdo.org/snomed#Tonsillar_structure_palatine,True,1.0
http://bioontology.org/projects/ontologies/fma/fmaOwlDlComponent_2_0#Pelvic_diaphragm,http://www.ihtsdo.org/snomed#Pelvic_floor_structure,True,1.0
http://bioontology.org/projects/ontologies/fma/fmaOwlDlComponent_2_0#Internal_axis_of_eyeball,http://www.ihtsdo.org/snomed#Structure_of_internal_axis_of_eyeball,True,1.0
http://bioontology.org/projects/ontologies/fma/fmaOwlDlComponent_2_0#Ligament_of_hand,http://www.ihtsdo.org/snomed#Structure_of_ligament_of_hand,False,1.0
http://bioontology.org/projects/ontologies/fma/fmaOwlDlComponent_2_0#Superior_laryngeal_artery,http://www.ihtsdo.org/snomed#Structure_of_superior_laryngeal_artery,False,1.0
http://bioontology.org/projects/ontologies/fma/fmaOwlDlComponent_2_0#Hindgut,http://www.ihtsdo.org/snomed#Hindgut_structure,True,1.0
http://bioontology.org/projects/ontologies/fma/fmaOwlDlComponent_2_0#Posterior_superior_alveolar_nerve,http://www.ihtsdo.org/snomed#Structure_of_posterior_superior_alveolar_nerve,True,1.0
http://bioontology.org/projects/ontologies/fma/fmaOwlDlComponent_2_0#Skin_cell,http://www.ihtsdo.org/snomed#Skin_cell,True,1.0
http://bioontology.org/projects/ontologies/fma/fmaOwlDlComponent_2_0#Corpus_striatum,http://www.ihtsdo.org/snomed#Corpus_striatum_structure,True,1.0
http://bioontology.org/projects/ontologies/fma/fmaOwlDlComponent_2_0#Nucleus_ambiguus,http://www.ihtsdo.org/snomed#Structure_of_nucleus_ambiguus,True,1.0
http://bioontology.org/projects/ontologies/fma/fmaOwlDlComponent_2_0#Set_of_cardiac_ganglia,http://www.ihtsdo.org/snomed#Structure_of_cardiac_ganglia,True,1.0
http://bioontology.org/projects/ontologies/fma/fmaOwlDlComponent_2_0#Set_of_collateral_ligaments_of_metacarpophalangeal_joints,http://www.ihtsdo.org/snomed#Structure_of_collateral_ligaments_of_metacarpophalangeal_joints,True,1.0
http://bioontology.org/projects/ontologies/fma/fmaOwlDlComponent_2_0#Medulla_of_thymus,http://www.ihtsdo.org/snomed#Structure_of_thymic_medulla,True,1.0
http://bioontology.org/projects/ontologies/fma/fmaOwlDlComponent_2_0#Palmar_surface_of_little_finger,http://www.ihtsdo.org/snomed#Structure_of_palmar_surface_of_little_finger,True,1.0
http://bioontology.org/projects/ontologies/fma/fmaOwlDlComponent_2_0#Set_of_superficial_muscles_of_neck,http://www.ihtsdo.org/snomed#Superficial_muscle_of_neck,True,1.0
http://bioontology.org/projects/ontologies/fma/fmaOwlDlComponent_2_0#Set_of_perineal_nerves,http://www.ihtsdo.org/snomed#Structure_of_perineal_nerve,False,1.0
http://bioontology.org/projects/ontologies/fma/fmaOwlDlComponent_2_0#Superior_fascia_of_urogenital_diaphragm,http://www.ihtsdo.org/snomed#Structure_of_superior_urogenital_diaphragmatic_fascia,True,1.0
http://bioontology.org/projects/ontologies/fma/fmaOwlDlComponent_2_0#Median_glosso_epiglottic_fold,http://www.ihtsdo.org/snomed#Structure_of_middle_glossoepiglottic_fold,True,1.0
http://bioontology.org/projects/ontologies/fma/fmaOwlDlComponent_2_0#Intervertebral_foramen_of_fifth_cervical_vertebra,http://www.ihtsdo.org/snomed#Structure_of_intervertebral_foramen_of_fifth_cervical_vertebra,True,1.0
http://bioontology.org/projects/ontologies/fma/fmaOwlDlComponent_2_0#Saccule_of_membranous_labyrinth,http://www.ihtsdo.org/snomed#Saccule_structure,True,1.0
http://bioontology.org/projects/ontologies/fma/fmaOwlDlComponent_2_0#Horizontal_part_of_duodenum,http://www.ihtsdo.org/snomed#Structure_of_inferior_portion_of_duodenum,True,1.0
http://bioontology.org/projects/ontologies/fma/fmaOwlDlComponent_2_0#Transverse_process_of_fifth_lumbar_vertebra,http://www.ihtsdo.org/snomed#Structure_of_transverse_process_of_fifth_lumbar_vertebra,True,1.0
http://bioontology.org/projects/ontologies/fma/fmaOwlDlComponent_2_0#Articular_part_of_tubercle_of_second_rib,http://www.ihtsdo.org/snomed#Structure_of_articular_part_of_tubercle_of_second_rib,True,1.0
http://bioontology.org/projects/ontologies/fma/fmaOwlDlComponent_2_0#Plasma_membrane_of_muscle_cell,http://www.ihtsdo.org/snomed#Sarcolemma_structure,True,1.0
http://bioontology.org/projects/ontologies/fma/fmaOwlDlComponent_2_0#Interphalangeal_joint,http://www.ihtsdo.org/snomed#Interphalangeal_joint_structure,True,1.0
http://bioontology.org/projects/ontologies/fma/fmaOwlDlComponent_2_0#Set_of_granular_foveolae,http://www.ihtsdo.org/snomed#Pacchionian_granulation,True,1.0
http://bioontology.org/projects/ontologies/fma/fmaOwlDlComponent_2_0#Inframammary_part_of_chest,http://www.ihtsdo.org/snomed#Structure_of_inframammary_region,True,1.0
http://bioontology.org/projects/ontologies/fma/fmaOwlDlComponent_2_0#Medial_olfactory_gyrus,http://www.ihtsdo.org/snomed#Structure_of_medial_olfactory_gyrus,True,1.0
http://bioontology.org/projects/ontologies/fma/fmaOwlDlComponent_2_0#Thenar_space,http://www.ihtsdo.org/snomed#Structure_of_thenar_space,True,1.0
http://bioontology.org/projects/ontologies/fma/fmaOwlDlComponent_2_0#Calcar_avis,http://www.ihtsdo.org/snomed#Structure_of_calcar_avis,True,1.0
http://bioontology.org/projects/ontologies/fma/fmaOwlDlComponent_2_0#Oral_cavity_proper,http://www.ihtsdo.org/snomed#Structure_of_oral_cavity_proper,True,1.0
http://bioontology.org/projects/ontologies/fma/fmaOwlDlComponent_2_0#Carotid_siphon,http://www.ihtsdo.org/snomed#Structure_of_carotid_siphon,True,1.0
http://bioontology.org/projects/ontologies/fma/fmaOwlDlComponent_2_0#Frenulum_of_clitoris,http://www.ihtsdo.org/snomed#Structure_of_frenulum_of_clitoris,True,1.0
http://bioontology.org/projects/ontologies/fma/fmaOwlDlComponent_2_0#Oxyphil_cell_of_parathyroid_gland,http://www.ihtsdo.org/snomed#Structure_of_parathyroid_oxyphil_cell,True,1.0
http://bioontology.org/projects/ontologies/fma/fmaOwlDlComponent_2_0#Superficial_perineal_space,http://www.ihtsdo.org/snomed#Structure_of_superficial_perineal_space,True,1.0
http://bioontology.org/projects/ontologies/fma/fmaOwlDlComponent_2_0#Base_of_prostate,http://www.ihtsdo.org/snomed#Structure_of_base_of_prostate,True,1.0
http://bioontology.org/projects/ontologies/fma/fmaOwlDlComponent_2_0#Ventrolateral_sulcus_of_medulla_oblongata,http://www.ihtsdo.org/snomed#Medulla_oblongata_ventral_lateral_sulcus,True,1.0
http://bioontology.org/projects/ontologies/fma/fmaOwlDlComponent_2_0#Palmar_surface_of_index_finger,http://www.ihtsdo.org/snomed#Structure_of_palmar_surface_of_index_finger,False,1.0
http://bioontology.org/projects/ontologies/fma/fmaOwlDlComponent_2_0#Internal_pudendal_artery,http://www.ihtsdo.org/snomed#Branch_of_internal_pudendal_artery,True,1.0
http://bioontology.org/projects/ontologies/fma/fmaOwlDlComponent_2_0#Set_of_subscapular_nerves,http://www.ihtsdo.org/snomed#Structure_of_subscapular_nerve,True,1.0
http://bioontology.org/projects/ontologies/fma/fmaOwlDlComponent_2_0#Articularis_cubiti,http://www.ihtsdo.org/snomed#Subanconeus,True,1.0
http://bioontology.org/projects/ontologies/fma/fmaOwlDlComponent_2_0#Superior_phrenic_artery,http://www.ihtsdo.org/snomed#Structure_of_superior_phrenic_artery,True,1.0
http://bioontology.org/projects/ontologies/fma/fmaOwlDlComponent_2_0#Set_of_para_urethral_ducts,http://www.ihtsdo.org/snomed#Structure_of_paraurethral_ducts,True,1.0
http://bioontology.org/projects/ontologies/fma/fmaOwlDlComponent_2_0#Femoral_canal,http://www.ihtsdo.org/snomed#Femoral_canal_structure,True,1.0
http://bioontology.org/projects/ontologies/fma/fmaOwlDlComponent_2_0#Epithalamus,http://www.ihtsdo.org/snomed#Epithalamic_structure,True,1.0
http://bioontology.org/projects/ontologies/fma/fmaOwlDlComponent_2_0#Proximal_interphalangeal_joint_of_fourth_toe,http://www.ihtsdo.org/snomed#Proximal_interphalangeal_joint_structure_of_fourth_toe,True,1.0
http://bioontology.org/projects/ontologies/fma/fmaOwlDlComponent_2_0#Body_of_sixth_cervical_vertebra,http://www.ihtsdo.org/snomed#Structure_of_body_of_sixth_cervical_vertebra,True,1.0
http://bioontology.org/projects/ontologies/fma/fmaOwlDlComponent_2_0#Set_of_intercostal_lymph_nodes,http://www.ihtsdo.org/snomed#Intercostal_lymph_node,True,1.0
http://bioontology.org/projects/ontologies/fma/fmaOwlDlComponent_2_0#Mucosa_of_stomach,http://www.ihtsdo.org/snomed#Gastric_mucous_membrane_structure,True,1.0
http://bioontology.org/projects/ontologies/fma/fmaOwlDlComponent_2_0#Proximal_epiphysis_of_fibula,http://www.ihtsdo.org/snomed#Head_of_fibula_structure,True,1.0
http://bioontology.org/projects/ontologies/fma/fmaOwlDlComponent_2_0#Arcuate_pubic_ligament,http://www.ihtsdo.org/snomed#Structure_of_arcuate_ligament_of_pubis,True,1.0
http://bioontology.org/projects/ontologies/fma/fmaOwlDlComponent_2_0#Set_of_arcuate_veins_of_kidney,http://www.ihtsdo.org/snomed#Structure_of_arcuate_vein_of_kidney,True,1.0
http://bioontology.org/projects/ontologies/fma/fmaOwlDlComponent_2_0#Ureteropelvic_junction,http://www.ihtsdo.org/snomed#Structure_of_ureteropelvic_junction,True,1.0
http://bioontology.org/projects/ontologies/fma/fmaOwlDlComponent_2_0#Bone_marrow,http://www.ihtsdo.org/snomed#All_bone_marrow,True,1.0
http://bioontology.org/projects/ontologies/fma/fmaOwlDlComponent_2_0#Hair,http://www.ihtsdo.org/snomed#Appearance_of_hair,False,1.0
http://bioontology.org/projects/ontologies/fma/fmaOwlDlComponent_2_0#Pleural_cupula,http://www.ihtsdo.org/snomed#Structure_of_cervical_pleura,True,1.0
http://bioontology.org/projects/ontologies/fma/fmaOwlDlComponent_2_0#Left_femoral_artery,http://www.ihtsdo.org/snomed#Branch_of_femoral_artery,True,1.0
http://bioontology.org/projects/ontologies/fma/fmaOwlDlComponent_2_0#Subthalamus,http://www.ihtsdo.org/snomed#Subthalamic_structure,True,1.0
http://bioontology.org/projects/ontologies/fma/fmaOwlDlComponent_2_0#Tributary_of_inferior_mesenteric_vein,http://www.ihtsdo.org/snomed#Structure_of_tributary_of_inferior_mesenteric_vein,True,1.0
http://bioontology.org/projects/ontologies/fma/fmaOwlDlComponent_2_0#Set_of_glandular_branches_of_facial_artery,http://www.ihtsdo.org/snomed#Structure_of_glandular_branch_of_facial_artery,False,1.0
http://bioontology.org/projects/ontologies/fma/fmaOwlDlComponent_2_0#Body_of_scapula,http://www.ihtsdo.org/snomed#Structure_of_body_of_scapula,False,1.0
http://bioontology.org/projects/ontologies/fma/fmaOwlDlComponent_2_0#Ischial_spine,http://www.ihtsdo.org/snomed#Structure_of_ischial_spine,True,1.0
http://bioontology.org/projects/ontologies/fma/fmaOwlDlComponent_2_0#Isthmus_of_pharyngotympanic_tube,http://www.ihtsdo.org/snomed#Structure_of_isthmus_of_Eustachian_tube,True,1.0
http://bioontology.org/projects/ontologies/fma/fmaOwlDlComponent_2_0#Lesser_wing_of_sphenoid,http://www.ihtsdo.org/snomed#Structure_of_lesser_wing_of_sphenoid_bone,True,1.0
http://bioontology.org/projects/ontologies/fma/fmaOwlDlComponent_2_0#Jugular_lymphatic_trunk,http://www.ihtsdo.org/snomed#Structure_of_jugular_lymphatic_trunk,True,1.0
http://bioontology.org/projects/ontologies/fma/fmaOwlDlComponent_2_0#Pelvic_diaphragm,http://www.ihtsdo.org/snomed#Structure_of_pelvic_diaphragm,True,1.0
http://bioontology.org/projects/ontologies/fma/fmaOwlDlComponent_2_0#Myocardium_of_right_atrium,http://www.ihtsdo.org/snomed#Structure_of_myocardium_of_right_atrium,True,1.0
http://bioontology.org/projects/ontologies/fma/fmaOwlDlComponent_2_0#Ostium_of_superior_vena_cava,http://www.ihtsdo.org/snomed#Structure_of_ostium_of_superior_vena_cava,True,1.0
http://bioontology.org/projects/ontologies/fma/fmaOwlDlComponent_2_0#Interatrial_septum,http://www.ihtsdo.org/snomed#Interatrial_septum_structure,True,1.0
http://bioontology.org/projects/ontologies/fma/fmaOwlDlComponent_2_0#Lacrimal_canaliculus,http://www.ihtsdo.org/snomed#Lacrimal_canaliculus_structure,True,1.0
http://bioontology.org/projects/ontologies/fma/fmaOwlDlComponent_2_0#Brachial_vein,http://www.ihtsdo.org/snomed#Structure_of_brachial_vein,False,1.0
http://bioontology.org/projects/ontologies/fma/fmaOwlDlComponent_2_0#Tributary_of_inferior_petrosal_sinus,http://www.ihtsdo.org/snomed#Structure_of_tributary_of_inferior_petrosal_sinus,True,1.0
http://bioontology.org/projects/ontologies/fma/fmaOwlDlComponent_2_0#Suprapleural_membrane,http://www.ihtsdo.org/snomed#Structure_of_suprapleural_membrane,True,1.0
http://bioontology.org/projects/ontologies/fma/fmaOwlDlComponent_2_0#Set_of_alar_ligaments,http://www.ihtsdo.org/snomed#Structure_of_alar_ligaments,True,1.0
http://bioontology.org/projects/ontologies/fma/fmaOwlDlComponent_2_0#Enamel,http://www.ihtsdo.org/snomed#Enamel_structure,True,1.0
http://bioontology.org/projects/ontologies/fma/fmaOwlDlComponent_2_0#Anterior_ciliary_vein,http://www.ihtsdo.org/snomed#Structure_of_anterior_ciliary_vein,True,1.0
http://bioontology.org/projects/ontologies/fma/fmaOwlDlComponent_2_0#Posterior_commissure_of_mitral_valve,http://www.ihtsdo.org/snomed#Structure_of_posterior_commissure_of_mitral_valve,True,1.0
http://bioontology.org/projects/ontologies/fma/fmaOwlDlComponent_2_0#Maxillary_nerve,http://www.ihtsdo.org/snomed#Structure_of_maxillary_nerve,True,1.0
http://bioontology.org/projects/ontologies/fma/fmaOwlDlComponent_2_0#Lamina_of_fifth_cervical_vertebra,http://www.ihtsdo.org/snomed#Structure_of_lamina_of_fifth_cervical_vertebra,True,1.0
http://bioontology.org/projects/ontologies/fma/fmaOwlDlComponent_2_0#Posterior_mediastinal_lymph_node,http://www.ihtsdo.org/snomed#Posterior_mediastinal_lymph_node_group,True,1.0
http://bioontology.org/projects/ontologies/fma/fmaOwlDlComponent_2_0#Taste_bud,http://www.ihtsdo.org/snomed#Taste_bud_structure,True,1.0
http://bioontology.org/projects/ontologies/fma/fmaOwlDlComponent_2_0#Inferior_temporal_sulcus,http://www.ihtsdo.org/snomed#Structure_of_inferior_temporal_sulcus,True,1.0
http://bioontology.org/projects/ontologies/fma/fmaOwlDlComponent_2_0#Pyramidal_tract,http://www.ihtsdo.org/snomed#Pyramidal_tract_structure,True,1.0
http://bioontology.org/projects/ontologies/fma/fmaOwlDlComponent_2_0#Splenic_lymph_node,http://www.ihtsdo.org/snomed#Structure_of_splenic_lymph_node,False,1.0
http://bioontology.org/projects/ontologies/fma/fmaOwlDlComponent_2_0#Set_of_preputial_glands,http://www.ihtsdo.org/snomed#Structure_of_preputial_gland,False,1.0
http://bioontology.org/projects/ontologies/fma/fmaOwlDlComponent_2_0#Ophthalmic_artery,http://www.ihtsdo.org/snomed#Structure_of_ophthalmic_artery,False,1.0
http://bioontology.org/projects/ontologies/fma/fmaOwlDlComponent_2_0#Superior_labial_vein,http://www.ihtsdo.org/snomed#Structure_of_superior_labial_vein,True,1.0
http://bioontology.org/projects/ontologies/fma/fmaOwlDlComponent_2_0#Cartilage_of_bronchus,http://www.ihtsdo.org/snomed#Structure_of_bronchial_cartilage,True,1.0
http://bioontology.org/projects/ontologies/fma/fmaOwlDlComponent_2_0#Posterior_cord_of_brachial_nerve_plexus,http://www.ihtsdo.org/snomed#Structure_of_posterior_fasciculus_of_brachial_plexus,True,1.0
http://bioontology.org/projects/ontologies/fma/fmaOwlDlComponent_2_0#Cervical_nerve_plexus,http://www.ihtsdo.org/snomed#Cervical_plexus_structure,True,1.0
http://bioontology.org/projects/ontologies/fma/fmaOwlDlComponent_2_0#Set_of_submental_lymph_nodes,http://www.ihtsdo.org/snomed#Structure_of_submental_lymph_node,False,1.0
http://bioontology.org/projects/ontologies/fma/fmaOwlDlComponent_2_0#Suspensory_ligament_of_penis,http://www.ihtsdo.org/snomed#Structure_of_suspensory_ligament_of_penis,False,1.0
http://bioontology.org/projects/ontologies/fma/fmaOwlDlComponent_2_0#Superior_vena_cava,http://www.ihtsdo.org/snomed#Superior_vena_cava_structure,True,1.0
http://bioontology.org/projects/ontologies/fma/fmaOwlDlComponent_2_0#Inferior_articular_process_of_second_lumbar_vertebra,http://www.ihtsdo.org/snomed#Structure_of_inferior_articular_process_of_second_lumbar_vertebra,True,1.0
http://bioontology.org/projects/ontologies/fma/fmaOwlDlComponent_2_0#Pedicle_of_sixth_cervical_vertebra,http://www.ihtsdo.org/snomed#Structure_of_pedicle_of_sixth_cervical_vertebra,True,1.0
http://bioontology.org/projects/ontologies/fma/fmaOwlDlComponent_2_0#Extracellular_space,http://www.ihtsdo.org/snomed#Extracellular_space,True,1.0
http://bioontology.org/projects/ontologies/fma/fmaOwlDlComponent_2_0#Anterior_cardiac_vein,http://www.ihtsdo.org/snomed#Structure_of_anterior_cardiac_vein,True,1.0
http://bioontology.org/projects/ontologies/fma/fmaOwlDlComponent_2_0#Head_of_fifth_rib,http://www.ihtsdo.org/snomed#Structure_of_neck_of_fifth_rib,False,1.0
http://bioontology.org/projects/ontologies/fma/fmaOwlDlComponent_2_0#Cortex_of_thymus,http://www.ihtsdo.org/snomed#Structure_of_thymic_cortex,True,1.0
http://bioontology.org/projects/ontologies/fma/fmaOwlDlComponent_2_0#Cervical_nerve,http://www.ihtsdo.org/snomed#Cervical_nervous_structure,True,1.0
http://bioontology.org/projects/ontologies/fma/fmaOwlDlComponent_2_0#Cerebral_aqueduct,http://www.ihtsdo.org/snomed#Structure_of_cerebral_aqueduct,True,1.0
http://bioontology.org/projects/ontologies/fma/fmaOwlDlComponent_2_0#Root_canal_of_tooth,http://www.ihtsdo.org/snomed#Pulp_canal,True,1.0
http://bioontology.org/projects/ontologies/fma/fmaOwlDlComponent_2_0#Pedicle_of_cervical_vertebra,http://www.ihtsdo.org/snomed#Structure_of_pedicle_of_cervical_vertebra,True,1.0
http://bioontology.org/projects/ontologies/fma/fmaOwlDlComponent_2_0#Anterior_cervical_lymph_node,http://www.ihtsdo.org/snomed#Structure_of_anterior_cervical_lymph_node,True,1.0
http://bioontology.org/projects/ontologies/fma/fmaOwlDlComponent_2_0#Myelinated_nerve_fiber,http://www.ihtsdo.org/snomed#Myelinated_nerve_fiber_structure,True,1.0
http://bioontology.org/projects/ontologies/fma/fmaOwlDlComponent_2_0#Medial_surface_of_little_finger,http://www.ihtsdo.org/snomed#Structure_of_medial_surface_of_little_finger,True,1.0
http://bioontology.org/projects/ontologies/fma/fmaOwlDlComponent_2_0#Nasal_meatus,http://www.ihtsdo.org/snomed#Nasal_meatus_structure,True,1.0
http://bioontology.org/projects/ontologies/fma/fmaOwlDlComponent_2_0#Transverse_process_of_third_lumbar_vertebra,http://www.ihtsdo.org/snomed#Structure_of_transverse_process_of_third_lumbar_vertebra,True,1.0
http://bioontology.org/projects/ontologies/fma/fmaOwlDlComponent_2_0#Malleolar_part_of_ankle,http://www.ihtsdo.org/snomed#Malleolar_region_structure,True,1.0
http://bioontology.org/projects/ontologies/fma/fmaOwlDlComponent_2_0#Set_of_pancreaticosplenic_lymph_nodes,http://www.ihtsdo.org/snomed#Structure_of_pancreaticosplenic_lymph_node,True,1.0
http://bioontology.org/projects/ontologies/fma/fmaOwlDlComponent_2_0#Tributary_of_sigmoid_sinus,http://www.ihtsdo.org/snomed#Structure_of_tributary_of_sigmoid_sinus,False,1.0
http://bioontology.org/projects/ontologies/fma/fmaOwlDlComponent_2_0#Medial_malleolus,http://www.ihtsdo.org/snomed#Medial_malleolus_structure,True,1.0
http://bioontology.org/projects/ontologies/fma/fmaOwlDlComponent_2_0#Hip_bone,http://www.ihtsdo.org/snomed#Innominate_bone_structure,True,1.0
http://bioontology.org/projects/ontologies/fma/fmaOwlDlComponent_2_0#Sinus_of_epididymis,http://www.ihtsdo.org/snomed#Structure_of_sinus_epididymidis,True,1.0
http://bioontology.org/projects/ontologies/fma/fmaOwlDlComponent_2_0#Lateral_thoracic_artery,http://www.ihtsdo.org/snomed#Structure_of_lateral_thoracic_artery,False,1.0
http://bioontology.org/projects/ontologies/fma/fmaOwlDlComponent_2_0#Medial_reticulospinal_tract,http://www.ihtsdo.org/snomed#Structure_of_medial_reticulospinal_tract,True,1.0
http://bioontology.org/projects/ontologies/fma/fmaOwlDlComponent_2_0#Breast,http://www.ihtsdo.org/snomed#Structure_of_mammary_region,True,1.0
http://bioontology.org/projects/ontologies/fma/fmaOwlDlComponent_2_0#Theca_folliculi,http://www.ihtsdo.org/snomed#Theca_folliculi_structure,True,1.0
http://bioontology.org/projects/ontologies/fma/fmaOwlDlComponent_2_0#Subcutaneous_infrapatellar_bursa,http://www.ihtsdo.org/snomed#Structure_of_subcutaneous_infrapatellar_bursa,True,1.0
http://bioontology.org/projects/ontologies/fma/fmaOwlDlComponent_2_0#Substantia_propria_of_cornea,http://www.ihtsdo.org/snomed#Structure_of_substantia_propria_of_cornea,True,1.0
http://bioontology.org/projects/ontologies/fma/fmaOwlDlComponent_2_0#Dorsal_surface_of_middle_finger,http://www.ihtsdo.org/snomed#Structure_of_dorsal_surface_of_middle_finger,True,1.0
http://bioontology.org/projects/ontologies/fma/fmaOwlDlComponent_2_0#Tendinous_arch_of_pelvic_fascia,http://www.ihtsdo.org/snomed#Structure_of_tendinous_arch_of_pelvic_fascia,True,1.0
http://bioontology.org/projects/ontologies/fma/fmaOwlDlComponent_2_0#Medial_surface_of_fifth_toe,http://www.ihtsdo.org/snomed#Structure_of_medial_surface_of_fifth_toe,True,1.0
http://bioontology.org/projects/ontologies/fma/fmaOwlDlComponent_2_0#Nucleus_pulposus_of_intervertebral_disk_of_third_thoracic_vertebra,http://www.ihtsdo.org/snomed#Structure_of_nucleus_pulposus_of_intervertebral_disc_of_third_thoracic_vertebra,True,1.0
http://bioontology.org/projects/ontologies/fma/fmaOwlDlComponent_2_0#Neck_of_fifth_rib,http://www.ihtsdo.org/snomed#Structure_of_neck_of_fifth_rib,True,1.0
http://bioontology.org/projects/ontologies/fma/fmaOwlDlComponent_2_0#Right_upper_quadrant_of_abdomen,http://www.ihtsdo.org/snomed#Structure_of_right_upper_quadrant_of_abdomen,True,1.0
http://bioontology.org/projects/ontologies/fma/fmaOwlDlComponent_2_0#Posterior_compartment_of_forearm,http://www.ihtsdo.org/snomed#Structure_of_extensor_compartment_of_forearm,True,1.0
http://bioontology.org/projects/ontologies/fma/fmaOwlDlComponent_2_0#Ileocecal_fold,http://www.ihtsdo.org/snomed#Structure_of_ileocecal_fold,True,1.0
http://bioontology.org/projects/ontologies/fma/fmaOwlDlComponent_2_0#Spinous_process_of_tenth_thoracic_vertebra,http://www.ihtsdo.org/snomed#Structure_of_spinous_process_of_tenth_thoracic_vertebra,True,1.0
http://bioontology.org/projects/ontologies/fma/fmaOwlDlComponent_2_0#Eleventh_costal_cartilage,http://www.ihtsdo.org/snomed#Structure_of_eleventh_costal_cartilage,True,1.0
http://bioontology.org/projects/ontologies/fma/fmaOwlDlComponent_2_0#Lateral_recess_of_fourth_ventricle,http://www.ihtsdo.org/snomed#Structure_of_lateral_recess_of_fourth_ventricle,True,1.0
http://bioontology.org/projects/ontologies/fma/fmaOwlDlComponent_2_0#Jugular_lymph_node,http://www.ihtsdo.org/snomed#Structure_of_jugular_lymph_node,True,1.0
http://bioontology.org/projects/ontologies/fma/fmaOwlDlComponent_2_0#Arbor_vitae_of_cerebellum,http://www.ihtsdo.org/snomed#Structure_of_arbor_vitae_of_cerebellum,True,1.0
http://bioontology.org/projects/ontologies/fma/fmaOwlDlComponent_2_0#Inferior_palpebral_arch,http://www.ihtsdo.org/snomed#Structure_of_inferior_palpebral_arch,True,1.0
http://bioontology.org/projects/ontologies/fma/fmaOwlDlComponent_2_0#Skin_of_big_toe,http://www.ihtsdo.org/snomed#Skin_structure_of_great_toe,True,1.0
http://bioontology.org/projects/ontologies/fma/fmaOwlDlComponent_2_0#Gonadotroph,http://www.ihtsdo.org/snomed#Pituitary_delta_cell,True,1.0
http://bioontology.org/projects/ontologies/fma/fmaOwlDlComponent_2_0#Anterior_external_vertebral_venous_plexus,http://www.ihtsdo.org/snomed#Structure_of_anterior_external_vertebral_venous_plexus,True,1.0
http://bioontology.org/projects/ontologies/fma/fmaOwlDlComponent_2_0#Phalanx_of_finger,http://www.ihtsdo.org/snomed#Head_of_phalanx,False,1.0
http://bioontology.org/projects/ontologies/fma/fmaOwlDlComponent_2_0#Tributary_of_popliteal_vein,http://www.ihtsdo.org/snomed#Structure_of_tributary_of_popliteal_vein,True,1.0
http://bioontology.org/projects/ontologies/fma/fmaOwlDlComponent_2_0#Set_of_lateral_pericardial_lymph_nodes,http://www.ihtsdo.org/snomed#Structure_of_lateral_pericardial_lymph_node,False,1.0
http://bioontology.org/projects/ontologies/fma/fmaOwlDlComponent_2_0#Lingual_cusp_of_tooth,http://www.ihtsdo.org/snomed#Structure_of_lingual_cusp,True,1.0
http://bioontology.org/projects/ontologies/fma/fmaOwlDlComponent_2_0#Costal_surface_of_scapula,http://www.ihtsdo.org/snomed#Structure_of_costal_aspect_of_scapula,True,1.0
http://bioontology.org/projects/ontologies/fma/fmaOwlDlComponent_2_0#Palatine_artery,http://www.ihtsdo.org/snomed#Structure_of_palatine_artery,True,1.0
http://bioontology.org/projects/ontologies/fma/fmaOwlDlComponent_2_0#Set_of_external_pudendal_veins,http://www.ihtsdo.org/snomed#Structure_of_external_pudendal_vein,True,1.0
http://bioontology.org/projects/ontologies/fma/fmaOwlDlComponent_2_0#Superior_transverse_scapular_ligament,http://www.ihtsdo.org/snomed#Structure_of_superior_transverse_scapular_ligament,True,1.0
http://bioontology.org/projects/ontologies/fma/fmaOwlDlComponent_2_0#Genital_branch_of_genitofemoral_nerve,http://www.ihtsdo.org/snomed#Structure_of_genitofemoral_nerve_genital_branch,True,1.0
http://bioontology.org/projects/ontologies/fma/fmaOwlDlComponent_2_0#Broca_s_area,http://www.ihtsdo.org/snomed#Structure_of_Broca_s_area,True,1.0
http://bioontology.org/projects/ontologies/fma/fmaOwlDlComponent_2_0#Small_saphenous_vein,http://www.ihtsdo.org/snomed#Structure_of_small_saphenous_vein,False,1.0
http://bioontology.org/projects/ontologies/fma/fmaOwlDlComponent_2_0#Gracile_tubercle,http://www.ihtsdo.org/snomed#Clava_structure,True,1.0
http://bioontology.org/projects/ontologies/fma/fmaOwlDlComponent_2_0#Recurrent_interosseous_artery,http://www.ihtsdo.org/snomed#Structure_of_recurrent_interosseous_artery,True,1.0
http://bioontology.org/projects/ontologies/fma/fmaOwlDlComponent_2_0#Fourth_cervical_vertebral_arch,http://www.ihtsdo.org/snomed#Structure_of_arch_of_fourth_cervical_vertebra,True,1.0
http://bioontology.org/projects/ontologies/fma/fmaOwlDlComponent_2_0#Left_colic_flexure,http://www.ihtsdo.org/snomed#Structure_of_left_colic_flexure,True,1.0
http://bioontology.org/projects/ontologies/fma/fmaOwlDlComponent_2_0#Atrioventricular_septum,http://www.ihtsdo.org/snomed#Structure_of_atrioventricular_septum,True,1.0
http://bioontology.org/projects/ontologies/fma/fmaOwlDlComponent_2_0#Lateral_process_of_malleus,http://www.ihtsdo.org/snomed#Structure_of_lateral_process_of_malleus,False,1.0
http://bioontology.org/projects/ontologies/fma/fmaOwlDlComponent_2_0#Right_external_ear,http://www.ihtsdo.org/snomed#Right_external_ear_structure,True,1.0
http://bioontology.org/projects/ontologies/fma/fmaOwlDlComponent_2_0#Ventromedial_nucleus_of_hypothalamus,http://www.ihtsdo.org/snomed#Structure_of_ventromedial_hypothalamic_nucleus,True,1.0
http://bioontology.org/projects/ontologies/fma/fmaOwlDlComponent_2_0#Anulus_fibrosus_of_intervertebral_disk_of_ninth_thoracic_vertebra,http://www.ihtsdo.org/snomed#Structure_of_anulus_fibrosus_of_intervertebral_disc_of_ninth_thoracic_vertebra,True,1.0
http://bioontology.org/projects/ontologies/fma/fmaOwlDlComponent_2_0#Tributary_of_radial_vein,http://www.ihtsdo.org/snomed#Structure_of_tributary_of_radial_vein,True,1.0
http://bioontology.org/projects/ontologies/fma/fmaOwlDlComponent_2_0#Occipitomastoid_suture,http://www.ihtsdo.org/snomed#Structure_of_occipitomastoid_suture_of_skull,True,1.0
http://bioontology.org/projects/ontologies/fma/fmaOwlDlComponent_2_0#External_nasal_nerve,http://www.ihtsdo.org/snomed#Structure_of_external_nasal_branch_anterior_ethmoidal_nerve,True,1.0
http://bioontology.org/projects/ontologies/fma/fmaOwlDlComponent_2_0#Orbital_sulcus,http://www.ihtsdo.org/snomed#Orbital_fissure,False,1.0
http://bioontology.org/projects/ontologies/fma/fmaOwlDlComponent_2_0#Transverse_cervical_nerve,http://www.ihtsdo.org/snomed#Structure_of_transverse_cervical_nerve,True,1.0
http://bioontology.org/projects/ontologies/fma/fmaOwlDlComponent_2_0#Set_of_dorsal_carpometacarpal_ligaments,http://www.ihtsdo.org/snomed#Structure_of_dorsal_carpometacarpal_ligaments,True,1.0
http://bioontology.org/projects/ontologies/fma/fmaOwlDlComponent_2_0#Subarachnoid_space,http://www.ihtsdo.org/snomed#Subarachnoid_space_structure,True,1.0
http://bioontology.org/projects/ontologies/fma/fmaOwlDlComponent_2_0#Stria_medullaris_of_thalamus,http://www.ihtsdo.org/snomed#Stria_medullaris_structure,True,1.0
http://bioontology.org/projects/ontologies/fma/fmaOwlDlComponent_2_0#Splenic_artery,http://www.ihtsdo.org/snomed#Structure_of_splenic_artery,True,1.0
http://bioontology.org/projects/ontologies/fma/fmaOwlDlComponent_2_0#Set_of_muscular_branches_of_radial_nerve,http://www.ihtsdo.org/snomed#Structure_of_radial_nerve_muscular_branches,True,1.0
http://bioontology.org/projects/ontologies/fma/fmaOwlDlComponent_2_0#Dorsal_gray_column_of_spinal_cord,http://www.ihtsdo.org/snomed#Structure_of_posterior_gray_horn_of_spinal_cord,True,1.0
http://bioontology.org/projects/ontologies/fma/fmaOwlDlComponent_2_0#Supracallosal_gyrus,http://www.ihtsdo.org/snomed#Structure_of_supracallosal_gyrus,True,1.0
http://bioontology.org/projects/ontologies/fma/fmaOwlDlComponent_2_0#Subclavian_lymph_node,http://www.ihtsdo.org/snomed#Structure_of_subclavian_lymph_node,False,1.0
http://bioontology.org/projects/ontologies/fma/fmaOwlDlComponent_2_0#Interosseous_of_foot,http://www.ihtsdo.org/snomed#Interosseous_muscle_of_foot,True,1.0
http://bioontology.org/projects/ontologies/fma/fmaOwlDlComponent_2_0#Inferior_palpebral_arch,http://www.ihtsdo.org/snomed#Palpebral_arches_and_their_branches,True,1.0
http://bioontology.org/projects/ontologies/fma/fmaOwlDlComponent_2_0#Supratrochlear_vein,http://www.ihtsdo.org/snomed#Structure_of_supratrochlear_vein,False,1.0
http://bioontology.org/projects/ontologies/fma/fmaOwlDlComponent_2_0#Set_of_short_posterior_ciliary_arteries,http://www.ihtsdo.org/snomed#Structure_of_short_posterior_ciliary_artery,True,1.0
http://bioontology.org/projects/ontologies/fma/fmaOwlDlComponent_2_0#Nerve_to_medial_rectus,http://www.ihtsdo.org/snomed#Structure_of_oculomotor_nerve_rectus_medialis_branch,True,1.0
http://bioontology.org/projects/ontologies/fma/fmaOwlDlComponent_2_0#Fibrous_trigone_of_heart,http://www.ihtsdo.org/snomed#Structure_of_fibrous_trigone_of_heart,True,1.0
http://bioontology.org/projects/ontologies/fma/fmaOwlDlComponent_2_0#Lateral_branch_of_left_hepatic_duct,http://www.ihtsdo.org/snomed#Structure_of_lateral_branch_of_left_hepatic_duct,True,1.0
http://bioontology.org/projects/ontologies/fma/fmaOwlDlComponent_2_0#Marginal_mandibular_branch_of_facial_nerve,http://www.ihtsdo.org/snomed#Structure_of_facial_nerve_marginal_mandibular_branch,True,1.0
http://bioontology.org/projects/ontologies/fma/fmaOwlDlComponent_2_0#Dorsal_scapular_artery,http://www.ihtsdo.org/snomed#Structure_of_dorsal_scapular_artery,True,1.0
http://bioontology.org/projects/ontologies/fma/fmaOwlDlComponent_2_0#Set_of_inferior_cerebral_veins,http://www.ihtsdo.org/snomed#Structure_of_inferior_cerebral_vein,False,1.0
http://bioontology.org/projects/ontologies/fma/fmaOwlDlComponent_2_0#Plantar_venous_plexus,http://www.ihtsdo.org/snomed#Plantar_venous_network_structure,True,1.0
http://bioontology.org/projects/ontologies/fma/fmaOwlDlComponent_2_0#Superior_glossopharyngeal_ganglion,http://www.ihtsdo.org/snomed#Structure_of_superior_glossopharyngeal_ganglion,True,1.0
http://bioontology.org/projects/ontologies/fma/fmaOwlDlComponent_2_0#Inferior_alveolar_nerve,http://www.ihtsdo.org/snomed#Structure_of_inferior_alveolar_nerve,True,1.0
http://bioontology.org/projects/ontologies/fma/fmaOwlDlComponent_2_0#Anulus_fibrosus_of_intervertebral_disk_of_cervical_vertebra,http://www.ihtsdo.org/snomed#Structure_of_anulus_fibrosus_of_intervertebral_disc_of_cervical_vertebra,True,1.0
http://bioontology.org/projects/ontologies/fma/fmaOwlDlComponent_2_0#Spinous_process_of_fourth_lumbar_vertebra,http://www.ihtsdo.org/snomed#Structure_of_spinous_process_of_fourth_lumbar_vertebra,True,1.0
http://bioontology.org/projects/ontologies/fma/fmaOwlDlComponent_2_0#Anulus_fibrosus_of_intervertebral_disk_of_fifth_lumbar_vertebra,http://www.ihtsdo.org/snomed#Structure_of_anulus_fibrosus_of_intervertebral_disc_of_fifth_lumbar_vertebra,True,1.0
http://bioontology.org/projects/ontologies/fma/fmaOwlDlComponent_2_0#Sphenomandibular_ligament,http://www.ihtsdo.org/snomed#Structure_of_sphenomandibular_ligament_of_temporomandibular_joint,True,1.0
http://bioontology.org/projects/ontologies/fma/fmaOwlDlComponent_2_0#Oval_window,http://www.ihtsdo.org/snomed#Vestibular_window_structure,True,1.0
http://bioontology.org/projects/ontologies/fma/fmaOwlDlComponent_2_0#Left_foot,http://www.ihtsdo.org/snomed#Foot_artery,False,1.0
http://bioontology.org/projects/ontologies/fma/fmaOwlDlComponent_2_0#Lymph_node_of_upper_limb,http://www.ihtsdo.org/snomed#Upper_limb_lymph_node_structure,True,1.0
http://bioontology.org/projects/ontologies/fma/fmaOwlDlComponent_2_0#Distal_phalanx_of_ring_finger,http://www.ihtsdo.org/snomed#Structure_of_distal_phalanx_of_ring_finger,True,1.0
http://bioontology.org/projects/ontologies/fma/fmaOwlDlComponent_2_0#Inferior_thoracic_aperture,http://www.ihtsdo.org/snomed#Thoracic_outlet_structure,True,1.0
http://bioontology.org/projects/ontologies/fma/fmaOwlDlComponent_2_0#External_iliac_artery,http://www.ihtsdo.org/snomed#Branch_of_external_iliac_artery,False,1.0
http://bioontology.org/projects/ontologies/fma/fmaOwlDlComponent_2_0#Lamina_of_third_thoracic_vertebra,http://www.ihtsdo.org/snomed#Structure_of_lamina_of_third_thoracic_vertebra,True,1.0
http://bioontology.org/projects/ontologies/fma/fmaOwlDlComponent_2_0#Suprachoroid_lamina,http://www.ihtsdo.org/snomed#Structure_of_lamina_suprachoroidea,True,1.0
http://bioontology.org/projects/ontologies/fma/fmaOwlDlComponent_2_0#Antitragus,http://www.ihtsdo.org/snomed#Antitragus_structure,True,1.0
http://bioontology.org/projects/ontologies/fma/fmaOwlDlComponent_2_0#Plantar_calcaneonavicular_ligament,http://www.ihtsdo.org/snomed#Structure_of_plantar_calcaneonavicular_ligament,True,1.0
http://bioontology.org/projects/ontologies/fma/fmaOwlDlComponent_2_0#Set_of_medial_tarsal_arteries,http://www.ihtsdo.org/snomed#Structure_of_medial_tarsal_artery,False,1.0
http://bioontology.org/projects/ontologies/fma/fmaOwlDlComponent_2_0#Lobule_of_parotid_gland,http://www.ihtsdo.org/snomed#Structure_of_lobule_of_parotid_gland,True,1.0
http://bioontology.org/projects/ontologies/fma/fmaOwlDlComponent_2_0#Thoracic_duct,http://www.ihtsdo.org/snomed#Thoracic_duct_structure,True,1.0
http://bioontology.org/projects/ontologies/fma/fmaOwlDlComponent_2_0#Parahippocampal_gyrus,http://www.ihtsdo.org/snomed#Structure_of_parahippocampal_gyrus,True,1.0
http://bioontology.org/projects/ontologies/fma/fmaOwlDlComponent_2_0#Bone_of_trapezium,http://www.ihtsdo.org/snomed#Bone_structure_of_trapezium,True,1.0
http://bioontology.org/projects/ontologies/fma/fmaOwlDlComponent_2_0#Ventral_tegmental_decussation,http://www.ihtsdo.org/snomed#Structure_of_ventral_tegmental_decussation,True,1.0
http://bioontology.org/projects/ontologies/fma/fmaOwlDlComponent_2_0#Fibrous_capsule_of_liver,http://www.ihtsdo.org/snomed#Hepatic_capsule_structure,True,1.0
http://bioontology.org/projects/ontologies/fma/fmaOwlDlComponent_2_0#Nucleus_pulposus_of_intervertebral_disk_of_fifth_cervical_vertebra,http://www.ihtsdo.org/snomed#Structure_of_nucleus_pulposus_of_intervertebral_disc_of_fifth_cervical_vertebra,True,1.0
http://bioontology.org/projects/ontologies/fma/fmaOwlDlComponent_2_0#Dorsal_intercuneiform_ligament,http://www.ihtsdo.org/snomed#Structure_of_dorsal_intercuneiform_ligaments,True,1.0
http://bioontology.org/projects/ontologies/fma/fmaOwlDlComponent_2_0#Intervertebral_foramen_of_third_thoracic_vertebra,http://www.ihtsdo.org/snomed#Structure_of_intervertebral_foramen_of_third_thoracic_vertebra,True,1.0
http://bioontology.org/projects/ontologies/fma/fmaOwlDlComponent_2_0#Mesiobuccal_cusp_of_tooth,http://www.ihtsdo.org/snomed#Structure_of_mesiobuccal_cusp,True,1.0
http://bioontology.org/projects/ontologies/fma/fmaOwlDlComponent_2_0#Articular_facet_of_head_of_fibula,http://www.ihtsdo.org/snomed#Structure_of_articular_facet_of_head_of_fibula,True,1.0
http://bioontology.org/projects/ontologies/fma/fmaOwlDlComponent_2_0#Body_of_fifth_rib,http://www.ihtsdo.org/snomed#Structure_of_shaft_of_fifth_rib,True,1.0
http://bioontology.org/projects/ontologies/fma/fmaOwlDlComponent_2_0#Pyloric_orifice,http://www.ihtsdo.org/snomed#Structure_of_pyloric_ostium_of_stomach,True,1.0
http://bioontology.org/projects/ontologies/fma/fmaOwlDlComponent_2_0#Large_neuron,http://www.ihtsdo.org/snomed#Large_neuron,False,1.0
http://bioontology.org/projects/ontologies/fma/fmaOwlDlComponent_2_0#Glandular_branch_of_facial_artery,http://www.ihtsdo.org/snomed#Structure_of_glandular_branch_of_facial_artery,True,1.0
http://bioontology.org/projects/ontologies/fma/fmaOwlDlComponent_2_0#Lobar_bronchus,http://www.ihtsdo.org/snomed#Lobar_bronchus_structure,True,1.0
http://bioontology.org/projects/ontologies/fma/fmaOwlDlComponent_2_0#Lateral_surface_of_great_toe,http://www.ihtsdo.org/snomed#Structure_of_lateral_surface_of_great_toe,True,1.0
http://bioontology.org/projects/ontologies/fma/fmaOwlDlComponent_2_0#Nail,http://www.ihtsdo.org/snomed#Nail_structure,True,1.0
http://bioontology.org/projects/ontologies/fma/fmaOwlDlComponent_2_0#Basilar_artery,http://www.ihtsdo.org/snomed#Structure_of_basilar_artery,False,1.0
http://bioontology.org/projects/ontologies/fma/fmaOwlDlComponent_2_0#Calcaneal_tendon,http://www.ihtsdo.org/snomed#Structure_of_achilles_tendon,True,1.0
http://bioontology.org/projects/ontologies/fma/fmaOwlDlComponent_2_0#Set_of_sacral_splanchnic_nerves,http://www.ihtsdo.org/snomed#Structure_of_sacral_splanchnic_nerves,True,1.0
http://bioontology.org/projects/ontologies/fma/fmaOwlDlComponent_2_0#Interlobular_bile_duct,http://www.ihtsdo.org/snomed#Structure_of_interlobular_bile_duct,True,1.0
http://bioontology.org/projects/ontologies/fma/fmaOwlDlComponent_2_0#Tenth_innermost_intercostal_muscle,http://www.ihtsdo.org/snomed#Tenth_innermost_intercostal_muscle,True,1.0
http://bioontology.org/projects/ontologies/fma/fmaOwlDlComponent_2_0#Stroma_of_thyroid_gland,http://www.ihtsdo.org/snomed#Structure_of_stroma_of_thyroid_gland,True,1.0
http://bioontology.org/projects/ontologies/fma/fmaOwlDlComponent_2_0#Fissura_antitragohelicina,http://www.ihtsdo.org/snomed#Structure_of_fissura_antitragohelicina,False,1.0
http://bioontology.org/projects/ontologies/fma/fmaOwlDlComponent_2_0#Longitudinal_pontine_tract,http://www.ihtsdo.org/snomed#Structure_of_longitudinal_fasciculus_of_pons,True,1.0
http://bioontology.org/projects/ontologies/fma/fmaOwlDlComponent_2_0#Angle_of_seventh_rib,http://www.ihtsdo.org/snomed#Structure_of_angle_of_seventh_rib,False,1.0
http://bioontology.org/projects/ontologies/fma/fmaOwlDlComponent_2_0#Right_axillary_artery,http://www.ihtsdo.org/snomed#Structure_of_right_axillary_artery,True,1.0
http://bioontology.org/projects/ontologies/fma/fmaOwlDlComponent_2_0#Vermilion_border_of_lip,http://www.ihtsdo.org/snomed#Structure_of_vermilion_border_of_lip,True,1.0
http://bioontology.org/projects/ontologies/fma/fmaOwlDlComponent_2_0#Lingual_septum,http://www.ihtsdo.org/snomed#Structure_of_septum_of_tongue,True,1.0
http://bioontology.org/projects/ontologies/fma/fmaOwlDlComponent_2_0#Deep_circumflex_iliac_vein,http://www.ihtsdo.org/snomed#Structure_of_deep_circumflex_iliac_vein,True,1.0
http://bioontology.org/projects/ontologies/fma/fmaOwlDlComponent_2_0#Set_of_longitudinal_fibers_of_ciliary_muscle,http://www.ihtsdo.org/snomed#Longitudinal_fiber_of_ciliary_muscle,True,1.0
http://bioontology.org/projects/ontologies/fma/fmaOwlDlComponent_2_0#Intervertebral_disk_of_fourth_cervical_vertebra,http://www.ihtsdo.org/snomed#Intervertebral_disc_structure_of_fourth_cervical_vertebra,True,1.0
http://bioontology.org/projects/ontologies/fma/fmaOwlDlComponent_2_0#Auditory_radiation,http://www.ihtsdo.org/snomed#Acoustic_radiations_structure,True,1.0
http://bioontology.org/projects/ontologies/fma/fmaOwlDlComponent_2_0#Transverse_process_of_third_thoracic_vertebra,http://www.ihtsdo.org/snomed#Structure_of_transverse_process_of_third_thoracic_vertebra,True,1.0
